226 300
226 309
227 319
228 329
229 338
229 347
230 357
232 367
235 375
240 383
247 390
254 396
262 402
270 406
279 410
288 414
297 416
306 420
315 423
324 427
333 430
342 432
352 433
361 434
371 434
380 432
387 426
393 418
398 411
403 402
408 394
411 385
415 376
419 368
421 358
423 349
424 340
425 330
425 320
426 311
426 301
340 272
337 279
334 286
328 293
326 300
332 306
338 310
346 312
354 314
362 315
370 315
378 314
384 309
385 301
384 294
381 286
378 278
311 346
313 341
317 335
322 331
327 328
333 325
339 324
345 323
352 324
358 325
365 326
371 327
377 330
381 335
383 341
384 347
384 354
379 358
373 359
366 360
359 360
352 359
346 359
339 358
333 357
327 355
321 352
316 350
315 344
319 340
323 337
327 335
332 334
337 334
342 333
348 333
353 334
358 335
363 336
367 338
372 339
376 342
378 346
379 351
374 352
369 351
364 350
359 350
354 349
349 349
343 348
338 348
333 348
328 348
323 348
317 348
376 260
378 259
381 258
384 257
388 257
391 258
394 259
397 260
399 261
402 263
405 265
402 267
399 267
396 267
393 266
390 265
387 264
384 263
381 262
378 261
320 254
320 252
317 250
314 249
311 249
307 248
304 249
301 249
298 250
295 251
292 252
290 255
293 255
296 256
300 256
303 256
307 256
310 256
314 256
317 255
379 231
383 228
388 226
393 227
398 228
402 230
406 233
410 236
414 239
418 243
421 247
418 248
414 246
409 243
405 241
400 240
395 239
390 239
385 238
381 235
331 223
325 220
317 219
308 219
300 219
292 221
286 225
279 228
272 233
266 238
262 245
270 243
277 240
283 236
290 233
298 232
307 232
315 233
323 233
331 231
