256 308
254 317
253 327
253 338
254 348
255 358
254 368
255 377
255 388
258 398
263 407
269 415
275 423
281 431
287 440
295 446
303 450
313 454
322 458
332 460
342 462
352 463
362 462
372 461
382 459
392 457
401 453
410 447
418 441
425 434
432 426
439 419
445 411
450 401
454 392
458 383
460 373
465 364
465 354
465 344
465 333
343 297
339 303
333 308
330 314
332 321
338 325
345 328
352 329
359 330
367 330
374 331
382 330
388 327
391 320
390 312
387 306
384 298
315 359
318 353
324 349
331 345
337 343
345 343
353 343
361 344
368 344
376 344
383 345
390 349
395 354
400 360
402 367
398 373
393 379
386 382
379 384
372 384
364 384
356 384
349 382
342 381
335 379
328 377
322 372
318 366
321 363
325 360
329 357
334 355
339 354
345 354
350 353
356 354
361 355
366 355
372 356
377 357
381 360
386 362
390 364
389 368
384 370
379 370
373 371
368 371
362 371
357 370
352 369
346 369
341 368
336 367
331 365
326 363
384 267
389 266
393 265
398 265
403 265
408 265
413 265
417 266
422 267
426 269
427 273
423 274
418 275
413 275
409 276
404 276
399 276
394 275
390 274
386 271
337 266
334 263
329 262
325 261
321 260
316 259
312 260
307 261
303 262
299 264
295 266
299 267
303 269
308 270
312 272
316 272
321 271
325 270
329 269
334 269
378 250
383 245
390 241
397 238
404 237
412 238
420 239
426 242
433 246
438 252
441 258
441 265
433 263
427 260
420 256
414 253
407 250
399 251
391 252
384 254
348 247
347 239
341 235
334 233
327 231
319 231
311 232
303 233
297 235
291 240
286 245
282 252
289 251
296 248
303 245
310 243
318 244
325 245
332 246
340 247
