565 758
564 781
563 805
566 829
569 856
572 879
573 903
575 927
579 951
584 976
592 999
604 1019
620 1039
639 1052
662 1061
687 1064
711 1063
735 1060
759 1057
784 1055
808 1055
833 1058
856 1062
881 1065
904 1067
929 1066
954 1062
977 1055
1000 1043
1020 1031
1036 1012
1042 990
1040 965
1039 941
1038 917
1039 893
1043 869
1048 845
1052 821
1057 797
1060 770
752 712
742 728
733 745
724 763
721 782
732 797
749 805
770 810
788 812
809 812
828 811
848 807
864 798
866 779
860 760
853 742
845 723
685 895
694 881
707 869
720 859
734 850
749 843
766 843
782 847
800 847
818 847
833 852
847 860
861 869
874 880
886 893
885 910
870 916
854 920
839 925
824 930
808 934
790 935
774 934
757 930
742 925
727 921
712 915
698 906
689 894
700 888
713 883
726 880
741 879
755 880
769 881
783 882
798 883
812 883
827 884
840 887
853 890
866 895
878 900
869 897
856 894
842 892
828 891
813 891
798 891
784 892
770 892
756 889
743 886
728 885
714 886
701 890
873 662
884 657
894 649
905 642
916 637
927 633
939 630
952 632
963 637
973 645
980 655
985 666
975 672
962 673
949 673
936 671
924 669
911 667
898 666
886 664
729 648
720 640
713 630
704 622
694 617
682 616
670 618
660 622
650 627
640 634
633 644
629 655
639 660
651 661
664 660
676 660
688 658
699 657
712 656
724 657
836 582
844 567
859 559
875 555
893 555
911 556
928 556
946 557
964 558
981 560
995 569
989 583
972 583
955 585
938 587
921 589
903 590
886 591
868 592
850 592
766 578
752 565
736 557
719 551
701 548
683 545
664 544
645 546
628 551
611 558
598 572
615 577
634 575
652 572
671 574
689 577
707 581
724 586
741 592
760 595
