428 425
429 442
430 460
432 480
434 498
435 515
436 535
437 552
440 571
444 587
450 605
459 621
468 637
478 654
487 670
498 683
511 697
524 709
540 719
557 725
575 729
593 733
612 735
629 732
647 725
664 719
682 712
698 707
715 699
730 688
746 678
760 667
773 654
785 641
797 626
806 610
810 592
813 575
816 556
820 538
824 519
591 414
580 424
568 435
562 449
570 463
583 471
600 475
616 478
631 481
646 484
662 484
679 485
694 485
702 472
699 456
692 442
685 426
510 534
522 519
539 510
556 503
574 497
594 494
613 498
630 505
650 508
667 517
682 529
694 545
706 561
711 579
702 596
691 612
678 627
662 638
643 643
623 643
603 639
585 635
567 628
551 618
536 604
524 588
515 571
507 554
513 530
527 522
541 515
557 510
574 508
591 508
608 511
623 516
639 520
654 525
668 533
681 544
693 557
701 571
700 588
688 601
674 609
658 613
641 612
625 609
608 606
592 603
577 598
562 593
547 586
535 574
525 561
516 547
702 394
709 393
717 394
724 396
731 398
738 400
745 402
752 404
759 406
766 409
772 412
766 412
760 408
753 405
746 403
739 401
732 399
724 398
716 397
709 395
598 371
592 369
585 366
579 364
572 362
565 360
558 359
550 359
543 359
535 359
528 357
534 360
541 361
549 361
557 360
564 360
571 363
577 366
584 368
591 369
690 345
702 334
718 331
735 332
751 334
766 337
780 342
793 351
805 363
812 377
816 391
811 400
802 386
792 374
779 364
765 359
749 357
732 357
717 360
702 356
618 320
609 310
597 306
585 303
573 301
561 298
548 296
535 296
523 298
511 302
501 308
512 312
525 312
539 312
551 314
563 316
575 320
587 324
598 328
611 330
