368 498
369 513
370 529
371 546
370 562
371 580
371 596
373 613
374 629
376 645
380 661
390 675
402 684
418 693
432 701
446 708
460 716
476 724
491 729
508 731
525 733
540 733
556 733
572 729
589 723
605 717
619 713
636 706
650 699
663 689
674 677
682 661
688 646
694 632
699 615
705 599
709 585
715 568
721 552
727 538
734 522
515 493
508 504
501 515
496 526
497 539
505 549
517 555
529 558
541 559
554 560
568 561
580 560
591 552
595 541
592 528
588 515
584 502
451 610
462 607
474 605
485 602
497 598
508 595
520 592
531 595
544 596
556 598
566 603
577 609
587 616
597 622
605 630
593 634
582 637
571 642
560 647
549 650
537 651
524 649
513 646
502 641
493 633
483 625
473 618
463 612
470 610
480 610
489 611
499 610
508 609
518 609
527 611
536 613
545 614
554 615
564 616
572 618
581 621
589 624
597 628
589 625
581 623
572 621
563 619
553 618
544 619
534 619
525 617
516 615
507 614
497 614
488 614
478 613
592 455
599 451
605 448
612 444
619 442
626 441
634 441
642 443
648 446
654 452
657 458
655 465
649 467
642 469
634 470
626 468
619 467
612 464
605 461
599 457
503 441
497 436
491 431
484 428
478 425
470 423
462 424
455 426
449 430
443 435
438 442
443 448
450 451
457 453
464 455
472 455
480 454
488 453
495 451
502 448
577 416
589 408
602 403
616 399
631 398
646 397
661 398
676 400
689 405
700 415
707 428
706 437
696 427
682 422
667 421
652 420
637 420
621 420
606 420
590 420
521 396
512 385
499 381
486 378
472 375
457 375
443 377
429 379
417 386
408 397
402 409
398 422
410 416
423 412
437 409
451 408
465 407
480 406
494 404
509 404
