251 245
250 262
250 281
255 298
259 316
264 335
270 352
276 369
285 385
292 401
301 417
311 433
321 448
330 463
343 478
359 486
377 490
394 494
412 496
430 495
448 489
465 483
481 475
498 466
515 460
531 451
546 440
562 432
577 421
591 409
603 395
614 381
627 367
635 352
639 333
641 314
643 296
643 279
643 260
642 243
640 223
357 181
352 195
345 210
338 225
336 241
345 255
360 259
376 264
393 266
409 263
425 260
441 259
454 250
459 235
455 219
448 205
441 189
322 323
329 310
341 300
355 294
370 291
386 293
401 294
417 293
432 296
446 301
461 304
476 308
489 314
498 326
487 338
475 348
462 356
449 364
436 371
422 375
407 380
393 383
377 384
361 382
347 377
336 366
329 352
324 338
324 323
335 317
348 314
361 316
373 318
387 318
401 318
414 319
427 317
440 316
454 315
468 315
481 316
493 319
488 330
477 337
465 341
453 345
440 346
427 348
414 349
401 350
387 351
374 352
361 353
348 351
337 345
329 334
477 144
485 139
492 135
500 131
507 127
515 124
524 123
533 123
541 125
549 129
556 135
556 143
548 146
539 148
530 149
521 149
512 149
503 149
494 149
485 148
358 147
351 143
345 140
337 138
330 137
321 137
314 138
306 139
299 142
293 145
287 151
293 157
300 159
308 160
316 161
323 160
331 159
338 157
345 154
352 152
462 60
473 52
486 48
500 48
514 49
528 50
541 52
555 54
567 58
578 66
585 77
579 86
567 80
554 78
540 77
526 77
512 76
499 75
486 71
474 66
363 74
358 64
347 58
335 57
323 59
311 61
299 64
288 66
278 74
271 83
267 94
265 106
276 104
285 97
296 93
308 91
320 89
332 86
343 83
355 83
