122 897
131 929
148 963
167 994
186 1023
207 1054
223 1084
238 1116
259 1147
279 1177
301 1204
327 1229
353 1251
382 1275
413 1290
445 1305
479 1322
513 1335
543 1347
575 1363
609 1374
646 1377
679 1370
715 1356
749 1352
783 1337
808 1312
827 1284
844 1251
860 1218
876 1186
891 1155
906 1121
922 1089
936 1058
947 1025
960 989
970 955
977 921
982 886
988 848
568 941
562 969
553 1001
552 1030
574 1053
603 1064
635 1071
664 1077
696 1077
726 1065
746 1044
767 1021
786 996
777 968
764 938
754 910
740 878
493 1149
521 1149
549 1149
575 1145
601 1139
627 1135
653 1131
680 1126
704 1119
728 1108
751 1100
776 1093
801 1085
808 1106
797 1130
787 1153
773 1175
753 1195
731 1209
708 1219
683 1226
656 1228
628 1226
604 1219
580 1208
558 1195
537 1179
515 1164
541 1160
561 1161
580 1162
598 1160
617 1158
636 1157
655 1154
672 1150
690 1145
708 1141
724 1134
741 1127
757 1120
774 1115
790 1109
774 1117
758 1125
742 1134
726 1142
709 1150
693 1158
676 1164
657 1166
638 1166
618 1164
599 1164
579 1163
560 1163
723 759
729 743
739 729
751 716
765 706
780 698
795 693
813 691
830 693
847 697
861 705
866 720
857 734
843 744
827 750
811 753
793 755
776 756
757 756
740 757
509 806
506 790
491 779
475 769
459 762
441 760
423 764
407 771
392 780
377 791
363 804
353 819
370 824
387 829
405 833
424 832
442 829
459 823
475 816
491 810
754 657
767 640
780 622
795 605
813 592
831 581
849 571
868 562
889 556
911 558
921 576
907 593
888 603
869 611
851 624
834 637
816 650
798 660
780 671
760 677
531 715
502 702
470 697
436 694
403 691
371 686
337 684
304 686
273 695
244 709
218 729
248 739
281 743
315 741
348 738
380 733
415 732
449 734
482 736
516 738
