158 696
159 734
162 772
166 809
170 850
171 890
176 927
186 964
201 1002
217 1037
232 1072
254 1104
284 1131
313 1157
346 1181
378 1200
414 1219
448 1235
485 1246
525 1254
560 1262
602 1266
641 1259
677 1253
715 1242
750 1225
779 1200
802 1166
823 1133
842 1099
858 1066
876 1029
893 993
910 958
923 923
935 886
952 850
960 810
966 774
970 734
975 694
585 736
575 764
561 795
545 824
542 857
554 888
582 903
614 912
646 919
680 916
714 910
743 893
770 875
792 850
789 818
772 791
755 760
492 1030
515 1025
539 1019
562 1013
585 1005
607 997
630 989
654 984
680 984
703 978
726 971
751 968
776 970
783 993
775 1015
767 1037
754 1058
736 1077
716 1091
693 1100
669 1104
643 1103
620 1097
598 1088
576 1077
555 1065
534 1053
513 1041
530 1026
548 1022
566 1020
584 1017
602 1014
620 1011
638 1008
657 1006
675 1004
694 1002
711 997
728 992
746 988
763 985
776 982
760 988
743 994
728 1003
712 1011
695 1017
678 1022
660 1024
641 1025
623 1027
604 1030
586 1032
566 1032
548 1030
732 595
740 578
751 562
766 548
782 538
798 529
816 524
836 525
854 530
870 539
884 554
891 571
885 588
869 597
850 600
830 602
810 602
791 600
771 598
751 599
514 605
498 592
482 582
464 573
445 569
424 569
405 574
387 580
370 589
354 602
340 617
357 625
375 631
395 635
415 638
436 638
456 637
477 635
496 632
514 625
781 500
790 478
805 458
826 443
847 431
868 418
889 406
911 396
937 395
959 405
976 424
991 444
965 445
940 442
915 446
894 457
872 467
850 476
829 489
807 499
542 541
538 511
505 499
470 491
434 484
397 479
360 476
322 475
285 479
251 489
220 509
197 538
236 538
275 539
313 538
351 535
390 535
427 538
464 542
503 542
