154 428
153 445
152 464
153 485
156 503
161 521
168 540
179 554
192 569
207 582
222 595
235 608
248 620
262 635
276 647
287 663
300 677
316 689
333 695
353 699
371 703
389 702
409 698
426 690
444 680
459 670
476 659
490 646
503 633
515 618
530 605
544 593
558 579
570 564
580 547
588 532
594 512
595 494
598 474
598 456
598 435
286 472
283 486
278 502
283 516
298 518
314 522
327 528
343 529
359 530
374 526
388 520
403 520
419 519
431 509
433 493
425 480
418 466
253 550
273 552
292 554
312 554
331 555
351 556
371 556
390 554
409 552
428 549
446 546
466 545
485 547
476 563
464 577
452 592
437 606
421 616
405 624
388 630
370 634
350 634
332 630
315 622
300 611
286 596
274 581
264 566
268 556
283 560
297 563
311 565
326 567
340 571
355 573
370 573
384 570
398 567
413 564
428 562
442 559
456 557
450 568
438 577
426 585
413 592
400 598
387 603
373 606
357 605
342 603
329 599
316 593
303 585
291 577
280 567
418 377
424 370
431 365
438 361
446 358
454 355
463 354
472 353
481 353
490 354
498 357
494 364
487 367
479 370
471 372
462 374
453 375
445 376
436 378
427 378
295 377
289 370
281 366
273 363
264 360
255 359
246 358
236 359
227 359
218 361
209 364
217 368
225 372
233 376
242 378
251 380
260 381
269 382
279 383
288 382
391 334
402 324
415 317
428 314
443 311
457 309
472 308
487 310
502 312
515 316
525 327
518 337
503 336
489 334
473 334
459 337
446 341
432 344
417 346
402 345
316 341
303 331
287 325
271 322
254 320
238 317
221 314
204 313
187 315
173 322
161 335
175 346
191 348
208 345
224 343
242 345
258 348
274 351
291 352
309 353
