337 460
343 470
348 481
354 493
358 504
363 517
366 529
370 540
374 552
378 564
383 575
389 586
396 596
405 606
414 613
426 619
437 623
450 627
463 629
475 630
487 631
499 632
511 629
523 625
534 620
546 614
557 607
567 600
576 592
584 582
590 571
595 559
599 547
602 536
605 523
606 510
606 498
606 486
606 473
609 461
613 448
445 423
441 433
436 444
432 455
432 466
439 475
450 479
463 481
474 481
485 479
497 476
508 471
515 462
515 450
512 439
507 428
500 418
410 516
420 512
430 508
441 506
453 505
464 507
476 508
488 507
499 507
511 507
523 507
535 507
546 509
548 520
541 529
533 537
524 545
515 551
505 555
494 559
483 561
472 562
461 560
451 555
441 550
432 543
424 535
416 526
418 519
428 519
437 520
447 521
457 520
467 520
476 521
486 520
495 518
504 517
513 515
523 514
532 513
540 516
533 522
525 527
517 533
510 538
502 543
493 546
484 548
475 548
465 548
456 546
448 542
440 537
432 532
425 526
509 397
512 393
515 389
519 386
523 383
527 380
531 379
536 379
541 380
545 382
549 385
552 389
548 392
543 394
539 395
534 396
529 397
524 397
519 397
514 397
434 402
433 398
428 396
423 393
418 392
413 390
408 389
403 391
398 393
393 396
389 399
386 404
391 406
396 407
402 407
407 407
413 406
418 406
424 405
429 404
487 338
492 330
500 324
509 320
519 318
528 320
538 321
547 324
556 328
563 335
570 343
570 351
561 349
552 345
544 341
534 339
524 337
515 339
506 342
496 343
422 353
420 346
414 341
406 339
398 338
390 339
383 341
375 343
368 346
362 352
357 359
352 365
360 366
367 362
374 358
381 356
389 354
396 352
405 353
413 353
