196 495
197 506
202 519
207 531
209 544
213 557
217 569
227 577
239 581
251 585
263 589
275 594
287 598
299 604
312 607
324 609
337 613
350 615
363 616
377 618
389 620
401 621
414 618
427 615
439 610
451 604
459 594
465 583
470 571
478 560
485 549
493 539
499 527
503 515
506 502
508 489
511 477
513 465
511 451
507 439
502 426
386 455
385 465
384 474
387 483
396 486
406 485
417 483
426 482
435 479
445 476
454 473
460 465
460 456
454 447
447 440
440 433
432 426
384 544
391 541
396 535
401 529
408 524
413 518
420 513
427 510
435 509
443 508
450 505
458 506
464 511
471 516
477 520
473 526
469 533
465 540
460 546
453 549
445 550
437 552
430 554
422 553
414 552
406 550
399 548
391 546
391 544
397 543
402 540
408 539
413 536
418 535
424 534
430 532
435 531
441 529
447 529
453 527
458 526
464 524
468 524
462 525
457 527
451 528
446 529
440 531
434 533
429 534
424 536
418 538
412 539
406 540
401 542
396 546
429 397
435 396
441 396
446 395
451 394
457 392
462 391
468 391
474 390
480 389
484 390
479 393
474 395
469 396
463 397
457 397
451 397
445 397
439 397
434 400
362 417
357 416
350 417
344 419
337 421
330 423
323 424
316 424
308 425
301 425
294 424
300 427
308 428
315 428
322 429
329 428
337 427
343 425
349 422
356 420
437 356
436 350
438 344
442 339
447 336
453 334
458 332
464 331
470 332
476 335
480 339
483 345
483 351
477 352
471 349
466 348
460 349
454 351
448 353
443 355
380 363
372 356
362 352
352 353
342 357
331 357
321 360
311 363
302 368
293 375
289 384
298 388
308 386
318 383
328 380
339 378
350 377
361 377
371 375
382 373
