141 144
143 168
145 190
147 215
150 239
155 263
161 285
170 309
180 330
189 351
202 372
214 395
224 417
234 437
249 456
268 471
289 485
308 497
331 509
352 519
373 528
399 535
420 539
446 542
468 537
490 526
511 514
533 501
553 491
574 478
593 463
610 447
623 427
636 406
648 385
658 364
665 342
671 316
679 295
686 270
689 246
459 213
447 228
430 239
416 256
410 275
415 295
431 307
452 310
473 311
494 313
516 314
535 317
553 306
556 286
546 267
543 247
541 225
389 422
392 409
400 399
411 391
421 384
433 379
446 377
459 379
473 379
487 379
500 382
511 387
521 397
525 409
526 423
521 434
514 445
508 457
498 465
485 469
472 470
459 472
446 469
434 465
423 459
412 453
401 445
393 434
409 405
416 404
423 403
429 401
435 399
442 398
448 399
455 401
461 403
468 403
475 404
482 404
489 404
495 408
497 414
494 420
487 420
480 420
473 420
466 419
459 419
452 420
445 418
440 414
434 411
427 410
420 411
413 411
556 161
565 154
575 147
585 143
597 140
609 140
620 143
631 148
640 155
648 164
655 174
647 182
637 188
625 190
613 191
601 190
589 189
578 186
568 181
559 173
420 135
414 124
405 114
395 104
384 97
372 94
359 92
345 94
333 98
322 104
311 111
320 121
329 131
340 139
351 145
363 149
376 152
389 153
402 151
414 146
546 102
560 88
576 83
595 82
613 85
630 88
647 92
664 97
680 102
696 110
707 125
699 139
683 133
667 126
650 122
633 117
617 111
599 108
581 109
562 109
474 65
452 52
428 44
403 37
377 32
351 29
323 29
297 33
272 39
250 52
236 74
263 71
287 64
312 57
338 54
366 53
393 54
419 59
443 67
466 78
