1244 1044
1244 1094
1256 1141
1274 1185
1292 1234
1312 1282
1330 1325
1358 1370
1378 1413
1408 1456
1437 1495
1466 1536
1488 1582
1502 1631
1517 1679
1534 1728
1556 1772
1590 1809
1632 1835
1682 1843
1732 1851
1782 1858
1831 1858
1882 1846
1930 1832
1977 1813
2019 1788
2059 1761
2101 1732
2143 1704
2186 1677
2232 1653
2272 1631
2317 1605
2361 1578
2398 1544
2415 1498
2431 1448
2443 1402
2458 1355
2480 1305
1550 1050
1520 1078
1498 1111
1477 1152
1489 1190
1523 1211
1561 1228
1602 1235
1647 1235
1688 1232
1729 1229
1772 1225
1812 1212
1836 1177
1833 1133
1814 1098
1789 1061
1504 1338
1542 1324
1583 1316
1626 1321
1670 1323
1713 1318
1757 1320
1798 1329
1838 1339
1878 1350
1917 1361
1954 1378
1963 1418
1935 1451
1901 1477
1866 1500
1830 1520
1793 1539
1755 1555
1717 1568
1676 1576
1631 1577
1590 1569
1560 1536
1543 1499
1529 1461
1518 1421
1508 1381
1509 1344
1544 1337
1576 1352
1608 1368
1642 1378
1680 1376
1717 1372
1754 1369
1792 1368
1829 1373
1865 1379
1901 1383
1937 1389
1954 1419
1925 1442
1893 1459
1860 1471
1827 1483
1793 1492
1757 1498
1719 1500
1681 1498
1644 1495
1610 1486
1579 1468
1555 1439
1537 1409
1520 1377
1817 886
1832 873
1848 862
1864 853
1882 848
1901 846
1921 848
1940 851
1958 856
1976 861
1993 866
1993 874
1973 874
1953 874
1933 875
1913 876
1894 877
1874 879
1854 879
1835 882
1529 845
1516 835
1502 825
1488 816
1473 810
1458 805
1441 803
1423 803
1406 803
1389 804
1374 810
1386 823
1400 831
1415 837
1431 840
1448 842
1465 844
1482 846
1499 847
1516 849
1769 759
1781 721
1814 696
1851 680
1889 668
1929 660
1972 656
2014 661
2051 675
2086 697
2115 728
2126 765
2085 756
2048 743
2010 730
1969 723
1926 720
1885 727
1846 737
1809 751
1542 725
1530 700
1508 679
1485 659
1460 644
1434 632
1407 625
1379 632
1356 651
1338 674
1325 699
1313 725
1340 733
1364 714
1387 696
1414 687
1443 691
1470 702
1494 717
1518 732
