294 565
287 584
282 607
284 630
291 652
299 672
308 694
316 714
325 736
336 756
347 774
350 796
354 820
360 842
366 862
381 878
402 886
425 890
446 891
470 894
492 889
512 879
533 871
555 865
577 859
599 853
621 846
641 837
661 828
681 819
702 808
715 790
727 769
735 749
739 726
742 705
746 682
749 659
750 637
753 615
754 591
336 563
328 577
322 593
325 609
335 622
347 635
362 641
378 641
395 637
410 629
427 625
441 617
449 602
447 585
435 573
421 564
412 550
348 686
361 675
377 673
393 670
410 670
426 671
443 673
460 673
475 677
492 675
509 676
523 683
521 698
511 711
501 724
488 735
475 744
461 751
446 757
431 760
415 763
399 766
383 766
368 762
362 747
359 732
355 717
351 701
363 707
369 696
381 692
392 689
405 686
418 686
431 685
444 683
457 681
469 683
482 685
495 684
508 685
520 690
514 700
504 709
494 716
483 722
471 727
459 729
446 731
434 734
421 735
408 736
395 738
382 738
372 730
367 719
462 490
469 487
475 485
482 483
489 482
497 481
504 481
512 481
519 482
526 484
533 487
530 491
522 492
515 493
507 493
499 493
492 493
484 494
477 493
469 492
360 498
355 496
350 495
345 494
340 493
335 493
329 493
324 494
320 496
315 499
312 503
316 504
322 505
327 504
333 504
338 504
343 503
349 503
354 503
359 502
409 436
426 424
444 417
463 411
483 409
505 409
525 412
543 419
561 429
577 441
590 456
578 464
561 453
544 444
524 440
503 442
482 445
462 448
443 452
421 452
365 455
358 450
352 443
344 438
336 434
328 430
319 428
310 428
302 431
296 438
293 446
289 455
298 457
307 457
317 455
326 457
334 460
342 463
351 464
360 463
