286 749
291 772
297 798
301 823
306 849
312 874
321 899
335 921
353 942
372 961
390 978
408 997
426 1015
447 1035
464 1051
484 1069
505 1085
528 1097
552 1105
580 1109
606 1109
632 1109
657 1104
682 1095
704 1081
724 1067
744 1050
766 1035
788 1020
810 1004
831 988
849 969
866 949
881 931
896 909
908 885
918 862
927 835
933 810
938 785
943 758
529 726
514 741
505 765
514 785
533 796
556 799
580 809
602 815
625 816
649 813
673 809
695 804
719 800
734 784
731 761
717 742
698 726
469 912
486 897
507 894
528 889
549 885
570 879
591 874
613 872
636 872
658 876
678 883
697 890
717 897
737 904
748 922
730 936
711 945
692 954
671 959
650 964
628 967
606 968
584 965
564 959
544 952
524 945
506 933
487 924
482 913
501 912
519 911
538 911
557 913
574 916
592 919
610 922
628 923
647 922
665 920
684 920
703 921
722 921
737 923
719 924
700 925
681 924
662 924
644 926
626 928
607 928
590 926
573 921
555 917
537 915
519 916
500 916
720 622
729 613
739 609
751 606
762 605
775 605
787 606
799 607
810 610
821 613
831 620
826 629
815 631
802 631
790 631
778 630
766 629
754 627
744 623
732 621
509 610
497 602
484 598
469 596
454 595
439 596
425 598
411 602
398 606
385 612
373 619
386 623
400 625
416 626
430 627
445 628
461 627
476 626
490 624
504 621
684 533
699 511
723 502
747 493
772 486
798 481
827 481
854 485
878 493
900 509
914 531
921 556
894 552
871 540
847 529
821 525
793 528
767 532
740 536
712 536
537 533
528 513
510 497
489 487
467 482
443 480
420 476
395 477
374 486
356 501
343 520
332 541
357 541
379 536
399 525
421 519
444 522
467 527
490 531
514 530
