15 925
16 1032
11 1139
9 1251
8 1359
3 1469
5 1579
15 1687
10 1799
5 1911
9 2023
12 2124
12 2237
15 2345
75 2443
160 2505
246 2574
334 2637
436 2690
544 2720
654 2736
754 2752
867 2763
977 2748
1081 2704
1178 2661
1268 2605
1350 2530
1426 2440
1486 2358
1547 2264
1605 2169
1652 2070
1701 1975
1750 1869
1783 1769
1809 1660
1820 1549
1830 1444
1847 1332
1862 1219
786 1047
737 1121
670 1202
612 1280
599 1369
678 1429
772 1465
862 1487
960 1515
1050 1526
1150 1508
1242 1493
1324 1429
1341 1341
1302 1246
1255 1164
1215 1069
410 1800
482 1787
560 1786
633 1776
705 1763
778 1753
850 1741
928 1742
1005 1745
1080 1752
1149 1770
1221 1783
1291 1800
1350 1845
1328 1911
1268 1953
1210 2000
1145 2027
1072 2038
996 2043
919 2046
842 2044
767 2036
697 2019
632 1991
571 1953
512 1908
455 1859
550 1811
602 1807
654 1810
706 1814
759 1816
812 1817
864 1821
915 1826
967 1830
1020 1831
1072 1834
1125 1835
1178 1836
1229 1842
1262 1857
1210 1861
1157 1862
1105 1865
1053 1870
1001 1873
948 1875
895 1875
843 1872
791 1867
741 1859
693 1848
646 1835
597 1825
1314 766
1346 737
1383 720
1422 709
1465 704
1509 705
1550 713
1587 727
1623 747
1656 774
1684 807
1664 843
1627 861
1584 858
1539 859
1496 857
1456 847
1418 832
1382 814
1345 798
704 686
668 645
626 610
581 585
534 565
485 550
432 542
377 545
326 557
280 579
238 615
275 656
317 691
361 719
408 737
461 746
515 749
570 746
623 738
674 727
1198 623
1208 544
1274 503
1343 471
1414 447
1490 430
1571 425
1654 426
1732 439
1803 462
1871 498
1894 570
1829 610
1749 603
1672 589
1590 586
1510 592
1432 605
1355 618
1278 631
862 432
811 349
732 285
643 248
546 229
450 207
348 200
251 218
162 255
78 305
-2 364
87 397
190 390
287 371
390 366
484 391
574 425
664 459
752 496
845 524
