21 288
25 303
29 319
31 335
33 351
34 367
37 383
42 398
49 413
57 427
66 440
77 451
91 460
106 467
121 474
136 481
149 487
164 493
181 498
196 501
211 503
228 503
244 500
259 495
274 489
289 483
304 477
319 471
334 463
348 456
362 448
375 437
386 426
396 413
403 399
410 385
416 370
418 353
420 336
421 321
422 304
164 258
161 269
157 281
153 294
154 307
161 318
171 325
184 327
197 329
210 328
223 328
235 326
246 319
253 309
253 295
249 283
244 271
133 380
140 373
148 368
156 362
164 357
173 354
183 354
193 355
203 355
212 353
221 356
229 361
237 366
246 371
253 377
248 385
240 389
232 394
223 397
214 399
205 402
195 403
185 402
175 402
166 399
157 396
149 391
140 387
136 381
143 378
150 375
158 373
166 372
175 372
183 373
192 373
201 373
209 374
218 374
226 375
234 376
242 378
250 380
244 380
236 379
228 378
219 378
211 378
202 378
194 379
185 378
177 377
169 377
160 377
152 378
144 380
264 228
269 221
276 216
284 213
292 211
301 211
310 212
318 215
325 219
332 224
337 231
332 239
325 243
317 245
308 246
299 246
290 245
281 244
273 241
266 237
154 226
150 219
144 213
137 209
129 206
121 205
112 205
104 207
97 211
91 217
84 222
90 228
97 234
104 238
112 240
120 241
129 241
137 240
145 238
152 234
242 194
253 188
264 183
275 179
288 178
301 178
314 179
327 179
339 181
351 184
361 191
354 195
341 196
329 198
316 196
304 195
291 194
279 196
266 198
253 199
168 196
168 181
158 170
145 166
130 165
115 166
100 167
85 166
71 170
59 177
49 188
42 200
55 195
68 188
81 184
96 185
111 186
126 188
139 191
152 196
