201 879
204 917
207 953
214 988
218 1025
220 1063
227 1101
239 1137
252 1173
271 1206
291 1235
315 1265
341 1293
369 1320
396 1343
429 1365
461 1381
494 1395
531 1407
569 1413
607 1412
644 1411
682 1408
715 1396
747 1377
777 1353
802 1322
830 1299
856 1271
872 1239
892 1208
916 1177
934 1144
945 1110
952 1072
954 1034
952 996
951 959
951 921
952 884
949 845
520 873
503 901
490 928
487 960
495 992
515 1015
548 1019
577 1016
611 1014
642 1017
672 1011
707 1008
731 990
740 959
731 927
714 900
693 876
451 1168
474 1162
496 1155
518 1147
540 1137
561 1129
586 1126
611 1127
636 1128
660 1125
684 1121
710 1122
734 1125
757 1131
775 1143
755 1157
735 1170
713 1179
691 1187
668 1192
644 1195
618 1196
594 1192
571 1186
548 1181
524 1177
500 1173
476 1170
456 1168
478 1163
499 1159
522 1155
543 1151
566 1149
590 1150
612 1154
635 1154
657 1150
678 1145
700 1140
723 1139
747 1138
770 1138
749 1142
727 1144
704 1147
682 1150
661 1155
639 1160
615 1160
593 1157
570 1156
547 1159
525 1162
502 1164
480 1167
693 737
703 726
713 715
723 704
734 694
747 689
762 688
776 691
790 695
803 699
815 705
820 717
807 722
793 725
779 727
763 727
748 726
733 726
720 730
707 735
469 733
459 722
447 712
435 705
422 702
408 700
393 702
380 706
368 713
356 721
344 730
357 734
370 740
383 744
398 745
413 745
427 742
441 740
456 741
470 744
653 619
676 601
703 593
732 587
763 587
792 591
819 600
847 608
872 622
891 645
899 672
895 700
869 690
843 680
816 669
789 660
761 654
733 647
705 640
677 635
518 634
493 612
463 602
431 595
398 591
364 593
334 602
305 616
278 635
255 660
242 689
247 722
280 719
308 702
336 686
364 672
394 661
425 654
460 652
494 650
