1327 1264
1337 1306
1342 1355
1350 1404
1355 1452
1361 1500
1375 1545
1397 1588
1429 1621
1467 1653
1502 1685
1536 1720
1569 1755
1604 1785
1640 1816
1677 1847
1720 1874
1761 1897
1804 1916
1854 1924
1900 1922
1950 1923
1998 1920
2044 1908
2085 1883
2121 1856
2157 1820
2184 1783
2213 1746
2242 1707
2268 1666
2297 1625
2322 1583
2340 1543
2353 1497
2359 1448
2362 1399
2365 1351
2369 1304
2371 1257
2379 1206
1815 1130
1784 1154
1755 1183
1738 1219
1756 1255
1788 1283
1825 1298
1866 1302
1906 1313
1947 1319
1983 1307
2022 1290
2055 1266
2078 1233
2067 1194
2045 1158
2020 1124
1619 1455
1659 1437
1700 1420
1740 1401
1784 1391
1831 1386
1876 1380
1924 1379
1972 1381
2021 1381
2066 1389
2108 1403
2146 1426
2178 1461
2149 1498
2122 1535
2095 1572
2059 1600
2017 1615
1973 1624
1926 1628
1878 1627
1832 1622
1789 1610
1748 1591
1712 1562
1680 1527
1650 1491
1645 1455
1680 1445
1718 1448
1757 1450
1797 1450
1836 1453
1874 1457
1912 1461
1951 1463
1989 1461
2028 1458
2067 1457
2105 1452
2142 1457
2128 1490
2098 1513
2064 1527
2030 1537
1993 1545
1956 1550
1918 1553
1878 1554
1839 1552
1802 1546
1767 1535
1734 1520
1702 1503
1670 1485
2021 973
2042 960
2062 946
2083 933
2105 922
2127 912
2150 904
2175 901
2200 905
2222 914
2242 930
2242 955
2221 969
2198 977
2174 982
2148 980
2123 976
2098 973
2072 973
2046 975
1709 963
1689 952
1670 939
1650 927
1629 919
1605 917
1580 917
1557 920
1536 930
1519 946
1505 965
1524 980
1545 988
1568 992
1592 993
1616 992
1639 988
1662 983
1685 980
1709 978
1971 818
1977 775
2001 740
2037 719
2078 709
2122 706
2166 704
2210 707
2251 717
2286 742
2309 776
2321 816
2299 838
2268 808
2229 795
2185 791
2140 792
2096 796
2053 802
2011 810
1811 787
1787 740
1739 717
1683 712
1627 719
1574 730
1522 743
1471 760
1426 789
1392 834
1373 883
1363 937
1410 913
1444 869
1488 834
1540 821
1596 816
1651 808
1707 803
1763 809
