356 521
359 535
362 550
368 563
375 577
381 591
389 604
397 616
406 629
416 641
425 652
437 663
448 672
460 681
472 690
485 699
498 707
512 713
526 718
540 721
555 723
570 723
585 722
600 719
613 712
626 702
635 691
646 680
659 672
670 661
679 650
689 638
698 625
705 613
714 600
719 586
721 570
723 556
724 541
724 526
724 510
544 522
538 531
533 541
532 552
537 561
547 565
559 566
570 566
581 567
593 569
603 568
615 564
623 558
628 547
625 537
620 527
616 515
508 614
517 611
528 611
537 610
547 608
558 607
568 607
579 607
589 606
598 604
608 603
618 602
629 601
638 599
637 606
629 613
621 620
613 627
604 631
595 632
584 632
573 632
563 632
553 631
544 627
535 624
526 621
517 617
518 615
527 616
536 616
545 616
554 617
563 617
572 616
581 617
590 616
598 614
606 612
615 610
623 609
631 607
638 605
630 608
622 610
613 611
605 613
597 615
588 616
580 617
571 617
562 617
553 618
545 618
536 617
527 616
616 457
618 450
622 443
628 438
635 435
642 432
649 430
657 429
665 430
672 433
677 439
679 446
673 452
667 457
660 460
653 463
646 465
637 465
630 463
622 462
514 460
508 453
501 449
494 446
485 445
477 447
469 449
462 452
455 456
448 461
442 467
449 472
456 476
464 479
472 479
481 479
489 478
497 476
505 472
511 468
609 435
615 422
626 412
638 404
651 398
665 394
678 389
693 390
705 398
713 410
717 424
718 439
709 427
702 415
689 408
675 409
661 414
648 420
636 427
624 434
489 417
479 411
469 409
457 409
445 410
435 413
425 417
415 422
406 427
397 435
393 445
403 443
413 439
423 434
433 428
443 425
454 423
466 423
477 424
489 425
