459 613
464 629
469 647
474 665
479 681
485 699
491 716
499 733
506 748
515 765
523 780
532 797
541 812
552 826
565 840
578 851
593 862
609 868
627 872
645 873
663 874
681 873
697 867
715 862
731 853
743 840
755 827
770 816
781 803
792 788
801 773
809 756
816 740
821 723
826 705
831 687
835 670
840 653
844 635
848 618
853 599
578 590
569 599
564 612
565 624
574 634
586 640
600 643
613 643
626 644
640 642
652 638
665 634
675 624
676 612
672 598
665 588
654 578
549 698
562 692
577 689
593 689
608 691
623 692
638 691
654 691
670 692
686 693
701 693
717 695
726 706
717 719
707 730
696 741
684 751
671 759
658 764
644 769
629 771
613 772
599 769
586 762
575 750
567 738
560 725
554 712
551 705
563 703
575 701
587 701
599 703
611 703
623 702
635 700
648 701
660 702
672 703
684 704
696 705
703 714
694 722
684 729
674 734
663 738
652 741
641 744
630 747
617 747
605 745
594 743
583 739
573 732
564 725
555 715
668 526
672 518
679 513
686 509
694 505
701 502
709 500
718 500
727 501
735 504
742 508
743 516
736 520
729 524
720 526
712 527
703 527
694 527
685 526
677 527
570 523
564 517
558 513
552 510
545 509
537 508
529 509
522 511
516 514
510 519
504 524
510 529
516 533
522 536
530 537
538 536
545 535
552 534
559 531
565 529
653 480
658 466
668 454
680 445
694 440
710 439
725 443
740 445
754 450
767 457
777 469
784 482
769 483
756 476
742 471
727 468
712 469
697 472
683 476
668 480
559 471
556 460
549 451
539 445
529 442
517 443
507 446
497 451
487 457
477 462
468 469
464 479
474 477
485 474
495 470
506 467
518 467
529 469
539 472
549 477
