70 92
70 104
70 117
70 129
71 142
73 154
76 167
81 177
86 190
91 201
97 211
104 223
111 234
118 244
126 254
134 263
144 272
154 278
165 285
175 291
187 296
200 301
212 302
224 303
237 301
248 295
257 287
265 276
272 267
281 256
288 246
296 236
303 226
310 216
318 205
325 196
332 185
339 175
346 164
351 152
357 141
231 152
225 157
220 166
219 175
223 183
229 190
238 188
246 191
253 197
261 201
270 200
279 196
287 191
292 184
293 175
290 167
286 158
187 220
195 220
204 221
212 221
221 220
229 219
237 218
246 219
254 219
263 219
271 220
278 224
281 231
278 238
273 245
268 252
262 258
256 262
248 265
239 265
231 263
224 261
217 257
210 253
204 247
198 241
193 234
190 227
193 223
198 225
204 227
209 229
216 229
222 230
228 231
234 232
240 233
246 234
252 235
259 235
265 235
272 234
275 234
269 236
264 238
257 238
251 238
245 239
238 238
232 236
226 235
220 234
215 232
209 231
203 228
198 225
294 100
296 95
300 91
305 89
309 87
315 87
320 87
326 88
331 89
335 92
339 95
338 100
334 103
329 105
324 107
319 107
313 106
308 105
303 104
298 102
229 94
226 89
221 85
216 81
211 79
205 78
199 76
192 76
186 77
181 79
175 82
180 86
185 91
190 94
195 97
201 98
207 99
213 100
220 99
226 99
302 78
307 73
312 68
318 65
324 62
331 61
337 59
344 57
351 57
358 57
364 61
363 66
356 67
349 68
342 69
336 72
329 74
323 75
316 76
309 78
263 73
254 65
243 60
232 55
221 50
210 47
198 44
185 43
172 43
160 45
147 47
159 51
170 54
183 56
195 58
207 61
218 66
229 70
240 74
252 77
