192 251
191 258
191 266
191 273
191 281
191 289
192 296
192 303
194 310
197 318
199 325
202 332
206 338
212 343
217 348
221 354
226 360
233 364
240 367
246 369
254 369
261 369
269 368
276 367
284 367
291 366
299 364
305 361
313 359
320 356
326 353
332 348
338 343
343 338
347 332
350 325
352 318
354 311
357 303
359 296
361 289
254 254
250 258
245 262
242 268
243 273
248 278
253 281
259 283
266 284
271 285
278 285
284 284
290 281
293 276
291 270
288 264
286 258
225 299
231 298
238 297
244 296
250 296
256 297
262 299
268 298
275 299
280 300
286 304
291 307
296 309
302 312
300 318
295 322
289 324
283 326
277 326
271 327
264 326
258 326
252 324
247 321
242 318
237 314
232 309
228 304
226 301
232 302
237 303
242 305
247 306
252 307
258 308
263 309
268 310
274 310
280 310
286 309
291 310
297 311
301 314
295 314
290 313
284 313
279 312
273 312
268 312
262 312
257 311
251 309
246 308
241 307
236 305
231 303
294 227
298 225
302 223
306 222
310 222
314 223
318 224
321 226
325 227
328 230
331 233
328 236
324 236
320 237
315 236
312 235
308 234
304 233
300 232
297 230
250 220
249 218
246 217
243 216
240 215
237 215
234 214
231 214
228 215
225 216
222 217
224 220
227 221
229 222
232 223
235 223
239 223
242 223
245 223
248 222
292 203
298 199
305 196
312 195
320 194
327 194
335 195
342 196
349 200
354 205
356 212
349 209
343 206
336 204
328 203
321 204
313 204
306 206
299 209
292 211
258 201
255 197
252 194
247 191
243 189
239 188
234 187
230 186
225 185
220 185
216 187
218 191
223 192
228 193
232 195
237 197
241 199
245 200
249 202
254 203
