103 281
106 289
109 297
112 305
115 313
117 321
120 329
124 337
128 345
132 352
138 359
144 365
150 371
156 376
164 381
171 384
178 389
185 395
192 399
200 402
209 404
217 404
226 403
234 401
241 396
248 391
254 384
259 378
266 372
272 366
277 359
283 353
287 346
291 338
295 330
298 322
300 313
302 305
303 297
304 288
305 279
187 284
184 290
183 297
182 303
187 308
194 310
200 312
208 314
214 315
221 316
227 314
234 311
240 308
246 304
247 297
246 290
243 284
166 338
174 338
181 337
189 337
196 335
204 335
211 337
218 335
225 332
233 332
240 334
247 336
255 336
260 339
254 345
249 351
244 356
238 361
231 365
224 367
217 368
209 367
202 365
195 362
189 357
184 352
178 346
172 342
173 340
179 341
185 342
190 343
196 344
202 345
208 345
213 345
219 344
224 343
230 342
236 341
241 340
247 339
249 339
244 340
238 342
233 344
228 347
223 349
217 349
212 350
206 349
201 346
196 344
190 343
185 342
179 342
240 246
243 243
246 240
250 238
254 236
258 235
262 234
266 235
271 236
275 237
278 239
278 243
274 244
270 245
266 246
262 247
257 247
253 247
248 247
244 247
182 247
178 245
175 244
171 243
167 242
163 242
159 242
155 242
151 243
148 245
145 248
148 250
152 251
155 252
159 252
163 252
167 252
171 251
175 250
179 250
235 229
238 224
243 221
249 218
255 217
261 216
267 215
273 214
280 214
286 215
292 217
291 222
284 223
278 223
272 224
266 225
260 226
254 228
247 228
241 229
193 227
187 222
180 221
172 221
164 221
156 222
148 221
141 221
134 223
127 226
121 232
129 234
136 232
143 230
150 230
158 230
165 231
173 233
180 233
188 232
