210 269
211 277
212 287
213 296
215 305
217 314
219 323
222 331
226 340
230 348
236 355
242 362
248 369
254 376
262 381
269 387
275 394
281 400
289 405
296 411
305 413
314 415
323 414
332 414
340 410
347 404
352 396
357 389
362 381
367 373
372 366
378 359
385 352
391 345
396 338
401 331
406 323
410 314
412 305
413 296
415 287
315 277
310 283
307 291
307 300
311 307
317 313
324 318
331 321
339 324
348 324
356 320
363 318
370 312
372 304
370 296
368 288
363 280
267 326
277 325
288 326
298 327
308 328
318 327
328 328
339 328
349 328
360 328
370 328
379 330
374 338
370 347
365 355
360 364
355 372
347 379
339 383
328 383
318 382
309 379
301 374
293 368
286 360
281 352
276 343
272 335
273 329
281 329
289 329
297 331
305 333
312 335
319 336
327 338
335 339
343 338
351 338
359 337
367 335
368 341
363 347
357 353
351 359
345 363
338 367
330 368
322 367
315 365
308 362
301 358
295 352
289 347
283 341
278 335
365 253
368 250
372 249
375 248
380 248
384 248
388 249
392 249
396 250
399 251
403 253
401 255
397 256
393 256
389 256
385 255
381 255
377 255
373 254
369 254
310 247
305 244
301 241
295 240
290 239
284 239
279 238
273 239
268 240
262 241
257 242
263 244
268 245
273 247
278 247
284 248
289 249
295 249
301 250
306 250
362 236
366 232
371 230
376 229
381 228
387 227
393 228
398 228
404 228
409 229
413 233
411 238
405 238
399 238
394 238
388 238
382 238
377 239
371 239
366 240
321 233
321 225
314 221
307 218
299 216
291 214
283 213
275 213
267 215
259 218
253 223
249 230
257 229
265 227
273 225
281 224
290 225
298 227
305 230
313 233
