745 704
748 732
751 763
754 794
763 823
773 851
784 881
798 910
812 938
830 963
853 984
874 1004
898 1024
920 1046
942 1065
970 1083
995 1097
1024 1109
1054 1116
1085 1126
1115 1127
1145 1122
1176 1116
1201 1102
1222 1078
1241 1054
1259 1031
1273 1001
1285 975
1299 947
1309 917
1320 888
1336 863
1347 832
1352 805
1362 773
1369 744
1371 712
1373 684
1373 651
1370 620
1051 632
1042 650
1034 669
1025 687
1028 707
1042 720
1061 723
1080 721
1102 718
1123 717
1141 715
1162 711
1180 703
1188 684
1183 665
1172 648
1158 632
987 848
1002 830
1020 815
1039 800
1058 788
1081 783
1104 780
1128 778
1152 778
1174 784
1195 793
1210 812
1212 835
1208 858
1201 879
1193 900
1184 921
1174 941
1156 957
1135 966
1112 970
1089 967
1067 961
1049 945
1035 926
1023 907
1009 888
996 869
997 849
1008 833
1024 824
1041 815
1059 808
1077 803
1096 799
1114 795
1134 793
1154 793
1173 796
1190 805
1205 819
1204 840
1194 856
1183 872
1174 888
1164 904
1151 920
1136 933
1118 937
1097 938
1080 930
1064 920
1048 908
1033 894
1018 881
1006 866
1161 553
1170 545
1180 539
1191 534
1201 530
1213 527
1224 525
1237 525
1249 527
1260 531
1269 538
1265 548
1255 556
1244 559
1232 560
1219 561
1207 559
1196 556
1185 554
1172 555
1016 557
1006 550
995 544
984 539
972 537
960 535
947 536
936 540
925 546
915 554
908 564
917 573
928 579
940 581
952 579
965 578
977 575
989 573
1000 570
1012 567
1168 457
1180 439
1199 431
1221 426
1244 424
1267 425
1289 429
1308 440
1322 457
1332 476
1339 497
1335 514
1323 495
1311 477
1294 461
1274 454
1253 460
1232 466
1210 469
1187 466
1048 480
1039 457
1017 443
993 436
968 431
941 428
914 429
890 437
869 451
852 472
841 494
832 518
853 504
874 488
897 478
922 472
949 472
974 478
999 484
1024 489
