339 377
344 393
351 410
359 425
369 440
379 454
391 466
405 478
419 489
434 498
449 505
467 512
483 518
500 523
517 528
533 532
550 537
568 540
586 543
604 541
620 538
636 533
652 522
664 511
676 497
687 483
697 470
708 454
716 440
725 424
731 407
735 391
738 374
740 356
742 339
743 321
743 304
742 285
742 267
741 250
740 232
547 318
545 329
542 340
540 351
544 362
553 368
565 368
576 367
587 363
596 356
607 354
618 350
625 341
624 330
619 320
613 310
605 301
546 451
551 441
556 433
562 424
568 415
574 407
583 400
592 397
603 395
613 393
623 395
632 400
641 407
649 414
657 421
656 432
653 441
648 450
642 459
633 465
623 468
613 471
603 473
592 472
582 471
572 468
563 463
554 458
550 450
556 444
561 438
566 432
572 427
579 423
585 419
593 417
600 415
608 414
615 413
623 413
631 415
638 418
645 421
647 427
640 431
634 435
626 438
620 441
613 444
606 446
598 447
590 447
582 447
574 447
565 447
557 448
607 244
606 237
611 231
617 226
623 221
630 218
637 216
645 215
653 215
660 216
667 219
668 226
664 233
659 238
652 242
645 244
637 245
630 246
622 247
614 247
505 267
498 262
491 259
483 257
474 257
465 257
457 259
450 263
443 268
437 274
431 281
438 284
446 287
454 288
463 288
472 286
480 284
487 281
494 277
502 274
581 203
588 192
599 186
610 179
621 173
632 167
644 164
657 162
670 163
682 167
693 174
688 182
675 180
661 180
649 184
638 189
626 194
615 200
604 206
592 209
535 217
519 213
502 213
484 212
467 211
449 211
433 214
418 221
405 232
392 244
383 258
398 251
412 244
427 236
443 232
460 231
477 231
495 232
512 233
529 230
