196 304
195 311
196 319
197 327
198 335
199 343
200 351
201 359
202 366
204 374
207 381
210 388
216 394
223 396
232 396
240 396
247 394
255 394
263 393
271 392
279 392
286 391
295 391
302 390
310 388
317 386
325 384
333 382
340 380
348 376
354 373
361 369
368 365
374 359
379 353
383 346
386 339
389 332
392 325
394 317
396 309
234 267
231 273
231 280
231 287
234 293
239 297
245 295
252 295
259 296
266 296
272 296
279 296
284 291
283 285
282 278
280 271
281 265
219 331
223 326
227 321
231 316
236 313
242 312
249 313
254 311
260 310
266 311
272 313
277 316
283 319
288 320
294 322
298 327
294 332
288 333
282 333
276 334
270 334
263 335
257 335
250 334
244 334
238 333
232 332
225 333
224 332
229 329
233 325
238 324
243 323
249 322
254 322
260 323
266 323
271 323
277 324
282 325
287 326
292 328
297 328
292 328
286 328
281 326
276 325
271 324
266 323
260 323
254 323
249 323
243 323
238 324
233 326
229 330
297 248
299 245
302 243
305 241
308 240
311 239
315 239
318 241
321 242
324 243
327 245
329 248
326 250
323 250
319 250
315 250
311 250
308 251
304 251
300 250
246 247
245 245
242 243
239 243
235 242
232 243
229 244
227 246
224 247
222 250
220 253
221 256
224 257
227 256
230 255
233 254
236 253
239 252
242 251
245 250
290 218
294 211
301 209
309 208
317 209
325 210
332 212
339 214
345 218
352 223
357 229
353 232
347 227
341 222
334 219
327 217
319 217
312 220
305 222
298 219
253 226
252 223
249 221
246 219
242 219
239 220
235 221
232 221
228 223
225 224
222 227
221 230
224 231
228 230
232 230
235 231
239 231
243 230
246 229
250 228
