526 581
528 601
531 622
534 644
536 666
541 687
547 709
555 730
564 749
574 768
585 786
599 804
613 820
625 838
637 855
652 873
668 887
687 897
708 904
729 907
752 908
773 907
794 901
814 893
831 881
848 866
864 852
882 840
901 826
917 811
930 796
945 779
959 763
970 744
979 725
988 704
995 683
1002 663
1007 642
1010 621
1010 597
714 600
705 619
694 638
685 658
682 679
695 696
714 707
731 718
752 725
774 721
793 711
812 702
827 685
826 664
823 643
814 623
806 601
650 773
665 771
678 775
693 777
709 778
723 781
736 788
752 787
767 785
782 784
797 786
813 787
827 784
841 788
831 800
819 809
806 816
793 822
779 827
765 830
749 832
734 830
720 827
706 822
693 816
681 807
669 796
659 785
665 776
676 780
687 783
697 786
708 789
719 791
730 793
742 794
754 795
766 794
778 794
790 793
802 793
814 793
825 791
814 793
802 793
790 793
778 794
766 794
754 795
742 795
730 793
719 791
708 789
697 786
686 783
676 780
820 509
828 500
836 492
846 486
855 481
866 478
877 477
888 478
899 481
909 485
918 492
917 503
908 510
898 513
887 515
876 516
864 516
853 514
843 511
832 509
699 503
691 496
682 490
673 485
664 482
653 480
643 480
632 480
622 483
613 487
605 495
612 504
621 509
630 513
640 516
651 517
661 516
671 513
680 510
691 509
801 421
813 403
832 393
854 389
877 389
900 389
922 387
944 384
964 390
978 406
983 427
984 450
968 455
953 438
934 428
912 425
889 426
866 427
844 429
821 430
723 439
724 416
705 403
683 397
660 393
638 388
615 385
590 385
569 393
551 407
537 426
531 448
548 466
568 456
584 438
606 431
630 430
654 431
676 435
699 440
