303 447
308 457
314 468
319 480
323 491
327 503
333 514
337 525
343 536
350 547
359 556
368 563
378 571
388 578
398 585
408 591
420 597
430 602
442 609
452 612
465 616
477 620
489 622
502 622
513 620
525 615
536 609
544 600
551 590
557 579
562 567
566 556
571 545
576 533
581 523
585 511
589 499
592 487
593 475
596 463
600 450
472 435
469 446
465 455
463 466
466 476
473 484
483 488
493 491
504 491
515 491
526 487
534 479
539 469
539 459
535 449
529 440
523 430
434 522
442 521
452 521
461 520
470 519
480 518
489 518
498 517
508 516
517 515
525 513
534 512
543 511
548 517
545 526
540 533
533 539
525 543
517 545
508 546
499 548
489 548
480 547
472 544
464 541
456 537
449 532
441 527
434 522
441 521
448 522
456 522
464 521
472 522
480 522
487 522
495 522
503 522
511 521
518 519
525 519
533 518
537 519
530 521
523 523
516 525
509 527
501 528
494 528
486 529
478 529
470 529
463 528
455 527
448 526
440 525
510 382
512 377
517 373
522 370
527 367
533 366
539 365
545 364
551 364
556 366
561 370
561 376
556 380
550 381
544 382
538 383
532 383
526 383
520 385
515 386
443 387
438 381
431 378
423 376
415 375
407 376
399 378
392 380
385 383
378 387
371 391
377 397
384 400
392 402
400 403
408 402
416 401
424 398
431 396
438 393
515 348
517 340
523 335
530 330
537 327
544 323
551 320
559 318
567 316
575 317
581 322
579 329
571 329
563 330
555 332
548 335
542 339
535 344
528 349
521 352
449 341
438 335
425 334
411 334
398 332
385 332
372 335
361 340
351 347
340 354
330 363
342 359
353 354
365 350
377 347
390 346
403 347
416 349
428 351
441 350
