575 709
581 733
588 757
596 778
602 802
610 825
618 850
626 872
639 891
659 909
675 925
696 939
717 952
738 966
759 978
780 990
802 1002
825 1011
849 1015
872 1016
898 1016
922 1014
945 1013
965 999
987 985
1006 971
1027 957
1047 944
1066 928
1083 911
1097 892
1108 868
1116 846
1124 822
1128 797
1132 775
1137 749
1139 725
1142 702
1145 676
1148 652
836 678
831 697
824 715
814 734
813 754
826 769
845 774
865 774
886 773
907 770
927 769
946 772
964 763
972 745
969 724
965 704
959 684
798 885
810 872
823 862
836 853
850 845
864 839
879 835
896 835
914 835
931 835
945 840
959 848
973 856
984 869
989 883
981 897
969 909
956 920
943 928
927 932
911 934
895 936
878 935
863 931
849 925
835 918
822 907
809 897
808 882
819 877
830 872
841 868
853 863
864 860
877 857
890 856
903 855
916 854
929 854
942 856
953 861
964 866
975 871
974 881
962 884
949 885
936 886
923 888
910 889
897 889
883 890
871 892
858 891
844 891
831 890
819 887
960 607
966 595
975 584
986 575
998 569
1011 565
1025 563
1040 563
1053 567
1064 575
1073 586
1069 599
1060 610
1048 617
1035 623
1022 626
1008 627
993 627
979 624
967 618
809 611
803 599
793 589
782 581
769 576
756 573
742 573
729 575
716 579
705 587
694 597
699 609
708 620
720 626
733 629
746 631
761 631
775 630
788 627
800 621
954 534
968 520
985 513
1002 507
1021 503
1040 500
1060 499
1080 500
1099 504
1116 512
1129 526
1113 531
1095 526
1076 525
1057 528
1039 533
1021 538
1003 543
985 548
966 549
822 533
805 522
786 517
766 514
745 511
724 510
703 512
683 516
665 524
648 536
635 553
656 553
676 550
696 545
717 543
737 546
757 549
778 553
798 555
818 551
