155 391
155 403
157 416
161 429
164 442
168 454
172 466
177 478
185 487
195 497
204 505
216 513
227 519
239 525
250 530
262 535
276 537
289 539
301 538
314 537
327 534
340 532
353 527
364 521
375 514
386 507
397 500
408 494
420 487
430 480
440 471
448 461
454 450
459 438
462 424
464 411
465 399
464 385
465 373
465 360
464 346
221 340
218 350
216 361
219 372
228 378
238 376
250 371
259 366
269 361
281 359
292 359
302 357
309 348
307 338
300 329
290 322
281 315
231 428
237 422
243 416
250 411
258 407
266 406
273 403
281 400
290 399
298 399
307 398
316 398
325 398
334 398
342 399
335 401
327 403
318 404
310 406
302 408
294 411
287 414
279 417
271 419
262 420
255 422
247 425
239 428
236 426
240 420
246 415
252 411
259 408
266 406
274 405
281 403
288 401
295 400
303 400
311 400
319 400
327 399
334 399
327 400
319 400
311 401
303 401
296 401
288 402
281 403
274 405
267 407
260 409
253 411
247 415
241 420
304 292
307 286
311 280
315 275
320 271
327 268
333 267
340 267
347 268
353 270
359 273
362 278
356 281
350 284
343 286
337 287
331 289
324 290
317 292
311 293
229 313
226 308
221 305
216 303
211 301
205 302
199 302
194 304
189 308
184 312
182 317
180 322
185 324
191 324
197 323
203 322
208 321
214 320
219 318
224 316
266 247
276 235
289 229
304 226
319 223
334 222
350 221
365 224
378 229
391 238
400 250
393 258
380 250
367 244
353 240
338 238
323 241
309 246
295 250
280 252
218 268
216 259
206 256
197 259
188 263
179 267
171 273
164 280
156 288
152 296
150 306
150 316
155 309
159 300
165 292
173 286
181 281
191 279
200 276
209 272
