275 535
275 550
276 563
278 579
280 595
283 609
286 623
289 638
295 652
302 665
312 677
322 688
331 699
339 711
350 724
360 734
372 744
386 751
399 756
413 759
428 762
444 760
458 756
472 752
486 745
496 733
506 723
515 711
526 701
536 690
546 677
554 665
562 653
570 640
575 626
578 611
581 596
584 581
586 567
586 551
584 536
406 522
401 531
397 541
394 551
397 561
404 569
413 576
424 578
434 577
444 575
455 576
465 575
475 568
481 560
479 549
477 539
475 528
372 634
381 631
389 629
397 625
406 623
415 621
424 623
433 625
443 625
452 627
461 629
469 632
477 635
485 639
485 648
478 654
470 658
462 661
453 664
445 666
435 667
425 667
416 666
407 664
399 660
391 655
384 649
379 641
375 634
383 634
390 633
398 635
406 635
414 637
422 637
429 639
437 639
445 639
453 640
461 640
469 641
477 641
486 641
478 642
470 641
462 641
454 641
446 640
438 639
430 639
422 638
414 638
406 637
399 635
390 635
383 635
482 451
487 446
493 443
499 441
507 441
513 443
520 444
526 446
532 449
538 453
543 457
539 461
533 463
526 464
519 464
512 464
505 463
499 461
493 458
487 455
389 447
382 444
376 441
369 439
363 437
355 436
348 435
340 436
333 437
327 440
322 446
327 451
334 454
340 457
348 457
355 456
363 455
370 454
377 453
384 453
456 415
463 401
475 390
490 382
506 379
522 377
539 379
554 384
568 392
580 403
589 417
593 433
582 443
569 432
555 424
540 420
523 419
506 419
488 419
471 419
415 402
407 388
394 379
380 372
365 368
348 366
333 369
319 376
306 386
294 398
287 412
284 428
297 422
311 415
326 408
341 406
358 407
374 409
390 412
406 415
