264 370
265 384
267 398
270 412
274 426
277 441
280 455
283 468
287 482
291 495
298 509
306 520
316 530
327 540
339 548
352 555
364 561
378 565
392 568
406 571
420 574
435 573
448 569
462 563
475 556
486 548
498 541
511 533
521 523
530 511
537 499
542 486
547 472
551 459
554 445
554 430
555 416
557 401
558 386
558 372
556 358
405 386
400 395
392 402
388 411
389 422
398 428
408 431
418 434
430 436
440 434
450 431
461 428
470 423
469 412
462 404
455 395
451 385
372 475
378 468
386 464
394 461
402 458
411 456
420 456
430 456
439 455
448 456
457 458
465 460
473 464
481 467
484 476
479 484
473 490
465 494
456 497
447 499
438 499
428 499
419 499
409 499
401 496
393 492
386 486
378 482
376 474
382 471
388 469
395 469
402 468
409 467
417 467
424 467
431 467
439 466
446 466
453 467
460 468
467 469
473 471
469 475
462 476
454 476
447 476
440 477
433 477
426 476
418 476
411 476
404 477
397 477
389 477
382 476
465 350
467 345
472 343
476 341
481 339
486 338
491 338
496 339
501 340
506 341
511 344
512 348
507 347
502 347
496 347
491 347
485 347
480 347
474 347
469 348
381 342
377 340
373 338
369 337
364 336
359 337
355 337
351 339
346 340
342 342
339 345
343 344
348 344
353 345
357 345
362 345
367 345
372 345
376 346
381 345
458 317
465 314
472 311
480 310
488 309
496 309
505 309
513 310
521 311
528 314
534 319
528 323
520 321
512 320
504 320
495 321
487 321
479 322
471 323
463 324
398 325
395 315
386 310
376 307
366 304
356 302
345 300
334 302
325 306
316 312
307 319
305 330
315 328
324 323
334 320
345 319
356 320
366 322
377 324
387 327
