239 337
245 349
252 363
259 375
268 389
274 403
281 416
289 428
299 440
307 450
319 462
329 473
339 484
349 494
360 504
373 512
387 519
401 521
415 519
432 516
445 512
460 507
472 498
481 487
491 477
502 465
511 453
520 442
525 428
529 413
533 399
538 385
541 370
542 355
541 340
539 325
539 310
538 296
536 281
532 267
528 251
348 316
344 327
337 338
333 351
332 363
342 371
355 374
368 376
380 375
392 372
405 367
415 359
420 347
417 335
410 324
402 314
396 302
352 427
358 424
363 418
369 413
375 410
383 410
390 410
397 407
403 405
411 405
418 407
425 407
433 407
440 407
441 413
437 419
431 424
425 429
419 432
413 435
406 438
399 439
392 440
385 440
377 439
371 436
365 433
358 431
354 429
360 427
366 425
372 424
379 424
386 423
392 422
398 420
404 418
410 416
416 414
422 413
428 412
435 411
441 412
435 413
429 413
422 414
416 416
411 419
405 420
399 422
392 423
386 424
380 425
373 426
367 428
361 429
398 257
400 251
405 246
409 242
415 239
420 236
426 234
432 234
438 234
445 235
450 236
450 242
446 247
440 250
435 253
429 255
423 257
417 257
410 257
404 257
317 273
313 270
308 268
303 267
297 266
292 267
287 269
282 271
278 275
274 279
270 283
275 285
280 287
285 287
291 286
296 285
301 283
306 282
311 280
316 278
359 216
368 206
379 197
391 191
404 188
418 186
431 185
446 184
459 186
472 190
483 199
477 210
464 214
450 213
436 213
422 214
409 216
396 220
383 224
370 226
316 226
307 219
295 218
283 221
272 223
261 226
251 229
241 235
231 242
223 250
224 262
233 270
244 267
254 262
264 257
274 252
284 247
295 245
306 243
317 238
