274 423
276 438
280 454
284 470
289 486
294 501
298 517
302 533
308 548
315 563
324 576
335 589
347 600
360 609
374 617
389 623
404 629
421 635
437 637
453 639
469 641
486 643
502 642
518 641
534 637
549 632
564 625
577 616
588 604
598 591
607 578
615 564
623 549
628 534
631 517
633 501
635 485
637 469
639 452
640 436
641 420
440 403
433 414
426 427
421 441
424 454
435 466
449 464
463 461
476 460
492 461
507 461
521 460
533 453
537 439
530 426
523 413
515 401
420 532
427 523
435 515
444 509
452 504
462 500
473 499
483 500
495 500
505 498
516 498
525 501
535 504
543 511
550 519
551 530
542 536
533 541
524 544
513 545
502 546
491 546
480 547
469 547
458 545
448 543
439 540
429 536
421 531
428 527
436 524
444 522
453 520
461 518
471 518
480 518
489 518
498 517
507 516
517 517
525 518
534 521
542 524
536 524
527 521
519 520
509 520
500 521
491 522
482 522
473 522
463 522
454 523
446 525
438 528
429 530
525 350
529 344
534 339
540 336
547 334
554 332
561 331
568 332
574 334
580 338
584 344
586 350
581 355
574 356
567 357
560 358
552 358
545 356
538 355
531 354
417 348
410 344
404 341
397 339
389 337
382 338
374 339
367 342
361 345
354 349
348 354
355 356
362 358
370 360
377 361
385 360
393 359
400 358
407 356
414 354
504 299
509 288
517 279
527 273
538 269
550 268
562 267
574 269
585 272
595 278
604 287
601 295
591 290
580 285
568 284
556 286
545 289
535 294
525 300
514 304
431 302
429 287
416 278
402 274
386 272
370 273
355 277
341 283
328 291
316 301
307 314
304 329
317 322
327 310
340 301
355 297
371 296
387 298
402 302
416 306
