965 1121
982 1164
1001 1207
1021 1250
1040 1293
1061 1341
1080 1382
1100 1426
1122 1469
1151 1505
1188 1541
1221 1572
1257 1602
1292 1634
1335 1663
1376 1681
1424 1695
1469 1711
1515 1729
1562 1744
1609 1746
1656 1751
1704 1741
1747 1729
1791 1709
1833 1684
1875 1659
1915 1635
1953 1608
1991 1576
2024 1539
2056 1501
2084 1463
2105 1422
2126 1377
2143 1332
2158 1287
2174 1242
2185 1196
2202 1149
2206 1101
1497 927
1483 967
1463 1010
1442 1052
1433 1095
1457 1132
1501 1149
1544 1144
1591 1131
1636 1140
1682 1149
1727 1140
1757 1109
1759 1065
1738 1023
1716 983
1699 936
1416 1392
1432 1361
1453 1332
1478 1305
1506 1281
1535 1261
1570 1256
1608 1256
1645 1257
1678 1266
1709 1282
1737 1304
1764 1330
1783 1360
1795 1392
1780 1422
1761 1452
1735 1479
1705 1497
1673 1508
1639 1516
1604 1522
1567 1524
1532 1519
1501 1503
1473 1480
1450 1452
1428 1423
1465 1394
1482 1379
1495 1361
1512 1345
1530 1332
1548 1321
1569 1316
1591 1318
1612 1312
1635 1313
1657 1317
1676 1326
1694 1338
1711 1353
1729 1366
1744 1383
1726 1392
1706 1399
1685 1405
1664 1410
1642 1411
1619 1412
1595 1412
1573 1410
1550 1412
1528 1409
1507 1405
1487 1396
1758 819
1769 796
1790 779
1812 768
1837 762
1864 761
1890 765
1914 772
1936 785
1956 804
1975 823
1966 846
1944 857
1920 865
1894 868
1867 867
1841 863
1817 856
1792 850
1769 841
1407 813
1392 791
1372 774
1349 762
1322 760
1296 763
1272 771
1249 782
1228 798
1208 816
1188 836
1210 850
1232 864
1256 871
1282 875
1310 874
1335 868
1358 860
1382 852
1405 839
1697 699
1732 665
1773 646
1815 631
1859 622
1906 617
1953 621
1995 635
2035 656
2071 687
2097 724
2084 753
2048 721
2010 696
1968 680
1922 674
1875 679
1830 687
1786 697
1742 708
1434 651
1393 632
1347 625
1301 619
1252 616
1203 614
1157 621
1116 640
1081 675
1062 716
1049 759
1084 725
1120 692
1160 671
1206 663
1255 661
1301 669
1345 679
1388 694
1435 699
