346 534
343 556
337 582
333 604
331 628
332 652
336 678
341 701
349 723
359 745
370 768
381 790
394 810
410 827
429 841
451 852
474 860
497 867
519 876
541 885
566 893
590 895
613 892
636 887
662 881
685 873
706 865
728 853
745 838
760 818
772 797
784 776
796 755
806 731
814 708
821 685
826 662
832 638
837 615
842 592
846 566
573 534
561 548
549 562
544 580
553 597
569 608
586 614
603 621
622 627
640 626
658 621
677 616
693 607
703 591
701 573
691 557
680 540
484 669
502 664
522 662
543 662
563 660
584 659
604 661
625 662
645 662
665 664
685 667
703 673
720 682
712 700
703 717
691 733
677 748
660 758
642 764
623 767
602 765
583 761
566 752
550 741
534 730
518 717
503 702
491 686
491 667
508 665
526 667
544 668
562 669
579 672
596 675
612 678
630 679
648 679
667 679
684 680
702 681
718 686
705 699
691 707
675 714
660 722
644 726
626 728
608 727
591 724
575 720
559 714
544 708
529 701
514 692
501 681
680 451
689 445
698 441
707 436
717 432
727 429
738 427
749 428
759 431
768 436
775 444
775 454
765 458
754 460
744 461
733 461
722 460
711 459
700 458
689 456
554 433
548 424
539 418
529 413
519 410
508 408
497 407
486 409
475 412
465 416
456 421
461 431
470 437
480 441
491 444
501 447
513 447
524 446
536 444
546 442
701 394
708 381
720 375
734 371
748 368
762 365
776 361
790 360
805 360
819 364
830 374
828 388
814 390
800 388
785 390
770 391
755 392
742 396
728 400
713 401
561 377
550 364
535 357
520 350
505 345
489 342
472 340
455 341
439 345
424 351
410 359
424 366
441 365
458 363
475 364
491 367
507 372
521 378
536 386
552 390
