1234 1217
1232 1269
1233 1320
1240 1370
1255 1420
1267 1466
1284 1519
1301 1566
1318 1614
1337 1662
1355 1706
1364 1761
1374 1808
1393 1856
1416 1901
1458 1932
1508 1946
1562 1949
1612 1948
1662 1940
1714 1928
1759 1910
1807 1885
1849 1861
1895 1835
1944 1814
1988 1793
2034 1765
2070 1731
2106 1693
2137 1655
2170 1612
2200 1573
2230 1528
2257 1486
2282 1443
2300 1392
2291 1344
2277 1293
2255 1246
2230 1199
1401 1129
1375 1158
1349 1189
1328 1224
1329 1265
1348 1300
1381 1324
1416 1343
1457 1356
1497 1350
1537 1340
1574 1325
1607 1299
1613 1259
1605 1222
1589 1182
1573 1143
1387 1489
1413 1479
1444 1478
1475 1477
1504 1480
1532 1486
1560 1493
1588 1499
1616 1506
1645 1511
1675 1511
1706 1513
1722 1535
1699 1554
1674 1569
1649 1583
1625 1598
1600 1611
1574 1623
1547 1631
1518 1636
1487 1636
1458 1631
1431 1625
1411 1602
1404 1574
1402 1544
1400 1514
1403 1496
1425 1490
1449 1492
1474 1492
1499 1493
1524 1494
1547 1498
1570 1502
1594 1504
1618 1507
1641 1510
1665 1511
1689 1515
1712 1519
1695 1533
1673 1540
1652 1547
1630 1554
1608 1560
1586 1567
1563 1571
1540 1574
1515 1575
1491 1574
1469 1567
1450 1552
1433 1534
1417 1516
1669 1008
1677 985
1695 964
1717 952
1741 945
1767 942
1793 945
1817 951
1840 962
1862 974
1883 988
1883 1014
1860 1024
1837 1034
1813 1041
1787 1045
1761 1046
1735 1042
1710 1037
1687 1028
1452 1009
1449 991
1442 975
1428 962
1412 954
1396 947
1379 941
1361 939
1344 944
1329 955
1320 970
1316 988
1319 1006
1330 1021
1346 1029
1364 1030
1384 1031
1402 1028
1419 1023
1437 1019
1600 848
1625 815
1661 797
1702 791
1745 789
1788 787
1831 787
1873 793
1912 802
1947 821
1977 851
1964 880
1924 873
1882 869
1841 864
1798 862
1756 865
1715 872
1675 878
1634 872
1418 876
1417 854
1405 837
1388 825
1369 819
1349 814
1328 810
1306 809
1286 813
1269 825
1260 844
1258 865
1261 886
1281 884
1299 873
1318 866
1340 865
1360 870
1379 876
1399 882
