299 282
302 300
305 318
308 334
314 353
320 369
326 386
331 404
334 421
341 439
349 455
359 471
370 485
383 498
397 510
411 522
425 533
440 543
455 552
473 555
491 556
509 557
527 554
545 549
560 539
573 526
587 515
600 501
611 487
620 472
628 455
635 437
639 421
646 403
652 388
661 370
668 354
673 336
679 319
683 302
685 282
454 237
449 248
444 259
441 271
447 282
455 291
467 295
480 295
493 294
505 296
516 294
529 290
536 280
542 269
544 257
540 246
532 234
433 382
436 364
439 346
445 331
461 324
480 324
498 322
516 320
533 324
546 336
552 352
554 371
552 389
550 407
547 424
545 442
541 459
534 475
523 489
509 498
491 501
475 495
462 482
455 466
450 449
446 432
442 415
437 399
449 387
451 373
454 360
457 347
462 336
476 333
490 332
504 333
517 335
528 342
535 353
539 366
542 379
543 393
541 406
537 419
533 431
528 444
522 455
512 465
498 467
485 468
473 462
466 451
462 438
458 426
454 414
451 401
534 174
540 170
547 165
553 162
561 161
569 159
576 159
585 158
593 159
600 160
607 164
605 171
598 173
590 174
582 174
574 174
566 175
558 174
550 174
542 174
444 170
437 168
430 166
422 165
414 165
406 164
398 164
390 165
382 165
374 167
368 171
375 173
383 174
391 175
398 176
407 176
414 175
423 175
431 175
439 174
521 145
526 133
538 127
550 122
563 118
576 116
591 115
605 116
618 117
631 122
641 132
633 138
621 134
608 131
594 132
580 134
567 137
555 142
543 148
531 153
445 139
433 132
421 129
409 125
397 122
384 120
371 121
358 124
346 129
337 139
332 150
346 150
357 143
368 138
382 137
395 139
407 142
419 147
431 152
444 151
