337 331
338 353
341 376
345 400
350 423
357 445
364 468
372 490
382 513
391 534
402 554
416 574
433 591
449 606
468 620
488 634
508 647
531 652
555 650
578 649
600 647
623 640
646 629
664 616
683 601
700 586
719 571
737 555
753 537
767 521
780 501
789 479
796 457
802 434
809 410
813 387
817 364
823 341
827 319
826 294
820 271
448 281
443 300
432 320
426 339
432 360
447 375
467 381
486 372
506 365
529 368
550 372
569 369
587 358
589 337
582 316
573 298
563 277
424 488
434 476
447 465
459 454
473 447
490 448
506 450
520 445
536 442
551 446
565 451
580 457
594 462
609 467
623 473
613 486
600 495
586 502
572 509
558 515
543 519
526 520
510 521
493 522
476 523
461 521
447 513
435 501
428 487
439 482
450 479
461 475
473 473
486 473
498 472
510 471
522 468
534 467
547 467
560 466
572 466
585 467
596 470
585 470
572 468
560 467
547 467
535 468
523 470
511 472
498 473
486 473
474 475
461 476
450 480
439 484
584 195
594 188
605 182
615 176
626 170
637 166
650 164
663 165
675 168
686 173
696 181
697 193
686 197
674 199
661 200
648 200
635 199
622 198
610 197
597 195
462 207
454 198
445 193
436 189
427 185
416 183
405 182
395 185
386 189
377 196
372 204
372 215
381 223
391 224
402 224
413 222
423 219
432 216
442 213
453 212
547 112
567 100
588 93
610 89
633 86
657 85
681 88
702 95
721 106
739 122
749 142
734 144
716 130
694 124
670 125
647 128
625 132
602 136
579 137
557 132
452 139
452 125
443 113
431 106
416 105
401 106
386 108
373 112
360 118
349 129
342 142
340 156
343 170
355 165
366 155
379 150
394 148
409 147
424 147
440 146
