703 1003
715 1033
730 1066
746 1094
761 1127
781 1155
804 1183
825 1206
854 1230
881 1248
914 1264
945 1272
980 1278
1013 1284
1047 1295
1077 1314
1108 1331
1140 1341
1175 1343
1210 1340
1241 1325
1271 1307
1300 1288
1324 1263
1340 1236
1356 1205
1383 1182
1410 1161
1433 1135
1456 1108
1476 1081
1493 1051
1502 1016
1513 982
1519 949
1519 916
1516 880
1512 847
1505 811
1496 779
1484 744
1024 990
1022 1019
1022 1051
1026 1081
1048 1103
1077 1109
1106 1110
1138 1109
1167 1101
1195 1090
1221 1070
1246 1054
1267 1031
1268 1003
1253 973
1233 950
1211 928
1021 1178
1048 1179
1073 1184
1100 1185
1126 1183
1153 1180
1179 1177
1203 1171
1225 1159
1247 1147
1269 1133
1289 1117
1309 1100
1318 1118
1310 1141
1300 1164
1287 1186
1270 1206
1249 1221
1227 1233
1204 1242
1180 1248
1154 1251
1128 1248
1105 1239
1083 1227
1062 1211
1042 1194
1039 1188
1060 1192
1082 1195
1104 1197
1126 1200
1149 1200
1171 1198
1192 1192
1211 1184
1231 1176
1250 1166
1268 1154
1285 1139
1301 1123
1316 1111
1301 1128
1284 1144
1267 1158
1249 1170
1230 1181
1211 1189
1191 1196
1170 1201
1148 1203
1125 1202
1103 1200
1081 1196
1060 1192
1187 783
1194 770
1206 760
1218 749
1231 740
1244 733
1257 726
1271 721
1285 716
1300 713
1314 718
1309 733
1300 745
1286 752
1273 759
1259 764
1245 768
1230 772
1216 777
1202 781
938 848
925 839
909 835
893 834
876 835
860 837
844 840
829 844
814 849
801 858
791 872
804 882
819 886
836 887
853 885
868 881
883 877
898 872
913 868
927 861
1145 748
1167 721
1193 697
1219 674
1247 656
1276 641
1307 630
1338 621
1373 618
1408 620
1438 631
1418 657
1389 673
1359 685
1328 695
1299 708
1269 721
1239 735
1209 748
1177 756
968 802
938 790
906 785
874 779
840 782
805 781
771 780
740 787
712 802
683 818
659 842
686 862
720 861
750 852
781 842
811 833
843 826
876 822
910 820
943 816
