890 1375
897 1416
906 1455
921 1494
939 1532
960 1569
984 1605
1007 1637
1034 1670
1064 1701
1095 1730
1128 1757
1164 1779
1198 1797
1238 1813
1277 1832
1313 1855
1347 1876
1385 1898
1423 1915
1463 1929
1504 1935
1543 1937
1586 1937
1629 1929
1665 1913
1699 1886
1724 1854
1745 1817
1766 1779
1789 1745
1810 1707
1828 1672
1845 1631
1858 1593
1870 1551
1880 1513
1891 1469
1906 1432
1917 1394
1929 1349
1483 1260
1472 1287
1462 1318
1462 1347
1484 1369
1515 1375
1545 1382
1575 1391
1600 1407
1630 1411
1662 1405
1691 1393
1715 1377
1730 1350
1728 1319
1714 1290
1699 1261
1360 1552
1386 1539
1413 1529
1440 1521
1469 1514
1498 1509
1530 1510
1558 1516
1586 1525
1616 1522
1644 1515
1676 1515
1705 1521
1730 1536
1730 1568
1714 1592
1694 1616
1669 1630
1640 1635
1608 1635
1578 1632
1548 1627
1519 1622
1489 1617
1462 1609
1436 1597
1410 1582
1384 1569
1385 1547
1410 1548
1435 1551
1460 1550
1486 1550
1510 1552
1534 1556
1558 1560
1582 1563
1608 1562
1632 1559
1656 1556
1681 1555
1705 1551
1725 1552
1702 1557
1677 1559
1652 1561
1628 1565
1605 1569
1579 1571
1555 1569
1531 1564
1508 1559
1484 1556
1459 1554
1433 1554
1409 1551
1707 1060
1721 1048
1738 1041
1754 1035
1771 1030
1789 1027
1808 1027
1825 1031
1841 1039
1856 1050
1866 1065
1854 1079
1838 1087
1822 1093
1803 1092
1784 1091
1766 1088
1749 1083
1731 1080
1714 1076
1400 1052
1384 1041
1368 1030
1351 1022
1333 1018
1313 1016
1293 1018
1275 1024
1259 1033
1243 1044
1229 1059
1245 1068
1263 1075
1282 1077
1302 1080
1322 1081
1341 1080
1361 1077
1380 1075
1399 1070
1720 903
1725 871
1746 846
1772 828
1800 816
1832 810
1866 811
1897 817
1925 828
1948 852
1962 880
1969 910
1969 944
1939 939
1910 929
1880 922
1847 918
1814 919
1781 917
1748 915
1497 877
1458 845
1413 831
1365 822
1315 819
1264 821
1216 831
1173 849
1132 876
1094 908
1055 939
1099 955
1145 943
1187 920
1232 906
1282 902
1332 906
1381 914
1429 921
1481 921
