442 432
441 452
441 475
442 495
445 517
448 539
451 560
455 582
460 603
464 623
472 644
479 664
492 682
506 698
520 714
538 726
555 739
575 748
597 754
617 759
638 764
659 769
680 765
702 761
723 756
743 748
760 735
775 720
789 703
801 686
813 667
823 648
828 626
833 606
840 584
845 565
851 544
855 522
857 500
856 479
855 456
629 469
622 481
615 493
613 507
619 521
630 530
642 527
656 521
670 524
684 523
697 525
712 526
723 518
724 504
721 489
716 476
710 463
592 605
596 596
605 592
614 589
624 587
634 585
644 582
655 580
664 585
674 583
684 581
695 582
704 585
714 588
722 595
721 606
713 612
703 615
693 617
683 620
672 621
662 622
651 621
641 618
631 616
621 613
610 613
600 612
598 596
606 595
615 595
624 594
633 593
641 593
650 594
658 595
667 595
676 593
684 593
693 593
702 594
711 593
719 593
711 594
702 594
693 594
684 594
675 594
667 595
658 596
649 595
641 594
632 594
623 595
615 596
606 597
725 407
732 402
738 398
746 396
753 394
762 394
770 394
778 396
785 398
791 403
795 410
791 416
784 420
776 421
768 422
760 421
752 420
744 419
737 417
730 413
609 404
603 397
596 394
588 392
580 390
571 390
562 391
553 392
545 393
538 397
531 402
538 406
545 410
553 413
561 414
570 414
579 414
588 414
597 413
604 410
709 384
716 371
728 362
742 356
756 351
771 347
786 343
802 342
816 346
829 355
837 368
840 383
826 390
813 383
799 377
783 375
768 378
752 379
737 383
723 389
624 372
611 366
596 362
581 358
566 354
552 349
538 345
522 347
508 354
496 362
483 373
498 377
513 380
529 382
545 380
560 378
577 378
592 380
607 384
623 385
