552 1077
572 1129
598 1179
626 1227
658 1274
699 1318
742 1356
785 1387
834 1417
881 1447
924 1485
965 1526
1011 1561
1062 1587
1114 1606
1168 1622
1224 1635
1281 1647
1338 1655
1396 1656
1451 1645
1502 1622
1550 1593
1592 1555
1626 1508
1651 1453
1669 1403
1686 1346
1699 1289
1708 1237
1718 1181
1732 1121
1744 1065
1751 1009
1755 952
1754 895
1747 839
1736 784
1723 729
1710 675
1697 615
1029 769
1019 812
1018 856
1027 902
1057 933
1100 947
1148 937
1189 925
1232 911
1281 899
1319 883
1354 851
1368 806
1353 765
1319 735
1280 714
1236 692
1052 1285
1062 1233
1086 1186
1116 1142
1150 1100
1192 1064
1240 1046
1292 1035
1337 1009
1390 1000
1445 1003
1497 1014
1542 1040
1575 1083
1581 1137
1574 1191
1559 1241
1540 1289
1513 1334
1471 1370
1426 1397
1377 1412
1323 1419
1267 1417
1215 1407
1166 1390
1120 1365
1078 1331
1094 1262
1100 1220
1125 1185
1159 1158
1193 1132
1229 1112
1269 1101
1309 1090
1347 1074
1385 1059
1427 1053
1469 1046
1513 1048
1546 1076
1544 1120
1535 1161
1517 1198
1490 1231
1457 1259
1421 1281
1385 1302
1348 1319
1309 1332
1270 1344
1227 1348
1185 1340
1147 1325
1114 1299
1225 515
1229 488
1245 466
1260 444
1280 424
1303 411
1327 402
1355 399
1383 400
1409 405
1433 415
1447 437
1425 453
1402 466
1378 477
1353 485
1327 490
1300 493
1275 501
1251 512
903 626
878 617
853 611
825 610
799 616
775 625
752 639
731 656
711 676
695 697
685 721
713 723
739 717
763 709
787 699
811 689
834 678
858 668
882 658
906 649
1135 262
1153 234
1172 207
1197 183
1225 166
1255 155
1288 150
1319 157
1348 173
1374 196
1394 222
1386 248
1357 236
1329 219
1298 210
1265 215
1238 234
1216 260
1195 286
1160 286
897 453
879 419
842 408
801 405
761 410
724 421
689 440
659 469
637 502
621 537
608 573
593 608
632 602
659 570
683 538
710 507
742 484
780 473
820 469
860 464
