63 389
66 406
70 424
76 441
82 458
89 475
95 492
102 509
112 526
120 541
131 556
141 572
150 587
158 604
168 619
182 632
196 642
214 647
231 650
250 648
268 645
286 639
302 632
316 621
332 610
347 600
360 586
369 571
377 554
381 537
384 519
390 501
396 484
401 467
406 450
409 431
413 414
414 394
416 376
416 359
416 340
166 392
161 404
154 415
152 430
158 442
172 446
185 450
199 453
212 451
226 445
238 439
251 437
263 428
265 413
260 401
251 390
241 379
164 516
173 510
185 509
197 510
208 512
220 512
231 509
242 506
253 503
264 501
275 498
286 496
291 506
287 516
283 526
279 537
272 546
263 553
253 558
242 562
231 565
220 566
208 564
197 561
187 555
179 547
174 537
169 527
173 516
181 514
189 516
198 517
206 518
215 519
223 518
231 516
239 513
247 511
255 508
262 506
270 503
278 500
281 504
275 510
268 515
260 518
252 521
244 523
237 526
229 528
220 529
212 530
203 528
195 526
187 524
180 520
246 316
253 311
259 307
266 302
272 298
279 295
287 293
295 293
303 294
310 296
317 299
314 306
308 310
301 313
293 314
285 315
277 315
269 313
261 312
254 314
154 327
148 324
141 321
135 318
129 317
121 317
115 319
109 322
103 325
97 330
92 335
98 338
104 340
112 341
119 340
126 339
132 338
139 336
145 334
152 332
218 279
222 264
236 257
250 253
266 249
281 247
297 244
314 246
328 251
341 261
352 273
356 285
342 278
328 273
312 270
295 271
280 274
265 278
249 281
233 282
150 291
142 282
131 280
118 279
106 280
94 280
82 281
72 285
63 293
58 303
57 315
59 326
69 322
75 313
84 306
96 304
108 304
120 303
132 302
143 300
