1016 1069
1019 1112
1020 1154
1023 1197
1027 1240
1029 1283
1031 1323
1035 1366
1043 1408
1055 1450
1072 1489
1095 1526
1123 1559
1155 1588
1190 1612
1228 1634
1267 1652
1306 1670
1346 1685
1386 1700
1427 1712
1469 1720
1509 1714
1554 1701
1593 1685
1633 1670
1674 1658
1714 1644
1749 1620
1779 1588
1801 1550
1819 1515
1839 1476
1857 1437
1871 1397
1883 1355
1893 1314
1899 1271
1906 1229
1914 1187
1922 1141
1376 1056
1345 1083
1326 1115
1321 1158
1339 1194
1378 1210
1418 1199
1458 1193
1494 1207
1538 1204
1578 1215
1616 1221
1649 1200
1652 1157
1641 1118
1621 1082
1590 1053
1293 1379
1318 1368
1343 1357
1369 1349
1395 1341
1425 1340
1452 1345
1481 1347
1509 1344
1537 1340
1566 1339
1596 1338
1623 1345
1641 1367
1636 1395
1619 1417
1597 1437
1573 1451
1547 1459
1521 1466
1492 1469
1465 1465
1438 1457
1413 1447
1389 1436
1364 1423
1340 1410
1316 1397
1300 1377
1324 1378
1347 1374
1370 1371
1394 1368
1418 1367
1441 1370
1463 1376
1486 1380
1511 1380
1534 1377
1557 1372
1579 1367
1604 1367
1622 1376
1601 1385
1579 1391
1557 1397
1534 1402
1510 1404
1486 1404
1461 1403
1438 1400
1415 1396
1391 1394
1368 1391
1344 1388
1321 1384
1610 920
1620 903
1636 893
1654 885
1673 882
1693 882
1714 883
1733 886
1752 891
1769 898
1785 910
1781 927
1762 932
1744 937
1725 941
1705 939
1686 936
1667 931
1648 927
1629 924
1350 896
1338 880
1322 870
1304 863
1285 860
1266 858
1245 859
1226 862
1208 867
1191 874
1174 883
1190 894
1205 907
1222 915
1240 920
1260 921
1280 921
1300 919
1319 916
1338 911
1552 847
1570 813
1603 793
1641 784
1682 782
1723 784
1764 786
1804 790
1839 804
1870 831
1889 864
1897 901
1862 885
1830 863
1795 848
1755 844
1713 844
1672 845
1631 847
1591 852
1428 819
1414 783
1378 767
1336 762
1294 759
1256 749
1216 742
1174 746
1138 761
1106 789
1084 823
1067 859
1109 856
1145 838
1182 825
1224 822
1267 823
1309 826
1350 832
1392 835
