342 440
345 454
348 470
351 485
354 501
358 516
362 530
367 545
374 560
382 573
390 586
399 599
408 612
418 624
429 636
440 647
452 658
464 665
480 670
495 673
511 676
526 675
541 673
557 670
572 664
585 655
596 646
608 634
617 621
626 608
635 595
643 583
651 569
658 554
664 541
670 525
675 512
675 495
677 479
679 465
681 448
485 457
478 466
472 476
468 486
470 498
481 503
492 506
502 513
512 518
524 516
535 511
546 507
557 502
562 492
560 481
554 471
549 459
425 535
439 534
453 533
466 530
480 528
494 528
507 530
522 531
536 531
549 533
562 537
575 541
588 542
587 556
580 567
570 576
559 584
547 591
535 596
523 600
508 600
495 597
482 593
471 587
460 578
450 568
441 557
433 546
431 540
442 539
454 539
466 539
477 541
489 541
500 543
511 546
523 546
534 545
546 544
558 544
570 544
581 545
576 554
567 560
557 565
547 569
536 571
524 572
512 571
501 570
490 567
480 565
469 561
459 557
450 552
440 546
561 408
565 403
570 401
575 398
580 396
585 395
591 396
597 397
602 399
607 401
612 404
611 409
606 410
600 411
595 412
589 412
583 412
577 411
572 410
566 410
468 397
462 394
456 393
450 392
443 391
437 391
430 392
424 393
418 395
412 397
406 399
412 402
418 403
425 403
432 404
438 404
445 403
452 403
458 402
465 402
547 369
556 363
566 358
576 356
588 355
599 354
611 355
622 356
633 359
643 364
650 371
639 372
628 371
616 370
605 370
594 373
584 376
573 379
562 381
552 378
487 364
478 358
467 354
457 351
446 348
435 347
422 347
412 350
401 354
392 360
383 368
395 367
405 363
416 361
428 361
439 363
450 366
461 369
472 372
483 373
