353 365
354 380
356 395
359 411
363 426
366 440
368 456
374 470
380 485
390 496
401 508
409 521
420 531
433 538
449 544
462 547
478 552
492 557
506 562
522 563
538 564
554 565
568 567
584 566
599 564
615 560
629 556
643 549
655 541
665 528
671 514
676 500
681 484
686 471
690 455
694 440
698 425
699 409
700 394
702 379
702 363
524 361
514 369
504 379
497 391
497 403
508 412
520 415
533 419
545 428
558 430
570 426
582 420
595 414
605 405
602 393
594 381
587 369
451 450
463 442
478 441
493 443
508 445
522 447
535 452
549 455
563 452
578 451
593 449
607 447
622 445
635 449
632 462
620 472
609 481
596 488
583 493
569 496
553 496
538 495
523 495
508 493
495 489
482 483
470 473
462 461
453 450
465 450
478 452
489 455
501 458
513 461
525 462
537 464
550 465
562 463
574 461
586 458
598 456
610 454
615 458
605 464
594 468
582 471
570 474
558 475
545 476
532 476
520 475
507 474
495 472
484 469
473 464
463 457
593 322
598 317
604 313
610 310
617 308
624 307
631 307
638 308
644 311
650 313
656 317
654 323
647 325
641 327
634 328
627 329
619 329
613 327
606 326
599 324
503 313
498 308
492 305
486 303
479 302
472 302
465 303
458 304
452 305
446 309
441 313
447 315
453 318
459 320
466 321
473 321
480 320
486 319
493 318
500 318
575 306
579 294
588 285
599 279
611 276
625 274
638 273
650 275
662 280
673 287
683 296
687 307
675 302
663 299
650 296
638 294
624 294
611 295
599 299
588 304
530 284
519 276
507 271
493 269
480 267
466 265
452 265
439 269
428 277
416 284
405 292
416 299
430 297
443 294
456 290
469 288
483 290
497 293
510 296
524 296
