325 360
330 371
337 383
345 394
352 404
358 415
365 427
372 438
380 448
389 456
400 465
410 473
421 479
434 486
443 493
454 501
465 508
476 516
488 519
501 521
513 521
526 518
537 512
547 503
556 493
563 483
571 472
579 462
587 452
594 441
601 430
607 419
612 405
616 394
620 380
622 368
623 355
622 342
621 329
619 316
617 303
442 357
439 367
437 379
437 391
443 400
453 405
464 409
476 411
488 409
497 403
506 395
511 385
516 375
515 363
509 354
501 345
491 338
433 449
442 446
450 442
458 438
466 434
476 433
486 434
495 433
504 429
512 424
520 421
529 419
539 418
549 417
548 425
542 432
536 440
529 447
522 453
514 458
505 461
496 462
486 463
476 463
467 461
458 458
450 455
441 451
444 450
452 448
459 447
467 446
475 445
484 444
492 444
499 442
507 439
514 436
521 433
528 430
535 427
542 424
549 421
543 425
536 428
528 431
521 434
514 437
508 441
500 444
493 445
485 446
476 447
468 447
460 448
452 449
490 295
493 289
497 283
502 278
507 273
513 270
519 267
526 267
533 267
540 269
546 271
548 277
543 282
537 285
531 288
524 290
517 291
510 292
503 292
497 294
419 314
415 309
410 304
404 301
397 299
390 298
383 300
377 303
371 306
366 311
362 317
360 323
366 327
373 327
380 327
387 326
394 324
400 322
407 319
413 317
479 260
483 252
488 245
495 239
502 235
510 233
519 231
527 229
537 230
546 231
553 234
551 241
542 243
534 245
526 248
518 251
511 256
504 261
496 264
486 264
397 274
389 270
378 269
368 269
357 269
347 267
337 269
329 274
323 282
319 291
315 300
323 296
331 289
340 284
350 284
360 285
369 287
379 289
389 287
398 283
