306 1723
322 1831
355 1936
399 2039
439 2142
484 2242
535 2340
593 2443
646 2538
695 2638
725 2750
756 2854
802 2957
852 3053
921 3139
1027 3184
1135 3159
1242 3134
1348 3115
1458 3099
1574 3084
1681 3074
1793 3049
1902 3019
2008 2980
2109 2934
2199 2878
2277 2795
2318 2695
2338 2584
2347 2469
2342 2365
2333 2250
2330 2137
2333 2023
2335 1917
2341 1807
2345 1687
2343 1580
2340 1467
2313 1354
665 1658
620 1730
603 1814
636 1899
668 1988
734 2036
821 2072
910 2051
988 2017
1076 1997
1167 1976
1245 1952
1267 1864
1243 1778
1194 1704
1138 1639
1067 1572
764 2405
778 2347
824 2303
877 2279
940 2281
999 2268
1054 2250
1117 2247
1174 2262
1230 2279
1289 2290
1347 2304
1401 2325
1457 2344
1455 2395
1404 2423
1352 2452
1301 2483
1250 2513
1196 2537
1140 2554
1083 2570
1026 2585
966 2594
904 2589
853 2559
816 2510
794 2456
835 2465
872 2442
911 2428
952 2416
991 2399
1032 2388
1077 2383
1121 2379
1166 2374
1211 2370
1256 2367
1301 2363
1346 2359
1391 2357
1435 2362
1396 2366
1350 2368
1304 2370
1257 2370
1211 2371
1166 2376
1125 2386
1084 2398
1043 2409
999 2416
955 2421
913 2430
873 2446
1365 1239
1392 1183
1426 1130
1471 1081
1522 1043
1578 1019
1641 1008
1708 1006
1771 1015
1830 1034
1880 1075
1889 1138
1849 1189
1796 1223
1739 1244
1679 1261
1617 1272
1550 1275
1486 1269
1424 1257
802 1326
796 1279
756 1257
714 1240
667 1234
619 1238
572 1245
527 1255
486 1274
461 1313
444 1354
459 1397
482 1436
524 1455
572 1458
620 1453
663 1439
705 1423
745 1401
780 1366
1037 893
1112 831
1190 780
1270 733
1353 693
1437 657
1525 630
1618 615
1718 614
1812 630
1860 691
1765 703
1665 703
1571 718
1486 750
1404 792
1324 842
1250 904
1173 960
1080 974
678 1041
674 992
633 955
589 926
541 906
493 889
443 876
389 871
336 879
290 902
256 945
242 995
279 954
330 942
380 955
429 970
479 985
529 999
577 1017
624 1035
