556 874
562 896
568 919
575 941
583 962
592 986
603 1006
616 1026
631 1043
649 1060
665 1076
683 1092
701 1107
720 1121
740 1135
760 1150
781 1161
803 1167
827 1170
849 1168
872 1164
896 1158
919 1149
938 1138
957 1123
972 1106
989 1087
1004 1068
1017 1050
1030 1030
1042 1009
1054 989
1065 968
1075 947
1081 923
1086 899
1088 877
1089 854
1088 830
1086 807
1084 781
763 809
758 829
744 847
736 866
744 886
764 896
784 898
806 898
828 897
850 890
869 882
890 872
906 858
912 838
903 819
886 802
870 787
708 968
728 960
747 951
766 943
786 937
807 932
827 927
848 923
870 919
892 918
915 918
938 918
959 922
966 942
957 961
944 979
928 995
911 1009
893 1020
874 1028
853 1033
832 1038
810 1040
788 1039
768 1032
750 1020
735 1003
721 986
717 969
736 966
753 962
771 958
791 958
810 959
829 957
846 952
862 946
879 940
897 937
916 934
934 931
952 928
951 945
940 959
925 971
909 980
893 986
875 991
858 995
840 998
821 1000
801 1001
783 999
765 995
748 989
732 981
873 704
877 697
882 690
888 683
895 679
903 677
911 675
920 674
928 674
937 675
945 678
945 685
938 689
930 692
923 696
915 698
907 700
899 702
891 703
882 704
720 727
713 723
705 720
698 718
689 717
681 718
673 720
665 722
658 726
651 732
646 739
654 741
662 741
671 741
679 740
688 739
697 739
705 738
713 737
721 734
835 685
833 666
842 649
854 634
870 624
887 617
904 610
922 605
941 605
960 608
978 613
987 624
968 626
948 628
930 631
911 635
894 642
879 652
863 661
850 676
740 669
728 656
714 649
699 645
682 644
665 644
649 646
634 651
620 658
609 671
601 684
616 680
631 675
646 671
661 667
677 665
692 669
707 674
721 682
737 684
