329 363
328 377
328 391
329 405
329 419
333 433
336 446
340 461
344 474
354 484
364 494
373 505
382 516
391 526
402 536
412 544
425 551
439 555
453 559
466 561
481 562
494 563
508 563
522 562
536 559
550 556
563 551
576 543
586 534
595 524
605 512
612 502
620 489
625 477
630 462
633 448
637 435
640 421
644 408
649 394
652 380
481 368
477 378
473 387
472 398
474 408
481 415
491 421
501 425
510 427
521 426
531 423
541 419
549 413
552 403
551 393
548 383
545 372
447 469
454 464
461 462
469 461
476 460
484 459
492 460
500 461
508 462
516 462
524 462
532 461
540 462
547 463
554 467
550 470
542 471
534 471
526 472
518 472
510 472
502 471
494 470
487 469
479 468
471 468
463 469
455 470
454 466
460 464
467 463
474 463
482 463
489 463
496 463
503 463
510 464
517 464
524 464
532 464
539 464
546 465
553 466
546 466
539 466
532 465
525 465
517 465
510 465
503 465
496 464
489 463
482 463
475 464
468 465
461 466
558 317
562 314
566 311
570 309
574 308
579 308
584 308
588 309
593 310
597 312
600 315
598 319
594 321
589 322
585 323
580 323
575 323
570 323
566 322
562 320
460 309
456 305
453 302
448 300
443 299
438 299
433 299
428 300
424 302
419 304
415 308
419 311
424 313
428 315
433 316
438 316
443 316
448 316
453 315
458 313
546 294
549 288
555 284
562 282
570 281
578 281
586 281
593 282
601 283
608 285
615 288
615 295
608 296
600 295
592 294
585 294
577 293
569 292
561 292
554 294
492 289
483 282
472 279
460 276
448 274
436 273
424 272
412 275
401 279
391 284
381 292
394 291
406 293
418 292
430 291
443 292
454 294
466 296
479 297
490 300
