-23 367
-20 390
-15 416
-10 438
-3 463
7 485
15 509
26 532
37 553
52 573
68 592
85 609
105 625
127 638
150 649
173 658
198 665
222 671
244 676
269 678
295 679
320 677
342 666
363 654
384 639
400 621
416 602
429 581
443 558
454 536
464 515
473 490
479 466
486 442
492 418
497 395
499 370
501 344
502 319
502 296
501 269
238 332
228 349
219 368
214 389
214 410
226 427
244 434
267 438
287 438
309 437
330 431
349 424
363 408
362 388
354 368
346 349
337 328
177 527
193 523
211 522
227 518
241 510
257 505
274 503
292 504
309 503
325 500
343 498
359 500
376 502
389 511
383 527
374 540
361 553
348 562
333 569
317 573
299 573
281 572
263 573
246 571
230 567
215 561
201 552
188 541
196 529
210 529
223 530
237 529
251 531
264 531
278 530
291 528
304 527
317 524
330 522
343 519
355 515
367 511
379 507
367 511
355 515
343 519
330 522
317 524
304 526
291 528
278 529
264 530
250 530
237 529
223 529
210 528
341 257
345 248
351 240
360 234
369 230
379 228
390 228
400 230
409 233
418 237
427 241
429 251
420 257
411 262
402 264
391 266
381 267
370 266
360 265
350 262
201 254
192 245
182 240
172 235
161 231
150 230
137 230
126 232
115 236
105 241
96 248
106 255
115 261
125 266
137 269
148 270
161 269
172 268
184 266
195 263
320 199
327 182
343 171
361 165
380 160
398 156
418 153
438 156
456 162
472 173
483 190
488 208
471 200
453 194
434 190
413 190
394 193
375 198
357 203
337 206
245 200
238 177
217 163
193 154
169 148
144 143
118 140
92 142
69 149
48 165
32 186
21 208
44 199
67 190
92 185
119 183
145 186
169 192
194 197
220 201
