752 944
755 977
758 1012
762 1047
766 1082
771 1117
777 1152
784 1184
795 1218
809 1250
822 1282
840 1311
864 1340
886 1363
913 1388
939 1411
959 1439
986 1462
1016 1473
1054 1477
1087 1480
1123 1479
1156 1477
1191 1473
1224 1460
1253 1442
1280 1419
1305 1397
1332 1373
1352 1346
1370 1317
1392 1285
1406 1256
1419 1223
1431 1191
1442 1155
1449 1124
1453 1087
1461 1054
1463 1018
1464 983
1050 986
1036 1010
1025 1035
1017 1063
1021 1088
1039 1110
1061 1129
1085 1141
1113 1148
1141 1147
1166 1137
1189 1123
1208 1103
1217 1076
1216 1047
1208 1022
1197 995
980 1248
998 1241
1018 1239
1038 1237
1059 1236
1079 1240
1096 1248
1117 1248
1138 1246
1158 1244
1179 1244
1200 1245
1221 1245
1240 1249
1235 1267
1219 1280
1202 1290
1184 1297
1165 1301
1145 1303
1124 1302
1104 1299
1084 1296
1065 1292
1047 1286
1029 1280
1011 1273
994 1264
980 1248
999 1248
1018 1250
1036 1249
1055 1248
1073 1250
1090 1254
1109 1255
1127 1254
1145 1252
1164 1251
1183 1252
1201 1253
1220 1254
1239 1254
1222 1258
1203 1258
1184 1258
1166 1257
1146 1257
1128 1257
1109 1256
1090 1255
1072 1253
1053 1253
1034 1255
1015 1255
998 1251
1207 853
1221 844
1236 837
1249 828
1263 819
1278 814
1296 814
1312 817
1328 821
1342 828
1355 840
1350 855
1336 864
1321 869
1304 871
1287 871
1272 866
1256 861
1240 859
1224 855
1017 842
1004 829
990 820
975 813
957 812
940 814
923 816
906 820
891 825
876 833
867 847
881 858
895 865
911 871
928 874
945 873
962 871
979 867
995 863
1010 857
1170 805
1183 779
1207 764
1233 753
1260 745
1290 746
1321 745
1351 745
1379 752
1403 766
1425 788
1433 815
1405 811
1376 807
1347 804
1319 799
1289 795
1259 796
1228 797
1200 803
1054 784
1032 765
1007 757
977 755
949 752
919 752
889 753
860 754
832 759
808 772
788 794
812 807
839 812
869 812
898 810
927 808
956 806
986 807
1015 809
1044 807
