251 408
253 421
255 435
258 450
261 464
265 479
269 494
273 508
278 522
285 535
291 548
299 560
308 572
318 583
330 593
341 601
354 609
367 615
381 620
395 623
410 625
425 625
440 624
454 621
468 615
479 608
492 600
504 591
517 583
528 575
538 564
546 551
552 538
559 525
565 511
571 497
576 483
580 469
584 455
587 440
590 426
369 396
363 406
356 418
359 430
369 437
381 440
394 443
406 446
419 446
432 445
444 442
457 441
470 441
481 436
484 424
478 413
470 401
331 492
342 481
354 475
368 472
381 468
396 466
410 468
425 468
440 468
454 470
468 474
480 480
492 487
502 498
497 511
489 523
478 534
466 541
454 547
440 549
424 549
410 548
396 545
383 540
371 533
359 524
348 515
337 504
340 494
351 492
363 491
374 490
386 489
398 488
410 489
421 490
433 491
445 491
457 492
468 494
479 496
491 497
488 506
478 512
468 516
457 519
446 522
435 524
423 525
412 524
400 522
389 519
379 515
369 510
359 505
349 500
481 351
485 347
490 344
495 342
501 340
507 339
513 340
519 341
524 341
530 343
535 345
536 350
530 351
524 351
518 352
511 352
505 352
499 352
493 351
487 351
354 343
349 340
345 337
340 335
335 334
329 334
324 334
319 335
314 337
309 339
305 343
310 345
315 347
320 348
325 348
331 348
336 349
342 348
347 347
352 347
481 301
487 294
495 292
505 291
514 292
524 292
533 293
542 295
550 299
557 303
565 308
559 314
551 312
543 307
535 305
525 304
516 304
507 305
498 306
489 305
363 295
362 285
352 280
341 278
329 277
317 278
306 281
296 285
287 291
277 298
271 308
268 318
276 310
285 302
294 295
304 290
316 290
328 291
339 293
351 295
