242 275
242 290
241 308
241 323
241 341
242 358
244 373
246 390
249 407
253 422
258 437
266 452
276 467
288 479
300 489
312 501
326 509
340 517
357 520
374 523
390 521
405 521
422 519
438 516
455 510
470 503
484 496
499 488
513 478
523 466
536 455
544 440
550 425
556 409
559 393
561 377
564 360
567 344
569 327
571 312
573 294
329 274
327 285
320 296
317 308
319 321
328 329
339 333
352 339
365 338
376 332
389 331
400 327
406 316
407 303
403 291
393 283
386 271
292 382
297 372
307 367
317 361
327 357
339 356
351 357
363 357
375 356
387 355
399 357
410 359
421 363
431 369
438 378
429 386
419 391
409 395
399 400
387 402
376 404
365 406
352 407
341 405
330 403
319 399
309 395
298 391
304 384
311 381
319 378
327 376
335 375
344 375
353 377
361 377
370 376
379 375
387 376
396 377
405 377
413 378
422 380
415 380
406 379
397 379
388 378
380 378
371 379
363 380
354 381
345 380
337 378
328 379
320 381
312 383
414 242
418 236
425 231
432 227
440 225
448 223
456 224
465 224
472 227
479 230
486 235
489 242
481 243
473 245
464 245
456 245
447 245
439 244
431 242
423 243
332 240
331 234
326 229
320 226
314 224
307 222
300 222
294 223
287 225
281 227
276 232
273 238
279 242
285 244
292 245
299 245
306 245
313 245
319 244
326 243
389 193
398 184
410 182
422 180
434 179
447 179
459 180
471 182
482 186
492 192
502 200
494 201
483 196
471 194
459 195
446 197
434 198
422 200
411 202
398 203
336 199
335 189
328 182
319 180
309 179
300 178
289 178
279 179
270 180
262 184
255 192
250 200
260 198
269 197
279 197
289 197
299 198
309 199
318 201
328 202
