588 969
596 1009
603 1049
608 1094
610 1135
613 1176
618 1216
628 1260
641 1298
660 1338
679 1372
704 1409
730 1440
763 1470
795 1494
833 1517
867 1537
906 1559
943 1577
981 1593
1020 1607
1063 1610
1106 1606
1145 1597
1185 1579
1218 1554
1244 1521
1265 1488
1293 1451
1319 1421
1345 1388
1368 1350
1387 1313
1403 1276
1415 1236
1425 1193
1426 1150
1428 1108
1433 1069
1438 1026
1444 982
1041 1004
1034 1031
1008 1047
991 1072
988 1103
1007 1128
1036 1137
1067 1145
1094 1160
1123 1160
1154 1164
1184 1155
1207 1134
1231 1113
1224 1083
1219 1054
1212 1021
888 1261
916 1252
944 1243
975 1237
1007 1236
1038 1234
1071 1234
1103 1236
1136 1237
1168 1235
1199 1233
1232 1233
1260 1244
1260 1276
1243 1301
1228 1327
1208 1352
1182 1367
1153 1375
1123 1380
1091 1383
1061 1380
1032 1370
1006 1357
979 1343
954 1326
929 1307
905 1286
900 1261
923 1250
946 1242
974 1241
1001 1241
1028 1243
1056 1242
1082 1240
1109 1241
1136 1242
1163 1241
1190 1240
1218 1239
1245 1239
1238 1262
1217 1276
1194 1286
1171 1295
1147 1303
1122 1309
1096 1312
1069 1313
1043 1311
1017 1306
993 1300
969 1292
945 1285
921 1276
1185 893
1198 879
1212 868
1227 858
1242 850
1258 843
1277 841
1295 843
1312 848
1328 855
1342 866
1342 884
1327 892
1310 898
1293 902
1275 904
1256 904
1237 902
1219 900
1201 898
967 876
949 863
931 852
912 843
891 838
868 836
847 840
827 847
808 856
790 869
773 882
793 888
813 893
835 898
856 902
878 903
901 903
923 900
945 896
967 895
1199 808
1203 782
1224 764
1248 757
1273 752
1299 748
1325 743
1352 740
1377 746
1400 757
1421 774
1432 796
1409 805
1383 799
1357 795
1330 797
1304 802
1280 809
1253 811
1225 810
1025 828
1024 789
994 760
958 748
919 742
879 738
837 738
799 748
763 761
729 778
697 802
673 833
711 825
748 815
786 807
827 804
868 803
909 807
947 815
984 824
