417 579
423 596
428 614
435 632
444 647
454 665
463 682
471 696
482 713
492 728
503 745
516 760
529 772
544 784
560 794
576 803
592 814
606 825
621 836
639 842
658 845
676 843
695 840
715 837
733 831
748 820
757 803
764 787
772 768
779 751
787 735
797 717
806 701
815 685
823 668
829 651
834 631
839 614
845 595
847 576
849 557
642 572
638 589
635 606
633 623
636 640
651 652
667 658
684 662
701 666
718 667
736 660
749 650
760 636
758 619
751 603
743 587
737 569
587 699
601 692
616 689
632 685
647 682
662 678
678 675
695 675
710 672
725 668
741 666
758 666
769 678
764 693
760 708
756 723
747 736
734 746
721 754
706 758
690 760
673 760
657 758
643 753
629 746
616 737
603 726
594 713
594 696
608 695
622 695
635 695
649 695
663 695
677 695
691 696
704 695
717 692
729 688
741 683
752 679
760 681
753 692
746 703
736 713
726 721
715 727
702 729
689 731
675 731
662 730
649 728
637 724
625 719
614 714
603 706
725 509
730 503
736 498
742 495
749 492
755 489
762 488
770 488
778 488
786 488
792 492
788 498
783 504
777 507
770 510
763 511
755 511
748 510
740 510
732 511
623 520
616 515
609 511
602 508
594 506
585 505
577 506
568 508
561 511
554 515
547 519
554 523
561 527
569 529
577 531
586 530
595 529
603 528
611 527
620 525
722 490
726 480
732 470
741 462
750 455
759 448
769 442
778 437
789 432
800 431
811 433
809 441
799 446
790 451
780 458
771 463
761 469
751 474
741 479
732 485
643 478
631 468
617 464
601 462
585 461
570 460
554 458
539 461
526 467
512 474
501 484
516 486
530 481
543 475
559 473
574 476
588 481
602 485
616 489
632 489
