96 339
97 349
98 361
100 372
103 383
107 392
112 403
118 412
125 420
134 428
141 435
149 443
157 451
165 458
174 465
183 471
193 476
204 479
215 480
226 481
237 481
248 480
259 478
269 476
280 472
290 467
299 461
309 455
317 448
324 440
332 432
338 423
344 414
349 404
354 393
357 383
362 373
365 362
368 352
369 341
369 329
191 330
186 337
182 345
182 355
188 361
196 365
205 366
215 365
225 366
233 366
243 367
252 365
260 359
262 351
259 342
255 334
251 325
174 407
179 401
186 397
193 393
200 389
208 388
217 389
225 389
234 388
242 390
249 393
257 396
264 399
271 403
272 411
265 416
259 421
252 426
246 431
238 435
231 437
222 437
214 436
207 432
200 428
193 423
187 418
180 413
175 406
181 404
188 403
195 402
202 402
209 403
216 403
223 403
230 402
238 402
245 403
252 403
259 404
266 404
271 407
264 407
258 408
251 410
244 411
237 411
230 412
223 412
216 411
209 410
202 409
195 408
188 408
181 407
262 282
265 278
268 274
273 271
278 268
283 267
288 267
294 266
299 267
304 269
309 271
307 276
303 279
299 282
294 284
289 285
283 286
278 286
272 286
267 286
180 279
176 274
172 271
166 269
161 267
155 267
149 267
143 268
138 269
133 272
128 275
132 278
137 281
142 284
148 285
154 285
160 286
166 285
172 285
178 284
252 244
256 236
264 233
273 231
282 230
291 229
300 228
310 228
318 231
326 235
334 240
332 247
323 246
314 244
305 243
295 243
286 243
277 245
269 247
259 248
189 243
182 238
175 236
167 233
159 232
150 232
141 232
133 233
125 236
118 240
114 247
121 251
129 250
137 248
145 247
154 246
163 247
171 249
179 251
187 251
