811 1039
822 1070
833 1106
844 1140
854 1176
865 1207
881 1239
903 1268
929 1295
955 1318
984 1335
1017 1349
1054 1360
1083 1374
1114 1396
1146 1414
1180 1426
1213 1430
1249 1430
1284 1423
1318 1410
1350 1391
1378 1371
1405 1346
1431 1324
1462 1305
1491 1281
1512 1254
1534 1227
1556 1196
1568 1162
1576 1127
1582 1095
1586 1057
1588 1022
1593 986
1594 952
1595 916
1596 880
1597 844
1598 806
1074 1020
1062 1046
1051 1076
1049 1104
1060 1133
1086 1151
1115 1148
1146 1150
1177 1147
1205 1133
1230 1121
1260 1110
1278 1086
1274 1057
1259 1030
1233 1014
1219 987
1076 1279
1088 1263
1107 1258
1126 1254
1146 1254
1166 1256
1186 1253
1206 1250
1226 1248
1245 1245
1263 1240
1282 1235
1301 1231
1322 1231
1325 1246
1309 1256
1292 1267
1276 1278
1261 1291
1244 1300
1226 1306
1207 1309
1186 1310
1166 1307
1147 1302
1130 1294
1113 1285
1096 1278
1083 1274
1098 1269
1114 1269
1131 1266
1147 1264
1163 1264
1180 1262
1196 1261
1213 1259
1229 1256
1244 1252
1259 1248
1275 1245
1291 1242
1303 1240
1288 1244
1273 1248
1258 1255
1244 1260
1227 1262
1211 1264
1196 1268
1179 1269
1164 1265
1147 1265
1131 1269
1115 1269
1098 1270
1249 858
1257 841
1266 824
1281 809
1297 798
1315 790
1334 788
1354 790
1373 795
1391 802
1408 812
1413 830
1397 843
1381 855
1363 861
1345 866
1325 870
1305 872
1286 869
1265 868
1033 915
1028 897
1013 884
997 876
979 870
960 867
941 869
924 877
908 887
894 900
883 916
876 933
892 942
909 948
928 952
948 952
967 948
984 942
1002 936
1018 928
1205 776
1221 745
1251 728
1285 719
1320 714
1356 710
1392 705
1426 711
1458 723
1489 739
1517 762
1528 791
1493 784
1459 777
1423 772
1386 770
1349 768
1311 769
1276 774
1241 780
1026 845
1020 820
1000 803
975 795
948 796
922 801
897 807
872 813
850 826
831 846
817 868
803 890
830 888
853 877
876 865
899 853
922 843
948 839
974 842
999 849
