38 516
37 539
36 562
36 583
37 608
39 631
43 654
48 676
55 697
63 718
70 741
82 761
95 779
111 794
132 808
150 821
170 830
193 835
216 841
237 845
262 849
283 851
307 850
329 843
350 831
369 818
388 810
408 795
427 781
443 768
461 752
476 734
485 713
495 692
503 671
508 649
511 626
513 603
512 579
513 556
514 532
232 509
225 523
217 538
212 553
214 570
222 584
239 590
255 593
272 591
287 592
304 597
321 595
336 590
347 579
350 563
349 545
342 529
169 660
183 662
197 666
211 668
226 668
241 669
255 673
268 676
283 677
298 678
313 679
328 679
344 679
359 680
358 690
345 694
331 698
317 700
302 700
286 700
272 698
257 696
243 695
228 694
214 690
201 686
188 680
176 672
185 666
196 671
207 676
219 679
232 681
244 682
257 684
270 685
284 685
297 685
310 686
323 686
336 685
349 684
361 684
348 685
335 687
322 688
309 687
296 687
283 687
270 686
257 684
244 683
232 681
219 680
207 677
196 671
348 421
356 414
365 409
374 406
385 404
396 405
406 406
416 408
425 411
434 417
440 426
437 435
428 439
417 440
406 440
395 440
384 439
375 436
365 432
357 427
225 409
218 402
209 396
201 392
191 389
180 389
170 390
160 392
151 394
142 399
134 406
142 414
151 418
161 420
171 421
182 421
192 421
203 420
213 419
224 419
326 370
340 359
357 354
375 353
394 354
412 356
430 357
449 357
466 360
482 368
489 384
478 398
460 396
444 390
427 386
409 384
390 385
372 386
353 385
334 385
262 366
246 355
228 350
208 348
189 346
169 344
150 341
130 343
113 350
97 360
84 375
100 387
120 388
138 383
157 379
177 377
196 379
215 382
235 384
254 381
