111 590
102 635
95 679
85 729
78 772
72 822
66 865
59 916
58 960
66 1006
74 1052
86 1097
106 1144
134 1178
169 1209
208 1236
249 1260
296 1278
343 1283
389 1283
437 1280
482 1277
531 1278
578 1279
623 1277
670 1279
717 1282
766 1277
809 1268
846 1238
873 1198
897 1156
918 1112
932 1070
943 1021
952 977
959 932
959 885
959 834
960 787
958 739
440 608
415 634
389 656
373 689
386 723
404 755
441 765
475 773
510 785
544 791
584 790
619 784
641 757
659 726
648 690
640 653
624 620
248 935
270 902
306 885
344 876
383 868
425 867
461 880
500 888
542 890
579 902
613 921
645 945
676 974
697 1007
688 1045
664 1078
631 1101
595 1113
556 1122
514 1124
475 1117
438 1105
400 1095
362 1085
327 1068
295 1042
266 1012
252 976
285 928
312 915
343 909
371 900
403 897
433 904
464 909
495 915
525 921
555 929
582 941
609 955
636 971
661 991
666 1021
641 1041
612 1050
579 1049
547 1048
516 1043
485 1038
455 1031
426 1022
397 1012
369 1003
340 994
312 983
290 959
695 544
715 540
736 543
758 544
779 546
798 551
817 558
837 563
855 572
872 583
890 593
873 585
854 577
836 570
817 562
799 554
779 549
759 545
738 543
716 545
449 498
432 489
415 483
396 478
378 475
358 472
338 471
318 472
298 472
278 472
258 474
278 476
297 478
317 480
337 480
357 479
377 480
396 485
414 488
433 493
731 440
745 418
766 404
791 399
818 400
843 405
866 415
888 429
908 445
928 463
946 482
950 502
928 490
907 474
886 460
863 450
838 444
812 442
785 442
757 442
449 376
450 350
437 329
416 317
394 305
368 306
343 311
319 317
295 322
272 330
252 344
235 364
258 357
283 352
308 348
332 343
358 341
381 348
401 363
423 375
