302 682
309 698
316 714
325 730
336 744
347 758
358 772
372 782
388 792
403 800
421 806
438 811
454 816
473 817
491 818
508 823
525 827
543 828
561 827
578 823
595 817
611 811
628 801
641 789
652 776
662 761
671 747
683 733
695 720
706 705
716 690
723 673
728 656
730 638
731 621
732 603
732 585
733 568
730 549
728 532
726 513
439 625
435 639
433 654
433 670
443 681
457 683
473 680
487 677
502 673
516 667
530 660
542 651
554 641
560 627
556 612
545 602
532 593
468 738
477 731
487 725
497 720
507 716
518 713
529 710
539 704
548 697
558 691
569 688
580 684
591 682
603 682
596 691
589 700
584 710
579 721
572 730
563 739
554 745
544 751
533 754
521 754
510 751
499 746
489 741
479 736
473 734
482 732
492 730
501 727
510 725
520 723
529 720
538 717
546 712
555 707
563 701
571 697
580 692
589 689
598 685
589 688
580 692
571 696
563 701
554 706
546 711
538 716
529 720
520 722
510 723
500 725
490 727
481 730
515 517
517 508
521 501
528 496
537 493
545 491
554 489
562 487
571 485
580 484
589 485
585 492
577 496
570 500
562 504
554 508
546 511
538 515
530 518
522 521
396 565
388 561
379 559
370 559
360 560
352 563
344 567
336 573
329 579
324 587
322 596
330 599
340 598
349 596
358 594
366 591
375 587
383 584
391 579
399 573
496 490
502 479
512 469
523 464
534 458
546 453
557 448
569 445
581 441
594 440
606 444
599 455
588 458
576 462
564 468
553 474
542 480
531 485
520 490
508 494
374 531
361 528
346 529
333 531
319 534
307 540
295 546
283 553
272 562
264 574
260 586
272 582
283 574
294 565
306 559
319 554
331 550
344 546
358 544
372 542
