339 332
340 346
343 360
346 373
349 388
351 401
355 414
359 429
363 441
370 455
378 466
387 476
397 486
409 495
420 503
431 510
442 521
453 530
465 537
479 541
492 544
507 545
521 544
535 541
546 535
559 527
569 519
580 509
592 502
603 493
613 484
624 473
632 461
638 449
643 436
648 422
651 409
653 395
655 380
655 366
655 352
477 328
471 338
465 347
460 358
460 370
467 377
479 381
490 381
503 380
514 381
526 381
537 378
546 371
548 360
544 349
538 339
532 328
442 434
450 429
459 423
467 417
476 413
485 410
496 409
506 410
517 410
527 412
536 417
544 422
553 427
561 433
570 438
562 443
553 449
545 455
536 460
527 462
516 463
505 462
495 461
485 459
476 455
467 450
459 444
450 439
447 436
455 434
463 433
470 431
478 431
486 432
495 432
503 432
511 432
519 431
527 431
535 432
543 432
551 433
558 435
553 436
545 436
537 436
529 435
521 435
513 435
504 435
496 435
488 435
480 435
471 435
464 436
456 436
551 270
556 265
561 261
567 259
574 258
581 258
587 259
593 262
599 264
604 268
607 274
604 279
599 282
592 283
585 283
579 282
573 281
566 279
560 278
555 275
456 271
450 267
445 264
439 261
433 259
426 259
419 261
414 264
408 268
403 272
398 277
403 281
409 284
415 285
422 285
429 284
435 283
442 281
448 279
454 277
557 219
562 214
568 210
574 208
581 206
588 206
596 207
602 209
608 213
613 217
619 222
613 225
606 225
599 224
591 224
585 226
579 229
572 231
566 229
560 226
448 215
440 210
430 208
419 208
409 210
399 213
389 215
381 220
374 228
367 237
360 244
369 242
378 236
386 230
396 227
406 226
416 227
426 229
437 228
447 225
