331 434
335 447
341 462
347 476
353 489
359 504
364 518
371 532
379 545
386 558
394 571
402 585
409 597
420 610
430 620
443 627
458 630
473 629
488 627
504 625
518 622
533 618
548 612
561 605
574 596
587 588
599 580
611 571
624 561
635 551
645 540
653 527
658 512
665 498
671 484
675 469
679 455
682 440
685 425
686 409
688 394
398 416
396 426
390 436
391 446
398 454
408 459
419 461
429 461
440 459
451 458
461 456
472 453
481 447
485 437
481 427
474 419
467 409
393 507
400 498
410 494
421 492
432 493
443 492
454 491
465 492
476 493
487 494
498 496
508 498
518 501
519 512
512 521
504 529
495 535
486 541
476 545
466 548
455 550
444 551
433 551
423 548
413 543
404 536
399 527
396 516
401 514
407 510
414 508
421 506
429 504
437 505
444 506
452 506
460 506
468 506
476 506
484 507
492 507
500 507
502 508
495 510
488 512
481 514
474 516
467 519
460 521
453 523
445 523
438 521
431 519
423 518
416 516
409 514
490 341
493 336
499 332
504 328
509 325
515 323
522 321
529 322
535 323
541 325
546 329
548 334
542 337
536 339
530 341
524 342
517 343
510 343
503 343
496 343
396 352
394 347
389 342
384 339
379 338
373 337
367 338
361 340
356 343
351 346
347 351
345 356
350 358
356 359
362 359
368 359
374 358
381 358
387 358
393 357
438 316
442 302
457 298
470 292
484 287
498 282
512 279
528 276
544 277
558 281
570 289
571 303
556 304
541 301
526 300
510 301
495 305
481 308
467 313
453 318
389 319
382 313
374 309
366 305
358 303
350 301
341 300
332 301
325 306
320 313
315 320
320 327
328 325
336 321
345 321
354 321
363 322
371 324
379 327
388 327
