235 421
237 437
238 453
241 469
245 484
250 500
258 514
266 527
276 540
288 553
298 564
309 577
320 588
332 599
343 610
355 621
368 630
382 638
398 644
413 645
430 644
445 639
460 633
474 623
486 614
501 605
512 596
525 586
538 577
551 566
563 556
575 545
585 533
594 520
602 505
609 490
613 474
616 459
619 443
621 427
621 410
370 391
364 405
355 418
351 432
355 449
366 459
380 467
396 470
413 471
429 469
444 466
459 459
470 449
474 433
471 418
463 404
455 389
319 488
333 480
349 476
366 475
383 476
400 480
417 480
432 475
449 475
466 477
483 479
499 481
512 492
510 509
502 523
492 536
479 547
464 554
449 559
433 562
416 564
399 563
382 561
367 554
354 544
342 531
332 518
325 503
333 491
347 490
360 492
373 494
386 496
399 498
413 499
425 495
439 494
452 491
465 489
479 489
492 489
503 495
496 506
485 515
474 522
463 527
450 530
437 532
423 534
410 535
396 534
383 532
371 528
360 522
349 513
340 503
456 348
460 342
465 337
471 333
477 329
483 327
490 326
497 325
504 325
510 326
517 329
517 335
510 336
503 337
496 339
489 340
482 340
475 341
468 342
462 345
361 342
356 335
350 331
342 329
335 327
327 326
319 326
311 327
304 330
297 333
291 338
298 340
306 341
314 342
322 343
329 344
337 345
345 346
353 347
361 348
431 300
439 288
451 282
465 280
479 278
493 278
508 278
521 280
534 284
547 289
557 299
554 310
542 305
529 301
515 299
501 298
486 299
472 300
458 302
444 303
375 293
364 286
352 283
338 282
325 283
312 281
298 282
286 285
275 292
265 300
254 309
268 308
281 307
294 306
308 305
321 303
335 303
348 304
361 306
374 305
