132 446
133 460
133 476
134 492
137 506
139 521
143 536
149 551
155 565
162 578
171 591
181 603
193 613
205 622
218 630
231 640
243 648
255 657
268 666
281 675
294 682
309 687
324 690
339 691
355 689
368 684
381 676
391 663
399 649
403 635
411 621
418 608
428 596
436 583
444 570
453 557
462 545
472 532
480 519
486 506
490 490
329 465
328 478
326 492
323 505
323 518
333 528
345 534
358 538
372 541
384 541
398 536
410 529
419 519
419 505
414 493
409 480
405 466
271 553
283 553
295 554
307 556
319 556
331 556
344 556
355 558
367 558
378 557
390 556
402 558
405 568
402 579
399 590
394 600
387 609
376 612
364 613
352 611
341 608
331 604
321 600
311 593
302 587
292 580
283 573
276 563
281 558
290 559
300 560
309 562
318 563
327 564
336 566
345 568
354 570
363 571
372 569
380 566
390 565
398 568
395 576
388 583
380 588
372 591
363 593
354 592
345 591
336 588
328 586
319 583
311 579
303 575
296 570
288 565
413 420
415 414
418 410
422 405
427 402
431 399
437 397
442 396
448 397
453 400
457 404
458 409
456 414
451 418
446 421
441 422
435 423
430 423
424 422
418 421
332 409
328 403
323 396
317 392
310 388
302 387
294 387
286 388
279 389
272 392
265 395
270 402
276 407
283 410
290 413
297 415
305 416
313 417
321 417
329 416
419 374
426 370
434 366
442 362
450 360
458 358
467 356
475 354
484 355
489 362
492 370
488 377
480 373
471 372
463 374
455 377
447 380
439 382
430 384
422 382
352 371
353 358
342 350
331 344
320 339
309 334
295 334
282 335
270 338
258 343
249 353
243 364
257 365
268 359
279 355
292 353
306 352
318 356
328 363
340 369
