519 695
525 716
530 739
532 761
534 784
536 807
541 829
549 851
558 873
570 891
588 907
604 922
623 936
642 950
660 962
680 973
700 985
721 995
743 1004
766 1005
788 1001
809 994
829 982
848 969
866 956
889 951
908 938
927 925
942 909
959 892
976 877
993 860
1008 845
1019 824
1025 803
1029 779
1033 758
1037 734
1039 712
1041 690
1042 665
674 694
665 706
657 720
655 735
659 751
672 760
687 767
702 769
720 769
734 765
749 757
765 754
778 747
784 731
781 716
772 703
759 691
653 840
665 829
676 817
689 809
705 806
721 807
737 806
753 808
768 811
785 811
800 814
812 823
818 837
816 852
810 866
800 879
790 891
778 901
765 908
750 912
735 915
719 915
703 914
689 907
678 896
669 883
662 869
656 855
673 837
682 830
691 824
702 823
713 824
725 825
736 824
748 824
759 825
770 826
780 829
790 832
800 835
808 842
798 847
789 853
781 860
772 867
762 871
752 873
741 875
730 875
719 874
707 874
697 871
688 865
681 856
678 846
809 637
814 630
821 625
828 620
836 617
844 615
853 615
861 616
870 617
878 619
886 623
887 630
879 633
871 636
863 638
854 638
845 639
836 639
827 639
818 638
659 652
659 644
653 638
646 634
638 631
630 629
621 629
612 629
604 631
597 633
590 637
585 644
592 648
599 651
608 652
616 653
625 653
634 652
642 652
651 651
757 593
769 577
787 571
805 566
825 564
846 565
866 566
887 566
907 567
927 570
944 577
938 591
918 592
897 592
876 593
856 593
835 594
816 596
796 599
775 599
660 602
657 590
644 585
630 582
616 580
601 579
587 581
574 585
561 589
548 594
536 602
533 616
548 616
561 611
574 608
588 606
602 603
617 601
631 603
645 604
