534 699
543 742
554 784
564 826
574 872
585 915
598 957
614 1000
633 1038
656 1078
679 1115
707 1152
739 1184
770 1211
812 1232
851 1248
891 1270
932 1287
974 1307
1017 1323
1060 1333
1104 1333
1145 1330
1191 1323
1232 1308
1270 1285
1299 1247
1318 1207
1335 1166
1358 1127
1373 1088
1396 1046
1414 1008
1428 967
1443 925
1457 882
1470 836
1482 795
1495 754
1504 708
1506 662
1086 750
1066 782
1048 816
1045 854
1049 891
1081 915
1118 922
1158 925
1196 935
1233 942
1269 927
1296 902
1312 864
1307 826
1295 791
1278 757
1256 721
949 1072
978 1067
1008 1066
1037 1062
1066 1056
1094 1052
1123 1046
1153 1045
1183 1048
1211 1044
1239 1036
1267 1030
1297 1028
1321 1037
1307 1062
1290 1086
1271 1109
1247 1126
1221 1137
1193 1142
1163 1145
1132 1145
1103 1142
1075 1136
1048 1127
1023 1115
998 1102
974 1085
991 1074
1013 1079
1038 1080
1062 1077
1085 1073
1109 1071
1133 1068
1158 1068
1183 1066
1207 1064
1230 1061
1254 1057
1276 1053
1298 1046
1320 1039
1298 1046
1276 1053
1254 1058
1230 1062
1206 1064
1183 1067
1159 1070
1135 1072
1109 1072
1085 1074
1062 1078
1038 1080
1013 1080
1236 565
1253 545
1271 526
1291 508
1312 492
1333 477
1356 468
1381 465
1406 470
1428 484
1436 507
1439 533
1437 559
1417 575
1391 580
1365 581
1338 580
1311 579
1284 578
1259 574
993 580
979 558
958 541
937 523
916 507
892 498
864 499
839 505
816 515
794 530
777 551
766 574
787 590
811 601
836 606
864 607
891 604
917 599
942 593
968 587
1282 406
1293 381
1307 357
1329 335
1353 321
1379 311
1408 307
1438 308
1465 317
1488 334
1504 357
1508 386
1490 375
1467 359
1439 352
1410 349
1380 351
1353 359
1329 373
1307 394
1047 390
1015 359
976 342
933 336
887 334
842 337
801 346
762 364
727 390
700 425
687 464
716 431
751 404
790 388
832 380
876 376
922 374
964 381
1001 404
1038 425
