876 1386
890 1454
912 1528
935 1593
962 1664
992 1733
1027 1800
1065 1862
1114 1918
1159 1977
1203 2041
1243 2100
1288 2156
1339 2211
1410 2236
1485 2258
1555 2274
1628 2285
1702 2288
1778 2277
1848 2272
1920 2262
1995 2234
2056 2199
2115 2151
2166 2097
2212 2039
2251 1975
2285 1909
2329 1851
2359 1779
2393 1713
2400 1641
2414 1571
2422 1494
2425 1423
2423 1344
2419 1274
2412 1195
2401 1126
2389 1047
1413 1290
1404 1339
1388 1393
1388 1441
1428 1479
1480 1493
1529 1504
1585 1514
1634 1506
1673 1472
1706 1427
1755 1407
1792 1375
1795 1319
1770 1273
1738 1235
1695 1196
1383 1796
1409 1752
1447 1712
1495 1695
1545 1684
1596 1672
1646 1662
1699 1656
1748 1641
1795 1622
1846 1612
1898 1603
1949 1594
2001 1601
2020 1648
1994 1692
1961 1734
1918 1764
1872 1787
1826 1807
1779 1826
1730 1840
1680 1851
1628 1860
1575 1867
1520 1867
1470 1853
1427 1825
1500 1787
1524 1757
1554 1732
1585 1712
1618 1695
1653 1685
1690 1677
1725 1666
1759 1653
1793 1641
1828 1631
1864 1622
1900 1615
1940 1613
1971 1627
1942 1655
1911 1675
1879 1693
1847 1712
1814 1730
1781 1746
1747 1758
1712 1769
1679 1783
1645 1795
1610 1806
1571 1808
1532 1805
1748 999
1762 982
1778 965
1795 952
1814 942
1834 934
1854 929
1876 926
1899 926
1921 929
1942 933
1932 948
1913 955
1893 963
1874 971
1854 978
1834 984
1811 986
1791 991
1770 996
1271 1123
1255 1113
1237 1108
1217 1106
1197 1108
1179 1112
1161 1118
1145 1127
1129 1140
1115 1154
1102 1169
1120 1174
1139 1176
1159 1174
1178 1170
1196 1165
1214 1160
1232 1154
1249 1148
1266 1141
1521 886
1546 837
1589 797
1636 767
1686 747
1739 732
1792 720
1851 721
1905 734
1955 754
2002 782
2023 827
1964 828
1905 827
1847 833
1791 840
1735 847
1681 859
1629 876
1578 893
1299 965
1279 924
1236 906
1185 907
1140 919
1097 936
1056 958
1017 987
980 1019
950 1058
934 1101
929 1149
975 1157
1013 1127
1051 1094
1091 1069
1132 1048
1175 1029
1217 1010
1260 995
