298 386
302 397
307 409
311 421
313 434
315 447
319 458
324 470
330 481
336 492
343 503
350 514
359 523
370 529
382 531
396 532
408 531
420 532
434 533
445 534
458 536
471 537
484 536
497 533
509 531
521 527
532 522
544 515
554 508
563 499
570 489
576 478
581 465
583 453
585 440
586 428
587 415
588 403
590 390
591 378
593 364
440 367
435 374
431 383
430 392
434 401
443 405
451 407
461 409
471 409
480 407
489 405
497 401
505 396
508 387
505 377
499 370
492 363
406 449
413 446
422 443
430 440
439 438
447 437
457 436
466 437
475 436
484 434
493 433
502 434
511 436
520 437
521 445
514 450
506 455
499 460
491 463
482 466
473 467
464 467
455 466
446 464
438 461
430 459
421 457
413 453
410 449
418 450
426 449
434 448
442 447
450 447
458 446
466 446
474 446
482 445
490 444
497 443
506 442
514 442
520 441
513 442
505 443
497 444
489 445
481 446
473 446
465 447
457 447
449 448
441 449
433 449
425 450
417 451
495 319
499 315
503 313
508 311
512 309
517 307
522 306
527 307
532 307
537 308
542 310
542 316
537 318
532 319
527 320
522 319
517 320
511 320
506 320
500 320
419 323
414 321
409 320
404 319
399 317
393 317
388 318
383 319
378 322
374 324
369 327
374 329
379 331
384 331
390 331
395 330
400 329
405 328
411 327
416 326
483 288
487 280
495 275
504 272
513 268
523 266
533 265
543 265
552 268
561 273
567 281
568 291
560 287
551 282
542 280
532 280
522 282
513 285
503 287
493 288
430 281
421 277
410 275
398 274
387 273
375 273
363 274
354 279
344 285
336 293
329 302
339 299
350 296
361 293
371 291
382 289
394 288
405 290
417 291
429 291
