413 452
416 469
418 487
420 504
420 523
418 540
419 558
423 576
428 594
435 609
447 624
458 636
472 650
484 663
498 675
511 687
524 697
539 706
556 714
574 719
591 723
609 724
628 722
645 718
662 711
678 705
695 697
712 690
726 680
740 668
752 656
763 641
773 626
783 611
789 594
793 578
797 560
801 542
805 524
810 506
813 488
583 436
572 447
561 459
552 474
558 488
572 494
589 499
605 502
621 503
637 504
653 504
671 504
686 501
694 488
686 473
678 459
670 444
531 568
540 557
551 549
563 544
575 538
587 534
601 533
613 537
626 541
640 539
652 544
663 551
674 559
685 568
691 580
684 591
673 599
661 605
648 608
636 612
622 611
609 608
595 607
582 604
569 601
557 596
545 590
536 580
538 568
550 568
560 567
571 566
582 567
593 568
604 569
615 570
626 570
637 572
647 574
658 576
669 576
680 578
689 580
679 577
669 575
658 573
647 572
636 571
625 570
614 570
603 569
592 568
582 566
571 565
560 565
549 567
678 411
685 406
692 402
700 399
708 398
717 397
725 398
733 400
741 403
748 406
754 413
749 420
742 423
734 425
725 425
716 425
708 423
700 421
692 419
685 415
572 397
565 390
557 386
548 383
539 382
529 381
519 381
509 382
501 385
492 388
484 393
492 399
500 402
509 405
518 407
527 409
537 408
547 407
556 405
565 403
659 357
669 346
683 342
698 339
713 339
728 341
743 342
757 346
770 354
780 365
785 378
784 393
773 383
761 373
748 368
733 366
718 366
702 366
687 365
672 363
586 349
585 334
572 326
557 323
542 321
526 321
511 324
497 328
484 334
471 342
461 354
454 367
469 365
482 358
496 352
511 350
526 352
542 354
557 356
572 355
