314 583
321 600
328 615
336 634
342 650
351 666
360 684
368 699
377 715
388 731
398 746
408 762
418 778
429 793
441 805
456 817
471 827
487 836
504 843
522 848
542 851
560 852
577 848
593 838
606 825
617 811
628 796
639 780
650 765
660 751
673 736
686 723
700 710
712 698
725 684
734 667
742 650
748 634
754 617
758 599
762 579
478 574
469 588
460 604
459 622
464 639
480 649
499 653
515 656
535 655
552 654
571 651
588 646
603 638
615 623
617 606
608 589
595 575
449 727
457 714
470 704
484 696
499 690
515 689
532 688
548 686
564 683
580 686
596 687
613 688
628 693
634 707
627 721
620 736
612 749
601 762
588 771
573 776
558 780
541 781
525 779
509 776
495 771
480 763
467 754
457 741
454 726
465 720
478 719
492 719
506 719
519 717
532 715
544 713
557 710
570 709
583 706
595 703
607 699
620 698
629 703
617 706
605 710
593 714
582 720
570 724
558 729
546 732
533 733
519 734
506 733
493 731
480 730
466 729
613 490
618 483
625 478
632 474
640 471
649 469
658 469
668 469
676 471
684 475
690 482
688 491
681 495
673 498
664 499
655 500
646 500
637 499
629 496
621 493
466 499
460 491
451 485
442 481
433 478
423 476
412 476
401 477
391 479
382 483
373 488
378 497
386 504
395 508
406 509
417 509
428 509
438 507
447 504
457 501
586 441
586 424
600 415
614 409
630 405
645 401
661 397
678 397
694 402
707 410
720 421
730 434
717 439
701 436
685 434
669 432
652 434
636 436
619 439
603 441
466 419
453 413
439 411
424 409
409 410
394 411
380 412
367 417
354 424
344 435
339 448
351 452
365 448
378 444
392 442
408 442
423 442
438 441
452 439
465 433
