315 434
312 454
314 476
317 498
319 519
324 540
329 562
329 585
334 607
342 625
352 645
361 666
374 684
388 702
399 719
414 737
428 754
444 767
461 780
484 785
505 789
526 791
548 791
569 788
591 778
610 767
625 754
642 738
657 722
671 705
684 687
696 670
707 650
715 630
723 610
730 589
736 568
741 547
745 525
748 503
750 480
461 436
452 453
440 469
431 487
434 507
450 518
470 523
489 525
510 526
530 526
551 527
569 524
585 512
586 491
579 474
569 455
559 436
417 610
427 600
439 593
450 585
462 579
477 579
490 582
504 583
519 583
532 586
544 590
556 596
568 603
578 614
579 628
567 635
556 643
544 649
532 655
520 660
507 663
492 662
478 661
465 659
454 651
443 642
434 631
423 622
425 607
436 605
447 603
459 602
471 602
483 603
494 605
506 606
518 605
530 605
541 604
553 604
564 607
574 612
574 623
564 626
553 628
542 631
531 634
520 636
509 638
497 638
485 636
474 634
464 630
454 625
444 619
435 614
575 398
582 391
591 389
600 387
609 385
618 383
628 383
638 385
646 388
654 392
660 399
658 408
649 410
639 410
630 409
620 408
611 406
602 405
593 403
584 399
472 387
462 381
452 376
441 372
430 369
418 368
405 369
394 372
383 375
372 380
363 386
373 392
384 395
395 397
407 399
419 400
432 400
444 400
456 399
468 396
559 325
568 311
584 308
602 309
618 312
634 316
650 320
667 324
681 331
695 341
707 353
701 367
684 363
669 359
653 355
637 351
620 348
604 344
588 340
572 335
490 334
483 319
471 307
456 300
440 297
422 297
406 301
390 305
375 312
362 323
352 336
346 351
363 352
379 346
394 341
411 339
428 340
445 338
462 339
477 344
