451 354
456 371
461 390
467 409
474 427
478 444
484 462
492 481
499 497
508 515
517 532
527 547
539 562
552 576
567 588
584 597
601 604
620 610
639 613
658 613
676 609
695 603
712 595
728 588
745 578
763 568
778 558
793 548
808 534
822 522
833 507
840 489
848 473
854 454
858 435
860 416
863 398
866 380
869 359
872 342
876 321
594 341
590 357
587 372
583 389
590 403
603 413
619 418
634 418
651 418
668 415
682 408
698 401
705 389
703 371
695 358
686 344
678 329
564 478
576 472
589 468
602 463
615 458
629 455
644 456
659 454
672 450
686 448
700 451
714 454
728 456
743 457
740 470
729 479
718 489
706 498
694 506
681 511
668 515
654 517
638 517
624 514
612 508
599 501
587 494
575 487
583 480
594 478
605 478
617 476
628 475
639 473
651 472
662 470
673 469
684 467
696 466
707 465
719 463
730 462
739 464
730 469
719 472
708 473
696 475
686 478
675 480
664 483
653 484
641 484
629 484
617 484
605 484
594 483
694 274
697 265
702 257
708 250
715 244
723 240
733 239
743 239
752 241
760 245
768 250
775 256
767 262
759 265
750 267
741 270
732 272
723 274
713 275
703 275
576 283
574 276
569 270
562 266
555 264
548 262
540 262
533 263
526 266
520 270
514 275
510 281
516 284
523 287
530 288
538 288
546 288
553 287
561 286
569 285
660 231
671 218
685 208
699 201
714 194
729 188
745 184
763 183
779 187
794 194
806 205
789 207
771 207
755 212
740 217
724 222
709 229
695 236
680 243
664 247
591 235
579 224
565 218
551 215
535 213
520 212
504 211
489 214
475 220
463 230
450 238
463 246
478 248
494 246
509 244
524 242
540 241
556 240
571 243
586 247
