280 164
278 175
275 188
275 199
277 211
280 224
283 234
287 246
292 256
299 266
306 276
313 286
320 297
326 307
331 318
338 328
344 337
354 345
365 351
376 356
388 359
399 359
411 357
422 354
433 347
442 341
452 333
461 326
471 319
481 311
490 304
499 296
508 287
516 277
521 267
526 257
532 246
538 235
543 225
548 214
553 202
378 197
371 207
364 218
358 230
358 243
367 251
377 260
387 268
399 275
412 273
423 268
434 261
446 255
451 243
450 230
446 219
439 206
334 263
342 268
350 275
358 280
368 283
377 286
386 289
396 291
406 291
416 288
425 286
435 285
446 285
452 291
445 299
437 305
429 311
420 315
411 318
401 319
391 316
382 313
373 309
365 303
359 295
352 287
346 279
339 271
349 278
356 281
362 284
369 286
376 289
383 292
390 294
398 295
406 295
414 295
422 294
429 293
436 291
443 288
450 287
443 290
436 292
428 294
421 295
413 296
405 297
397 296
390 295
383 292
376 290
369 288
362 286
355 282
456 154
462 150
468 146
474 143
480 140
487 139
495 139
502 140
508 142
514 147
518 152
517 159
511 163
504 164
497 164
490 163
482 163
475 162
469 160
463 157
373 139
368 133
362 129
357 126
350 123
344 120
337 119
330 119
323 120
317 123
311 127
315 133
321 137
327 139
334 141
341 142
348 143
355 143
362 144
369 144
446 131
449 120
460 115
472 112
484 111
496 109
508 106
519 103
531 101
543 99
554 104
552 115
541 118
529 121
518 124
506 126
494 127
482 129
470 131
457 133
395 121
388 112
378 104
368 99
358 94
348 89
338 82
328 75
319 69
307 66
298 73
305 83
316 88
325 95
335 101
345 107
355 113
365 119
374 125
386 128
