931 1365
939 1420
948 1474
956 1529
962 1583
971 1636
983 1693
993 1746
1005 1804
1013 1859
1018 1915
1030 1968
1045 2021
1063 2076
1092 2122
1125 2165
1165 2207
1211 2242
1256 2267
1314 2284
1367 2293
1423 2299
1477 2295
1529 2279
1584 2257
1635 2239
1688 2213
1729 2181
1771 2144
1809 2102
1848 2059
1885 2020
1914 1972
1937 1919
1956 1866
1968 1814
1982 1757
1996 1707
2016 1652
2036 1602
2057 1546
1311 1530
1286 1566
1259 1606
1236 1653
1249 1696
1289 1724
1328 1754
1366 1777
1415 1786
1461 1771
1504 1754
1549 1736
1586 1708
1591 1657
1568 1615
1541 1580
1506 1541
1133 1919
1167 1897
1209 1894
1252 1894
1293 1898
1332 1906
1373 1911
1415 1908
1455 1902
1498 1902
1538 1909
1578 1914
1619 1918
1658 1928
1688 1952
1646 1955
1604 1957
1563 1961
1523 1968
1483 1975
1444 1982
1402 1986
1360 1984
1321 1975
1285 1962
1248 1949
1209 1940
1170 1932
1159 1907
1195 1902
1232 1905
1270 1909
1305 1915
1342 1920
1379 1924
1416 1927
1455 1927
1493 1925
1532 1924
1570 1924
1609 1926
1642 1937
1673 1953
1641 1938
1608 1927
1569 1926
1531 1927
1493 1929
1455 1932
1417 1934
1379 1933
1342 1928
1307 1921
1272 1913
1236 1906
1197 1906
1632 1344
1650 1327
1669 1317
1687 1303
1708 1295
1732 1294
1753 1299
1774 1306
1794 1315
1813 1326
1831 1341
1822 1361
1802 1369
1782 1377
1759 1381
1735 1381
1712 1379
1690 1375
1669 1369
1648 1362
1278 1320
1264 1304
1249 1289
1234 1276
1217 1266
1198 1260
1179 1256
1159 1254
1140 1257
1122 1267
1111 1283
1118 1301
1131 1317
1148 1328
1166 1334
1185 1338
1205 1341
1226 1341
1247 1339
1266 1335
1544 1154
1575 1120
1614 1101
1657 1090
1701 1083
1747 1078
1792 1073
1839 1074
1882 1082
1921 1104
1946 1140
1933 1178
1891 1166
1846 1160
1802 1153
1758 1145
1711 1145
1669 1156
1627 1169
1582 1175
1339 1109
1309 1080
1276 1061
1239 1050
1198 1047
1157 1049
1116 1051
1078 1059
1043 1075
1009 1094
976 1114
1009 1135
1050 1133
1086 1122
1123 1110
1161 1102
1202 1104
1239 1113
1275 1127
1313 1135
