188 208
187 223
187 238
186 254
186 269
188 284
190 300
193 315
197 329
202 344
209 357
216 371
223 384
232 397
241 410
251 422
261 432
272 442
285 451
299 459
313 466
327 470
342 473
358 473
373 471
387 466
401 459
414 450
425 441
437 429
446 418
456 406
465 394
474 380
481 368
488 354
495 341
503 327
509 313
516 299
523 284
356 243
349 252
343 262
335 272
334 284
340 295
348 302
360 307
372 310
384 311
397 312
409 312
418 305
420 292
419 281
417 268
416 256
291 352
301 348
311 345
320 341
330 336
339 332
349 330
359 333
368 338
379 340
389 343
398 350
402 359
407 369
412 378
408 387
399 393
389 397
380 401
368 401
358 399
348 396
337 395
327 392
318 386
310 379
303 370
296 362
298 352
306 352
314 351
322 351
330 352
338 352
346 354
353 356
361 357
368 359
375 362
382 365
389 367
396 370
402 375
395 373
388 372
381 369
374 367
365 367
358 366
351 363
344 361
336 359
329 357
321 356
313 355
305 355
437 213
441 206
448 204
455 201
462 199
470 199
477 201
484 205
490 209
495 215
499 222
501 229
494 231
486 231
479 230
471 228
465 225
458 222
451 218
444 216
340 179
335 173
329 167
323 163
316 160
308 159
300 159
293 160
285 162
279 165
272 169
279 174
285 177
293 179
300 181
308 182
316 182
323 181
331 182
338 184
444 178
446 169
455 164
465 162
475 162
486 163
496 164
506 165
517 166
526 169
534 175
535 185
526 182
516 179
505 179
495 179
484 180
474 181
463 181
453 181
360 146
351 135
338 127
326 122
313 117
299 112
285 109
271 107
257 110
245 117
236 128
250 126
263 121
278 119
291 123
304 129
317 134
329 141
342 148
354 156
