610 954
615 975
626 997
631 1019
640 1042
646 1062
654 1085
663 1108
670 1129
683 1148
703 1160
725 1169
747 1176
771 1183
794 1189
816 1193
839 1195
864 1197
886 1200
909 1204
933 1207
956 1209
978 1208
1003 1208
1025 1208
1048 1198
1069 1186
1088 1175
1106 1160
1123 1144
1142 1128
1158 1112
1171 1093
1185 1073
1196 1053
1205 1031
1209 1007
1213 984
1215 962
1217 938
1214 914
922 807
919 830
911 852
903 874
903 895
917 914
940 915
962 908
983 899
1005 899
1028 908
1050 910
1058 890
1057 865
1046 846
1033 826
1027 803
885 1032
895 1017
905 1002
916 987
929 973
944 962
959 953
976 949
996 948
1014 950
1030 957
1045 968
1058 981
1069 996
1079 1011
1084 1028
1077 1044
1066 1059
1052 1070
1036 1078
1018 1081
999 1081
980 1080
962 1076
945 1072
929 1065
914 1055
900 1044
898 1021
909 1018
919 1015
930 1012
940 1009
949 1004
959 999
969 995
980 995
992 995
1003 996
1013 999
1023 1005
1033 1008
1044 1010
1045 1012
1033 1012
1022 1012
1011 1014
1000 1016
988 1016
977 1016
965 1015
954 1015
942 1014
931 1016
920 1018
909 1019
1034 740
1037 730
1047 726
1056 722
1067 720
1078 719
1089 720
1099 723
1108 728
1116 735
1122 744
1120 754
1111 759
1101 762
1090 763
1078 764
1068 762
1058 758
1049 754
1039 749
873 740
863 734
851 731
839 728
826 727
814 729
802 733
791 738
780 745
771 753
763 763
774 767
787 769
800 770
813 769
825 768
837 765
849 761
860 758
871 752
1027 656
1035 638
1052 629
1072 627
1092 628
1112 631
1132 634
1149 642
1165 653
1181 667
1193 683
1196 702
1178 696
1162 684
1146 673
1128 666
1108 664
1087 664
1066 663
1046 662
921 649
896 637
868 634
839 633
809 634
781 637
756 646
732 659
709 676
691 699
679 723
705 715
730 705
755 696
781 688
807 679
835 676
864 675
894 677
923 676
