459 681
464 696
469 714
474 731
479 747
485 764
491 781
497 797
505 813
516 828
528 838
543 847
560 854
577 861
594 869
609 876
626 883
641 889
659 892
676 890
694 886
712 884
730 882
747 878
764 873
779 865
794 855
808 845
822 835
837 824
851 814
862 800
871 784
878 768
883 751
888 735
894 718
900 701
905 685
910 668
915 649
632 641
629 655
627 671
622 687
623 702
632 714
648 717
663 715
680 714
694 713
711 712
726 707
736 694
736 679
733 664
726 650
719 634
620 779
627 772
636 767
644 763
652 757
661 753
670 751
680 750
690 749
700 750
709 753
718 756
727 759
736 763
745 767
742 775
733 779
724 781
715 784
706 786
696 788
686 789
676 790
666 791
656 792
646 792
636 791
627 787
624 776
630 771
637 769
644 768
652 768
660 767
668 767
676 766
683 765
691 765
699 765
707 766
714 767
721 769
729 771
724 773
716 773
708 774
701 774
693 775
685 776
678 777
670 778
662 778
654 778
647 776
639 775
631 775
733 588
739 580
745 573
753 568
761 564
770 562
779 561
789 562
798 564
806 568
814 573
813 582
805 588
797 591
788 594
779 595
769 595
759 595
750 594
741 592
617 594
611 587
603 582
594 580
584 579
575 580
565 582
557 585
549 590
541 596
534 602
542 607
550 611
559 614
568 615
578 614
587 612
596 610
605 607
613 602
723 542
729 528
738 515
748 503
761 494
774 488
789 485
805 486
820 489
833 496
846 505
850 515
836 510
821 507
805 506
789 507
775 511
762 519
750 529
736 536
591 532
590 519
579 513
567 510
554 509
541 511
528 513
517 516
505 521
495 528
485 538
477 548
490 546
502 544
514 541
527 539
540 538
553 539
566 539
580 538
