361 326
358 338
356 351
354 364
352 378
351 391
349 404
348 418
348 431
351 445
355 458
360 470
365 481
372 493
378 506
385 516
394 526
404 536
415 544
425 550
438 556
451 560
463 561
477 560
489 555
501 548
513 541
524 535
535 529
548 521
558 515
569 506
579 497
588 487
596 476
603 465
610 454
616 443
623 430
627 418
632 405
487 359
479 364
472 372
467 381
465 391
468 400
476 408
486 411
493 417
503 420
513 421
524 420
533 417
540 410
540 400
538 390
534 380
437 455
443 450
449 445
457 443
464 442
472 443
479 446
485 450
493 451
501 453
507 456
513 462
516 469
519 476
516 483
510 488
504 494
497 497
490 500
482 500
474 500
467 498
460 494
454 489
448 483
444 477
441 470
439 463
437 455
443 453
449 451
455 451
462 452
468 453
474 456
479 459
486 459
492 460
498 461
504 464
509 468
512 473
508 478
503 482
498 485
492 488
486 490
480 490
474 489
468 486
463 482
459 477
455 472
452 466
448 461
442 459
556 336
561 331
567 328
573 326
579 325
586 325
592 327
597 330
602 334
606 339
609 345
608 351
602 353
596 354
589 353
583 352
577 350
572 347
566 344
561 341
485 312
482 306
477 300
472 295
466 292
459 291
452 290
445 290
438 292
433 295
427 299
430 306
434 311
440 315
446 318
453 319
460 319
467 318
474 318
481 318
574 290
579 282
588 278
598 277
609 278
619 280
628 282
637 286
645 292
651 300
653 310
652 321
644 324
639 315
631 308
622 303
613 300
603 298
593 296
584 293
508 270
509 258
500 249
489 244
477 241
466 239
454 236
442 233
429 234
418 238
408 245
399 255
410 259
423 260
435 259
448 259
460 260
472 263
484 266
495 269
