317 606
320 626
324 647
330 667
339 687
348 708
356 726
365 746
374 766
385 786
396 805
405 823
416 841
430 859
447 871
468 880
488 885
508 889
530 894
552 899
573 901
595 900
616 894
636 894
658 888
678 882
698 874
713 858
728 843
743 826
756 809
769 792
781 775
791 756
797 735
800 715
802 693
802 672
805 650
806 629
805 605
546 564
535 577
525 592
516 609
511 626
517 643
532 652
550 649
568 647
587 647
605 650
622 647
633 633
632 614
624 598
614 583
607 566
504 735
508 723
516 713
527 706
538 701
551 698
564 697
577 698
591 698
604 699
615 704
626 710
637 716
647 724
657 734
656 747
645 753
633 757
621 758
607 759
594 760
581 761
568 762
555 760
542 757
530 755
517 753
506 747
512 739
519 732
527 728
535 724
544 721
553 719
562 718
572 718
582 718
592 718
602 719
611 720
619 723
627 727
635 733
638 739
629 740
619 740
609 741
600 741
590 741
580 742
570 742
560 742
550 742
541 742
531 742
521 741
639 505
641 497
645 490
652 486
659 484
667 482
675 482
683 484
690 487
697 491
703 496
707 503
702 510
695 512
687 513
678 513
670 513
661 512
654 511
646 509
500 501
496 495
490 489
483 485
476 482
467 482
459 483
452 486
445 490
439 495
432 500
438 506
444 512
451 515
459 516
467 517
476 516
483 514
490 512
498 509
600 446
609 433
622 427
636 422
652 420
668 420
683 422
698 425
713 429
727 434
740 442
738 457
722 456
708 451
694 446
679 443
663 441
647 442
631 442
616 446
514 440
506 428
492 424
476 423
461 422
446 421
430 421
415 424
402 429
389 434
375 438
386 448
401 447
415 442
429 439
444 436
459 438
473 442
487 446
502 448
