144 489
144 507
145 525
146 543
148 562
152 581
155 599
159 617
163 636
168 654
175 671
184 688
194 702
206 718
216 733
229 746
243 758
258 769
276 778
292 783
311 787
330 788
349 785
366 778
383 770
399 763
416 755
434 747
450 737
465 726
478 715
492 701
504 686
515 670
524 656
533 639
542 623
551 606
559 588
566 571
572 553
317 500
305 508
293 518
283 531
280 547
288 561
302 570
317 575
332 579
349 581
365 582
381 579
393 567
396 553
391 538
383 523
373 510
244 636
254 627
266 621
278 614
290 609
305 609
318 612
331 615
345 616
357 621
369 628
377 639
385 650
389 662
383 674
375 685
364 695
352 701
340 706
327 709
313 709
299 706
287 702
275 695
265 685
257 674
251 662
247 649
254 638
263 633
272 629
282 628
292 627
302 627
312 630
321 632
331 633
340 636
350 638
358 642
367 647
375 653
377 663
369 667
360 670
351 674
341 676
331 677
321 676
311 674
302 672
293 669
284 665
276 660
268 653
261 645
417 450
421 442
429 436
437 432
446 429
455 428
465 430
473 432
482 436
489 443
496 450
494 459
486 464
478 467
468 468
459 468
449 466
440 464
431 462
423 457
307 429
302 421
295 412
286 406
277 401
268 398
257 397
246 398
236 400
227 404
219 410
224 419
231 427
240 433
249 437
259 439
269 440
281 440
292 440
302 438
389 390
403 381
418 375
435 374
453 373
471 374
488 376
504 380
518 387
532 398
542 411
533 423
518 416
503 409
488 404
471 401
453 401
436 403
419 404
402 402
323 378
323 360
309 352
294 346
279 342
264 337
249 333
232 331
217 335
203 343
190 355
184 370
201 371
217 368
233 365
250 364
266 368
280 374
295 381
310 387
