137 393
141 406
145 418
149 431
152 444
155 458
160 470
167 483
173 495
180 507
187 517
196 529
206 538
218 544
231 548
244 550
258 552
271 554
284 554
299 556
312 558
324 556
338 555
352 551
364 548
377 544
389 537
398 528
405 516
409 502
415 489
420 477
426 464
431 452
435 440
438 426
440 413
441 400
443 385
443 372
443 358
275 298
266 308
258 319
254 332
255 345
263 356
277 357
290 354
303 350
316 352
331 351
344 350
351 340
350 326
345 313
337 302
328 290
226 425
229 413
235 403
245 393
255 388
267 383
279 381
292 380
305 380
318 379
330 377
343 378
355 381
365 387
375 397
382 407
378 418
366 422
355 425
342 426
329 427
316 427
303 427
289 427
276 428
263 428
251 426
238 424
229 418
236 409
245 402
255 396
265 392
276 389
287 387
299 387
311 386
324 386
336 387
347 389
357 393
367 398
376 406
368 398
358 393
347 389
336 387
324 387
312 387
300 388
288 388
276 389
265 392
255 397
245 402
236 409
337 252
341 248
346 245
351 243
356 241
362 240
368 240
373 241
378 243
383 246
387 250
388 256
382 257
376 258
371 258
365 258
359 257
354 256
348 255
342 254
248 254
246 250
240 247
235 245
230 243
224 242
218 242
213 244
208 247
203 251
199 255
195 260
201 261
208 261
214 260
219 260
225 259
231 258
237 257
243 256
302 203
305 191
316 185
330 186
343 187
355 189
368 191
380 194
391 201
401 209
410 219
412 227
402 220
391 214
379 211
366 210
352 209
339 209
326 209
313 207
262 217
259 206
247 201
234 200
221 201
208 203
195 205
184 211
174 219
167 230
162 241
157 253
168 245
178 237
188 228
198 221
210 217
223 215
236 215
249 217
