786 865
795 894
801 923
808 956
814 987
818 1019
825 1048
835 1077
850 1107
865 1136
882 1161
900 1186
916 1214
936 1241
955 1266
977 1286
1005 1301
1037 1311
1068 1314
1100 1312
1130 1308
1160 1299
1190 1285
1215 1268
1240 1249
1266 1228
1288 1208
1311 1187
1334 1162
1354 1141
1376 1116
1397 1092
1417 1068
1435 1041
1446 1012
1453 982
1461 950
1471 920
1482 892
1493 862
1500 830
944 820
932 844
921 868
911 894
917 920
938 935
963 945
990 945
1017 942
1043 941
1072 936
1096 928
1118 910
1124 886
1115 860
1102 836
1091 810
905 1025
920 1007
940 995
964 993
986 998
1011 998
1034 995
1058 995
1082 996
1107 997
1130 1000
1152 1005
1173 1013
1185 1032
1167 1049
1149 1065
1130 1078
1110 1088
1090 1098
1069 1105
1047 1111
1023 1112
998 1112
976 1107
956 1097
937 1083
919 1068
907 1049
922 1052
941 1052
960 1053
979 1054
998 1054
1017 1053
1036 1053
1054 1050
1072 1047
1090 1045
1109 1043
1127 1040
1144 1036
1162 1032
1175 1028
1159 1035
1142 1039
1124 1043
1107 1048
1089 1051
1071 1054
1053 1056
1034 1057
1015 1058
996 1058
977 1057
958 1058
939 1057
1126 709
1137 700
1148 692
1159 684
1171 679
1184 676
1198 674
1213 674
1227 676
1240 680
1252 686
1252 697
1239 699
1225 702
1212 705
1198 706
1183 707
1169 708
1154 708
1140 709
967 729
963 718
954 711
943 706
932 702
920 700
908 700
896 702
885 707
876 713
867 722
858 732
870 734
882 736
894 736
907 736
919 735
931 733
943 731
955 730
1035 602
1054 574
1086 563
1120 557
1155 552
1191 549
1227 549
1261 557
1291 572
1319 593
1345 619
1334 646
1299 642
1265 635
1233 625
1199 619
1164 623
1129 628
1095 634
1061 627
979 614
966 595
944 587
917 587
892 589
867 593
844 600
823 611
805 630
797 652
799 678
803 702
815 683
824 661
843 643
866 637
892 639
918 640
944 639
968 635
