479 450
476 467
475 487
475 507
474 527
473 545
470 565
468 585
468 604
474 624
479 641
487 660
496 677
505 693
516 710
526 726
540 741
552 757
567 769
583 780
601 785
621 788
641 789
657 780
673 770
690 758
704 746
720 732
732 717
744 703
757 689
771 675
785 660
796 644
807 627
815 612
824 594
833 575
840 557
846 539
850 519
693 503
683 511
671 520
662 531
659 545
660 560
670 570
684 572
698 578
711 581
726 581
740 580
749 569
751 555
751 541
751 526
751 511
577 644
588 634
600 628
613 625
628 623
642 623
657 625
671 626
683 633
697 634
710 638
713 651
714 665
706 677
698 688
689 699
680 710
671 721
660 730
647 735
633 735
620 729
611 718
604 707
599 694
595 681
591 668
586 655
599 638
608 632
618 630
630 630
641 629
652 627
662 625
673 628
682 633
693 634
703 637
711 645
709 656
702 665
694 673
687 682
679 690
671 698
662 704
652 707
641 706
631 703
621 698
614 689
609 680
605 670
602 660
600 649
762 469
766 462
773 457
780 454
787 452
795 450
803 451
810 454
817 458
823 464
826 471
826 479
821 485
813 487
805 487
797 485
790 483
783 480
776 478
769 474
671 446
673 439
670 431
665 425
658 420
651 417
642 416
634 415
625 416
617 417
610 420
603 424
609 429
616 434
623 437
631 439
639 440
647 441
655 443
663 444
794 405
803 399
813 395
824 394
835 396
845 399
855 402
864 409
869 418
871 429
871 440
870 452
865 443
861 433
856 424
847 416
837 413
826 412
815 412
803 411
702 384
706 370
693 357
677 349
661 345
643 342
625 342
608 346
592 351
576 359
563 371
554 386
570 380
585 372
601 367
618 363
637 363
654 367
670 372
686 379
