119 336
121 354
124 373
128 391
133 408
141 425
149 442
156 460
164 476
175 492
184 507
196 524
208 537
222 549
239 557
257 563
274 565
294 566
313 568
330 571
349 574
368 576
386 576
405 576
424 573
441 566
457 556
469 544
483 529
494 515
505 500
514 485
525 468
534 452
539 435
544 417
549 398
553 380
555 361
555 342
554 323
252 310
242 321
233 332
229 345
236 359
248 364
262 368
278 372
292 375
306 373
320 369
335 365
348 359
357 349
356 334
349 322
340 309
230 434
239 426
249 420
259 416
270 413
282 414
292 417
304 416
315 412
326 411
337 414
348 418
359 421
370 423
369 435
360 442
351 449
341 454
331 459
321 464
310 468
299 470
286 470
275 468
264 465
254 459
245 452
237 443
237 434
245 427
254 424
264 424
274 425
284 425
295 426
305 425
315 424
324 423
335 423
345 423
355 424
365 425
367 431
358 432
348 434
339 437
330 439
321 442
312 444
302 447
292 448
282 448
273 447
264 444
255 441
246 438
335 240
338 233
344 227
350 223
357 220
365 219
373 219
381 219
390 219
397 220
404 222
404 230
397 234
390 236
382 237
374 238
366 237
358 237
350 237
342 239
245 240
240 236
234 233
227 232
220 231
213 232
206 233
200 234
194 237
188 241
184 246
190 248
197 250
204 250
211 251
218 250
225 250
231 248
238 247
245 246
300 202
313 192
326 186
341 182
358 181
374 182
390 183
407 183
423 185
438 189
451 197
442 209
426 210
410 209
393 209
376 209
360 207
344 207
328 209
312 212
258 221
251 209
240 202
227 198
213 196
199 197
184 198
171 201
159 205
147 214
138 224
142 237
155 241
168 236
180 232
193 228
206 225
220 224
234 226
248 228
