492 630
494 649
497 668
501 689
503 709
507 730
511 749
518 767
527 785
536 803
547 821
557 838
567 855
580 872
595 886
611 896
629 903
649 907
670 908
689 907
710 902
727 895
746 885
762 875
781 865
798 854
814 845
833 833
848 821
863 807
877 794
888 778
900 759
908 742
917 723
924 705
930 686
934 667
933 645
927 625
921 606
578 633
572 648
563 662
556 676
558 692
567 706
580 715
597 718
613 720
629 719
646 716
663 711
674 701
676 684
672 669
664 653
657 637
557 765
569 762
583 763
595 765
608 768
620 771
633 770
647 770
659 772
672 774
684 776
697 778
710 780
706 791
697 801
687 809
677 816
665 821
653 825
641 826
627 826
614 825
602 822
591 816
580 809
572 798
567 787
562 776
563 770
572 774
581 778
590 781
600 783
609 785
620 786
630 785
641 785
651 784
662 783
672 783
683 782
693 782
701 783
692 785
681 786
671 787
661 788
650 788
639 789
629 789
618 789
608 788
599 785
590 782
580 779
571 775
683 563
689 561
696 560
703 560
710 561
717 561
725 562
732 563
739 562
747 562
753 564
747 565
740 565
732 566
725 566
718 567
711 566
704 565
697 563
690 563
558 553
553 549
549 546
543 545
538 544
532 543
526 543
521 544
515 545
510 547
506 550
511 552
516 553
521 555
526 556
532 556
538 556
544 556
550 556
555 557
640 515
654 504
672 502
690 501
708 499
725 496
743 495
762 496
779 499
795 505
806 518
789 523
772 521
754 520
736 521
718 524
702 528
684 531
666 532
649 529
572 518
564 510
554 505
544 502
533 500
521 498
510 497
499 495
488 495
478 501
475 511
485 514
495 517
505 520
516 522
527 525
537 527
548 529
559 531
570 528
