318 431
315 443
313 455
311 468
312 480
315 493
320 506
325 516
333 528
340 538
349 548
357 557
367 565
377 574
388 581
399 587
411 593
422 598
435 602
447 605
460 606
473 605
486 603
498 600
511 596
521 590
531 583
540 573
548 562
555 551
562 540
569 529
575 518
581 507
585 494
588 483
590 469
593 457
595 444
597 432
599 418
442 415
436 424
431 434
427 445
429 455
438 461
449 460
461 461
472 465
483 466
493 462
505 458
513 451
513 440
507 430
503 420
497 409
405 507
414 502
424 500
435 498
445 497
455 496
466 496
477 495
487 493
497 491
508 491
519 492
528 496
525 505
521 515
517 524
510 532
502 538
492 541
482 544
472 546
462 547
452 545
442 542
433 537
425 531
417 524
410 515
407 507
416 508
425 508
434 507
443 506
452 505
460 504
469 504
478 503
487 502
495 500
504 498
512 498
521 497
519 504
512 511
505 515
498 519
490 522
481 523
473 524
464 525
455 525
446 525
437 523
429 521
422 517
414 514
505 369
507 364
510 359
515 355
520 352
525 350
531 348
537 348
543 348
548 350
553 353
556 358
551 363
546 365
540 367
535 368
529 369
523 370
517 370
510 370
413 371
408 367
403 364
398 362
392 361
386 360
380 360
375 361
369 364
365 367
361 372
366 374
371 376
377 377
383 378
389 379
395 378
401 378
407 377
413 376
505 325
505 315
513 311
522 307
531 305
540 304
550 304
559 306
568 310
575 317
580 325
582 334
576 332
569 324
562 319
552 317
542 317
533 319
524 322
515 324
423 335
423 325
413 320
402 319
391 318
379 318
368 318
357 320
348 325
339 332
334 341
331 351
339 345
348 338
358 334
368 332
380 332
391 334
402 335
413 336
