260 580
270 595
272 614
273 631
278 651
284 668
291 685
299 702
308 718
317 734
328 750
343 763
355 776
369 789
383 800
397 812
413 824
431 831
449 836
467 838
486 835
503 828
520 819
533 807
545 794
559 778
573 769
588 755
599 742
611 727
623 711
633 695
639 678
645 661
651 643
656 625
660 607
663 589
665 570
665 551
661 532
476 560
469 574
461 589
451 603
446 620
454 633
468 644
486 647
503 650
519 651
537 649
552 645
559 628
557 613
552 595
547 578
544 561
396 673
410 672
424 673
438 672
452 673
466 674
480 675
493 677
506 680
519 683
532 685
545 690
556 697
559 710
548 718
537 726
526 732
514 738
501 741
488 743
474 743
461 739
449 733
438 726
427 717
417 707
409 696
401 685
397 675
409 673
419 676
430 678
441 681
452 684
463 687
474 689
485 690
497 691
508 693
520 694
531 696
542 699
539 709
529 714
519 717
507 719
496 721
484 720
473 718
462 716
451 713
441 709
431 704
421 699
412 693
403 684
561 527
565 521
571 516
577 513
584 511
591 510
599 509
606 511
613 514
619 517
625 523
629 529
622 530
614 531
606 532
599 532
591 531
583 531
576 530
569 528
462 505
456 499
449 493
442 489
435 486
427 483
419 481
411 480
403 481
395 484
388 488
395 492
403 495
410 497
418 500
426 502
434 504
442 506
450 507
457 509
552 472
558 463
567 459
578 458
589 458
600 458
610 460
621 463
630 466
639 473
645 481
646 490
637 485
627 481
618 477
607 475
597 474
586 473
574 473
563 472
483 452
473 444
463 437
453 431
442 427
430 425
418 423
405 423
393 426
382 431
372 437
384 439
396 441
408 442
420 444
431 448
443 451
454 455
465 459
477 461
