386 504
386 521
386 539
387 556
388 574
390 590
393 608
398 625
403 641
410 656
420 672
428 686
435 702
443 717
454 733
467 742
485 748
502 752
518 756
536 762
553 764
570 765
588 764
605 761
621 756
638 748
653 741
668 733
682 722
695 712
709 699
720 687
730 671
739 658
746 640
752 624
755 607
758 591
760 573
763 555
765 537
546 517
536 526
528 536
523 549
526 563
536 572
551 576
563 580
577 583
590 583
605 580
617 578
629 570
634 557
631 544
621 534
610 524
486 622
499 612
513 607
529 607
545 608
560 611
576 613
591 610
607 609
622 613
636 617
649 624
657 637
654 652
649 666
641 679
628 688
614 693
599 696
583 696
567 695
551 693
537 690
523 685
509 677
498 666
491 652
488 637
504 628
514 623
526 622
538 623
549 625
561 627
572 628
583 630
595 630
607 630
619 630
631 632
642 634
648 643
646 654
637 663
627 666
615 668
603 668
591 667
579 667
568 666
556 665
545 662
534 659
525 654
515 647
508 638
632 473
634 468
638 463
644 461
649 459
655 457
661 457
667 457
673 459
679 461
684 463
686 469
681 471
675 472
669 473
663 473
656 473
650 473
644 474
638 474
540 456
536 452
531 448
525 446
519 444
513 443
506 442
500 443
494 444
488 446
482 448
487 451
493 454
499 455
506 456
512 457
518 458
524 459
530 461
537 461
624 425
630 417
639 411
650 409
661 409
672 410
683 411
694 413
704 416
713 420
722 427
721 436
710 434
700 430
690 428
679 427
668 427
657 428
645 428
634 428
562 415
559 402
548 395
536 391
523 389
511 384
499 381
485 382
473 387
463 395
455 406
448 417
460 412
472 408
484 405
498 404
511 407
523 411
535 415
548 416
