351 761
351 784
351 808
356 831
364 856
372 879
380 902
388 924
396 947
405 971
412 992
420 1017
425 1042
433 1063
447 1084
465 1101
487 1110
510 1115
534 1121
558 1120
582 1116
607 1112
630 1107
655 1099
677 1092
700 1086
725 1077
746 1070
768 1059
791 1046
810 1032
828 1016
845 999
860 979
873 959
885 939
897 916
906 894
914 870
919 846
921 821
448 738
436 755
425 769
415 789
414 808
424 825
441 838
456 849
476 856
496 857
516 853
535 848
550 836
549 815
543 795
538 776
533 756
424 907
437 903
452 901
463 909
476 915
490 912
505 912
519 915
532 920
545 924
559 928
573 931
587 933
598 939
586 945
573 951
560 956
547 961
534 966
520 969
506 971
491 972
476 970
463 965
452 956
444 944
439 931
435 918
433 911
440 920
450 927
459 932
470 935
481 937
492 939
503 941
515 942
528 942
539 942
551 943
563 944
575 943
586 940
576 940
564 941
552 942
540 942
529 941
517 941
505 940
493 939
482 937
471 935
460 932
451 926
441 920
596 693
601 683
611 677
622 673
634 672
646 673
657 674
668 678
679 682
689 688
699 693
698 704
687 707
676 708
664 709
651 709
639 708
627 707
616 705
605 700
472 673
469 665
463 658
456 653
449 649
440 647
431 646
423 647
414 649
407 653
400 659
404 666
410 673
418 677
426 680
434 681
443 681
452 682
461 683
470 681
544 642
561 634
578 623
597 618
618 617
639 618
659 620
678 624
696 631
714 640
730 652
723 668
704 665
685 659
665 656
645 653
625 651
604 651
583 650
562 648
462 634
454 624
444 616
434 609
423 603
412 599
401 595
389 592
376 591
365 596
360 607
371 612
383 610
395 612
406 617
416 624
428 628
438 634
449 640
460 644
