382 409
384 423
387 438
389 453
392 467
395 482
399 497
402 512
410 525
420 536
430 546
442 556
454 565
465 575
477 585
489 594
502 602
514 609
529 614
544 618
559 620
573 620
589 618
603 616
617 611
629 602
642 592
652 582
662 571
669 557
676 545
682 530
686 516
690 501
693 486
698 472
703 459
708 445
713 430
716 415
717 399
574 379
570 391
565 404
558 417
556 430
563 442
577 445
591 447
605 449
618 450
633 450
645 442
647 429
644 415
642 402
639 387
636 373
520 487
529 485
539 485
549 485
559 485
569 485
579 484
589 484
598 487
607 486
617 485
627 485
636 487
644 490
639 498
633 506
626 513
617 516
608 518
598 518
588 518
578 517
568 516
559 514
551 510
543 505
535 499
527 493
530 491
537 493
544 496
551 498
559 500
567 501
575 501
583 502
591 503
599 502
607 502
616 502
624 501
631 500
638 498
631 500
623 502
615 503
607 504
599 504
591 503
583 503
575 502
567 501
559 500
551 499
544 496
537 494
630 336
636 333
641 329
647 326
653 323
659 322
666 321
673 321
679 323
685 327
689 333
688 339
682 343
676 344
669 345
662 345
655 345
648 344
642 343
635 341
544 333
541 327
536 322
530 317
523 314
517 311
509 310
502 311
495 314
489 318
483 323
478 328
484 331
491 333
498 335
506 336
513 336
521 335
528 334
536 334
638 298
641 290
648 283
655 278
663 274
672 273
682 272
692 273
700 274
708 278
713 286
715 295
707 300
700 294
692 291
682 290
673 292
665 295
657 297
648 299
563 275
551 264
537 259
522 257
506 257
490 259
476 263
463 271
451 282
441 294
433 307
446 300
459 291
471 282
485 276
500 273
515 274
529 279
543 284
558 287
