421 571
424 586
428 600
433 615
437 629
442 645
448 659
455 673
463 686
473 697
482 710
491 722
502 735
513 746
523 757
534 767
548 775
563 779
578 782
594 782
609 782
623 777
637 769
650 761
663 753
676 743
687 732
699 722
709 711
718 697
725 685
731 670
738 656
743 642
747 626
751 611
752 596
752 581
754 564
754 550
752 533
543 536
539 547
539 559
540 572
549 579
561 583
572 586
584 588
597 585
608 582
620 580
633 577
643 571
647 560
646 547
639 537
632 527
512 635
524 630
538 627
552 626
567 627
581 629
595 628
608 624
622 621
636 620
651 620
666 621
679 624
676 638
669 650
659 660
649 671
637 680
625 686
612 690
598 692
584 691
570 689
557 685
545 679
534 670
524 659
517 648
532 639
541 636
550 634
561 633
571 634
581 635
591 634
601 632
611 630
621 629
631 630
642 630
652 631
655 640
649 648
641 653
632 658
623 662
614 666
605 670
596 673
586 674
576 674
566 673
557 669
549 664
542 656
536 648
631 470
635 466
640 461
645 457
650 455
655 453
661 452
667 453
673 454
678 457
684 460
683 466
678 469
673 472
667 473
661 474
655 475
649 475
642 475
636 473
536 480
530 477
525 474
519 472
513 470
506 469
500 470
494 472
489 476
484 480
479 485
484 489
490 491
496 493
503 493
509 492
516 490
522 488
527 486
534 484
609 420
620 411
632 405
644 399
657 395
672 396
685 398
698 402
710 409
719 420
726 432
724 445
712 439
700 430
688 425
674 423
660 422
646 424
634 428
620 430
545 432
538 421
526 415
512 412
498 414
485 419
473 424
461 429
449 436
440 447
434 460
431 473
443 468
453 457
464 449
476 444
490 441
504 441
519 441
533 441
