404 2166
420 2270
437 2384
457 2485
482 2595
525 2692
576 2801
617 2902
665 3000
728 3091
802 3172
879 3242
979 3301
1070 3348
1169 3404
1268 3460
1377 3493
1476 3516
1586 3531
1697 3536
1808 3537
1923 3524
2024 3493
2137 3463
2240 3429
2332 3379
2396 3292
2462 3200
2506 3098
2553 3003
2596 2895
2619 2791
2644 2677
2670 2573
2679 2464
2680 2358
2683 2247
2682 2132
2686 2023
2674 1908
2647 1801
1578 1941
1552 2040
1519 2136
1471 2228
1472 2324
1542 2395
1643 2400
1744 2393
1851 2392
1951 2368
2039 2335
2139 2292
2204 2215
2176 2119
2107 2043
2042 1962
1981 1879
1469 2811
1517 2750
1570 2691
1626 2633
1690 2592
1754 2554
1831 2544
1912 2544
1987 2531
2063 2519
2143 2517
2212 2542
2275 2584
2332 2642
2333 2722
2301 2789
2262 2854
2203 2905
2139 2946
2073 2979
2003 3002
1927 3014
1846 3014
1772 2999
1703 2972
1633 2950
1565 2921
1503 2877
1552 2845
1592 2806
1633 2771
1671 2732
1715 2706
1766 2696
1820 2692
1873 2687
1925 2679
1977 2670
2028 2660
2076 2646
2131 2645
2178 2661
2224 2684
2213 2729
2166 2745
2118 2761
2070 2777
2022 2791
1971 2802
1919 2808
1866 2815
1815 2825
1764 2834
1712 2842
1660 2850
1605 2851
1935 1661
1942 1611
1970 1570
2009 1534
2050 1508
2094 1488
2140 1471
2191 1467
2241 1475
2286 1491
2329 1515
2356 1556
2320 1594
2278 1618
2233 1637
2187 1651
2138 1660
2084 1659
2035 1650
1984 1654
1307 1754
1265 1732
1221 1718
1174 1709
1123 1708
1075 1715
1031 1729
989 1750
949 1779
914 1815
889 1856
932 1875
979 1884
1030 1885
1079 1880
1127 1871
1173 1860
1217 1845
1259 1825
1299 1799
1912 1344
1903 1273
1958 1224
2021 1198
2088 1180
2155 1162
2223 1147
2298 1147
2367 1161
2430 1190
2485 1239
2510 1302
2446 1290
2384 1261
2317 1244
2245 1250
2178 1268
2115 1294
2053 1323
1987 1343
1440 1492
1414 1412
1321 1386
1216 1384
1111 1385
1007 1383
911 1404
824 1445
741 1498
666 1571
619 1656
611 1758
694 1710
773 1647
859 1603
951 1576
1048 1555
1146 1539
1247 1530
1349 1521
