295 286
296 296
298 309
300 320
301 332
303 344
304 355
307 367
311 378
316 388
322 398
330 408
339 415
348 422
358 430
368 437
378 442
389 444
401 446
413 447
424 448
437 448
448 448
460 447
472 446
483 442
493 436
503 429
512 422
520 414
529 405
536 397
543 387
549 376
554 366
557 354
559 343
561 331
563 320
566 309
568 296
404 266
398 274
393 283
390 293
391 303
397 311
407 314
417 316
427 316
438 317
448 317
458 313
466 306
470 297
470 287
467 277
461 268
358 343
368 342
377 339
387 337
397 335
408 335
418 336
428 337
439 336
449 337
459 340
467 344
476 349
484 356
482 367
474 373
466 378
457 382
447 383
436 384
426 384
416 382
406 380
397 377
388 372
380 365
373 358
366 350
364 348
372 349
381 350
390 351
399 351
407 351
417 351
426 351
435 351
444 351
452 352
461 354
468 357
476 360
482 365
474 366
465 366
456 365
447 365
438 364
429 363
421 362
412 361
404 359
396 357
388 355
379 353
371 351
472 233
476 230
481 227
486 225
491 223
496 222
501 222
506 223
511 226
515 228
519 231
519 236
514 238
509 239
503 239
497 239
492 238
487 237
482 236
477 235
391 233
391 228
387 225
382 222
377 220
372 218
367 217
361 218
356 219
351 221
347 224
343 228
348 231
353 233
358 235
363 235
369 236
375 235
380 235
386 234
456 190
465 185
474 181
484 179
495 179
506 181
516 183
526 186
535 190
542 198
545 208
542 215
537 206
528 200
519 197
508 195
498 194
487 194
476 194
465 195
400 182
392 176
382 174
371 173
361 172
351 173
340 175
331 178
323 184
315 191
309 199
320 200
329 197
338 192
348 191
358 189
369 189
379 191
388 194
398 192
