477 808
485 829
494 853
505 873
518 893
531 913
545 932
558 952
570 975
584 995
598 1012
615 1030
631 1050
649 1065
662 1084
679 1100
696 1119
715 1133
733 1148
754 1162
775 1170
800 1174
823 1175
847 1170
869 1160
889 1147
907 1130
923 1113
941 1095
958 1081
977 1066
994 1050
1006 1029
1016 1006
1023 984
1029 960
1034 937
1041 914
1047 891
1052 868
1057 842
777 802
771 822
761 843
752 864
753 887
768 904
788 909
811 912
833 912
857 912
881 911
902 906
915 889
914 865
904 845
895 824
886 802
708 998
723 986
737 975
752 965
768 955
784 947
800 940
818 937
837 938
856 937
875 940
891 947
905 959
918 973
927 989
932 1006
920 1020
904 1029
886 1033
867 1033
848 1033
828 1032
810 1031
791 1029
773 1026
756 1020
739 1015
723 1008
728 999
739 993
751 988
762 982
775 979
788 977
802 977
815 978
828 980
842 981
855 978
868 979
881 981
893 985
904 992
904 1003
891 1002
877 1001
863 1001
849 1002
835 1002
822 1001
808 1000
794 999
781 998
768 1000
754 1001
740 1002
899 737
904 728
912 719
921 713
931 709
941 706
952 705
963 707
973 710
982 716
990 724
990 735
981 742
971 746
961 749
950 751
940 749
929 747
919 744
910 739
749 720
742 709
732 701
721 695
710 690
698 687
685 686
672 687
661 691
649 696
639 704
647 714
656 724
667 731
678 735
690 738
704 738
717 737
729 734
740 729
889 649
893 630
911 621
930 617
951 615
972 614
992 617
1012 620
1031 626
1048 637
1061 653
1065 673
1046 675
1028 667
1010 660
990 656
969 655
948 657
928 658
906 658
783 624
764 611
744 602
723 596
699 594
676 593
652 592
630 594
610 604
594 621
584 641
603 630
625 625
648 623
672 623
695 627
717 631
738 637
759 643
782 645
