148 320
146 333
144 347
145 362
147 377
150 391
153 404
156 419
160 433
165 447
172 459
179 471
188 484
198 494
206 505
217 515
229 523
241 533
254 539
268 541
283 540
298 540
311 541
325 538
340 536
353 529
364 521
377 513
387 502
395 491
404 479
412 466
419 454
425 441
431 427
435 414
439 399
442 385
446 372
448 357
449 342
253 334
246 341
239 350
239 361
245 370
253 376
261 384
271 390
281 391
291 388
301 384
312 379
322 375
328 367
329 356
325 347
317 338
206 398
220 397
233 399
247 400
260 402
273 403
287 404
300 401
312 398
326 399
339 402
351 405
362 412
356 423
348 434
338 443
327 451
316 456
304 460
291 463
277 462
265 460
252 457
240 451
230 443
221 433
214 422
210 410
214 404
224 407
234 411
244 413
254 416
264 419
275 420
286 422
297 420
307 418
317 415
328 414
339 413
350 412
348 420
339 426
329 430
320 434
310 437
299 440
289 441
277 440
267 438
257 435
247 431
238 426
229 420
221 412
331 292
335 288
340 286
346 283
351 280
356 278
362 276
368 277
373 278
379 281
383 285
384 290
379 293
373 294
367 294
361 294
355 294
349 293
343 292
337 292
242 283
242 278
239 274
235 271
230 268
225 267
220 267
215 267
210 268
205 270
201 272
198 276
202 279
207 281
211 283
216 284
221 285
227 284
232 284
237 284
313 269
319 260
329 253
339 248
350 245
362 244
374 245
386 247
397 251
406 258
414 267
417 277
407 271
396 267
385 265
373 263
361 265
348 266
336 265
325 268
270 253
261 246
250 243
239 241
228 239
217 237
206 235
195 238
185 243
176 250
172 261
182 265
192 261
203 257
213 254
225 255
237 256
247 260
257 264
269 265
