1037 1178
1038 1221
1040 1269
1043 1318
1045 1366
1046 1414
1047 1463
1051 1511
1058 1559
1069 1606
1084 1653
1105 1691
1139 1731
1175 1762
1213 1788
1252 1813
1299 1834
1344 1845
1392 1847
1440 1845
1489 1844
1537 1846
1585 1851
1633 1850
1679 1841
1722 1825
1765 1806
1813 1786
1856 1764
1894 1742
1932 1711
1962 1673
1988 1633
2011 1591
2031 1547
2049 1502
2068 1457
2085 1412
2096 1370
2104 1323
2111 1270
1344 1213
1323 1241
1306 1268
1300 1303
1317 1335
1345 1355
1374 1369
1408 1379
1444 1378
1477 1375
1512 1378
1548 1373
1575 1354
1586 1321
1583 1288
1569 1256
1556 1220
1235 1523
1253 1499
1276 1478
1302 1465
1330 1457
1360 1454
1390 1459
1419 1465
1449 1461
1479 1463
1504 1478
1529 1495
1554 1509
1579 1525
1605 1539
1604 1568
1577 1580
1548 1586
1518 1589
1488 1592
1457 1594
1425 1595
1395 1592
1366 1585
1338 1578
1312 1566
1286 1554
1259 1543
1272 1524
1292 1510
1313 1499
1335 1491
1359 1488
1385 1489
1409 1493
1434 1495
1459 1496
1483 1500
1506 1507
1528 1516
1549 1525
1571 1534
1593 1542
1580 1548
1556 1542
1534 1534
1512 1527
1489 1522
1464 1518
1440 1516
1415 1512
1391 1508
1367 1505
1342 1508
1319 1514
1296 1521
1625 1056
1640 1034
1660 1014
1679 994
1702 982
1729 979
1755 983
1779 992
1802 1004
1823 1020
1841 1041
1848 1065
1826 1081
1802 1089
1777 1094
1749 1094
1721 1093
1695 1089
1669 1085
1645 1074
1339 1015
1332 992
1316 973
1297 958
1275 949
1250 947
1226 949
1203 956
1182 966
1162 982
1147 1002
1154 1024
1170 1043
1191 1055
1214 1060
1239 1061
1265 1060
1290 1058
1313 1052
1332 1038
1622 909
1652 888
1682 867
1714 851
1749 845
1788 844
1824 849
1857 862
1887 881
1916 905
1943 932
1927 943
1896 925
1864 909
1832 895
1798 885
1763 879
1728 887
1696 900
1660 906
1367 885
1344 872
1321 860
1296 853
1268 851
1240 850
1212 848
1184 850
1159 858
1135 868
1111 879
1140 878
1167 881
1193 886
1221 887
1250 887
1278 889
1303 896
1329 902
1357 904
