712 967
720 994
726 1022
733 1052
739 1079
747 1109
756 1136
769 1162
786 1187
803 1212
822 1235
841 1254
864 1274
887 1293
911 1312
934 1328
961 1344
986 1356
1014 1366
1041 1374
1071 1383
1099 1389
1127 1392
1157 1387
1182 1373
1203 1351
1220 1329
1237 1304
1252 1279
1267 1252
1281 1226
1297 1202
1312 1177
1325 1151
1336 1125
1346 1094
1353 1066
1360 1038
1365 1010
1369 981
1376 950
1093 938
1080 958
1066 977
1052 996
1058 1020
1077 1035
1098 1043
1122 1049
1144 1056
1170 1060
1191 1058
1215 1048
1231 1033
1238 1009
1229 988
1223 963
1217 939
1000 1134
1017 1131
1035 1130
1053 1131
1071 1132
1088 1134
1105 1136
1123 1137
1141 1138
1159 1137
1177 1138
1195 1140
1212 1142
1227 1148
1216 1162
1203 1175
1189 1184
1173 1188
1156 1191
1138 1192
1121 1189
1104 1187
1087 1183
1071 1179
1055 1174
1040 1167
1026 1158
1012 1147
1005 1134
1019 1137
1033 1140
1048 1143
1062 1146
1077 1149
1091 1153
1105 1156
1121 1158
1137 1158
1152 1157
1167 1155
1182 1153
1197 1150
1212 1148
1197 1151
1182 1153
1167 1155
1152 1157
1136 1158
1121 1158
1105 1157
1091 1154
1077 1150
1062 1146
1048 1143
1033 1141
1019 1137
1210 820
1217 809
1228 799
1240 792
1252 786
1266 783
1280 782
1294 784
1307 788
1320 792
1331 802
1329 816
1320 827
1308 832
1294 834
1280 832
1265 831
1250 831
1236 831
1221 830
1048 821
1036 810
1023 800
1009 794
994 790
978 787
962 787
946 789
931 793
917 800
904 810
917 820
930 828
945 832
960 835
977 837
993 838
1010 838
1026 838
1042 834
1218 740
1232 726
1250 720
1268 716
1288 713
1306 709
1325 705
1344 707
1362 713
1377 725
1387 741
1370 749
1350 749
1330 750
1310 752
1291 754
1272 758
1254 763
1235 766
1218 760
1132 736
1103 717
1068 709
1032 706
994 708
958 711
923 717
890 728
861 747
834 774
812 802
847 809
879 797
910 782
943 771
977 763
1013 760
1050 763
1086 768
1124 768
