618 748
617 779
617 809
619 840
624 873
626 905
626 937
627 969
631 998
642 1029
658 1054
679 1078
703 1100
723 1124
747 1142
775 1159
803 1175
829 1190
858 1206
887 1220
915 1230
946 1238
979 1240
1009 1235
1039 1224
1068 1209
1096 1196
1118 1174
1137 1149
1155 1123
1169 1096
1183 1066
1193 1038
1201 1005
1206 973
1207 942
1208 911
1208 879
1208 847
1209 816
1211 783
954 787
943 804
922 819
907 835
896 857
906 877
929 882
952 886
974 890
999 888
1023 887
1045 888
1066 879
1077 858
1069 835
1057 815
1047 793
827 961
849 956
871 953
893 951
915 948
938 947
960 945
983 947
1006 947
1029 949
1050 953
1071 958
1091 966
1100 985
1090 1004
1075 1021
1057 1032
1037 1039
1015 1042
992 1043
969 1042
946 1041
925 1037
905 1030
885 1023
866 1012
849 998
836 980
829 960
849 958
868 961
887 964
908 965
928 964
948 965
968 967
988 968
1008 968
1028 967
1048 967
1068 968
1087 972
1085 989
1068 998
1051 1003
1032 1008
1012 1009
992 1008
972 1007
953 1005
933 1003
914 1000
896 996
878 989
861 982
845 972
1064 715
1071 709
1079 703
1087 700
1096 699
1106 698
1116 698
1125 698
1134 701
1141 706
1148 714
1142 721
1134 726
1126 729
1116 730
1106 730
1097 729
1088 727
1080 724
1071 721
889 715
880 708
872 702
862 698
852 696
841 695
829 695
819 697
809 701
800 707
794 715
803 722
812 728
822 731
832 732
844 732
855 731
865 729
876 726
886 724
1026 651
1036 637
1050 629
1066 624
1083 621
1101 620
1119 619
1137 618
1154 621
1170 627
1181 640
1172 654
1153 654
1135 653
1117 652
1099 654
1083 657
1066 661
1049 664
1032 666
948 652
928 642
905 637
882 634
860 630
837 626
813 627
792 635
773 646
754 660
736 676
759 679
781 675
804 670
827 667
851 666
875 668
898 671
921 675
945 674
