167 473
173 488
181 504
190 520
198 536
204 552
210 568
219 586
228 600
237 615
247 630
260 643
273 656
287 666
301 678
315 688
329 699
345 705
362 710
380 712
398 711
416 708
432 704
449 697
465 687
478 676
488 662
498 647
508 631
517 616
523 599
529 583
534 566
539 549
542 531
542 513
543 496
543 478
545 460
547 443
548 424
329 476
327 489
324 503
324 517
328 530
339 538
352 534
366 536
380 536
392 529
406 526
419 522
425 510
422 496
416 484
406 473
398 462
321 615
324 603
332 593
340 583
350 574
360 568
372 565
385 565
397 562
409 560
421 562
433 565
445 568
455 575
461 585
458 597
453 608
445 617
435 625
424 631
412 634
400 637
388 639
375 640
363 638
351 634
340 631
329 625
327 615
334 610
343 607
351 604
360 602
368 600
377 599
387 599
396 599
405 596
413 593
422 591
431 590
440 589
449 587
441 589
432 591
423 593
414 595
406 598
397 599
388 601
379 602
370 603
361 605
352 607
344 610
335 613
401 388
403 380
407 373
412 367
419 362
425 359
433 356
440 355
449 355
456 356
463 360
467 366
460 370
454 375
447 378
440 382
432 384
424 384
416 384
409 387
295 414
294 407
288 401
281 397
274 394
266 393
258 393
250 395
243 398
236 402
230 408
226 415
233 418
240 420
248 421
257 421
264 420
272 419
280 417
287 415
382 352
387 342
397 333
407 326
418 319
429 313
440 309
451 305
463 301
475 299
487 301
483 311
472 315
460 319
449 324
438 329
427 335
417 341
406 346
394 351
290 361
278 357
265 355
252 354
238 353
225 352
211 352
199 355
188 361
178 370
172 381
184 378
196 375
209 371
222 370
235 371
248 372
262 372
275 373
289 372
