323 406
321 419
319 433
318 448
318 462
317 478
318 492
318 505
321 520
325 534
335 543
348 551
359 559
371 566
385 573
397 581
409 588
421 595
433 603
445 611
458 616
473 619
486 620
501 619
516 617
528 609
539 602
550 593
562 582
572 572
581 562
590 551
598 539
604 526
607 512
609 497
611 483
612 468
613 454
614 439
614 425
466 400
459 406
452 414
449 425
454 434
463 439
473 442
482 445
494 446
504 446
514 443
525 440
533 434
535 424
530 414
523 407
515 398
411 480
421 475
432 473
444 472
455 471
466 469
477 467
489 468
501 468
512 469
523 471
533 475
543 480
550 488
545 498
538 507
529 515
519 520
509 525
497 525
486 524
475 522
464 519
455 514
445 509
435 503
426 497
417 489
417 482
427 480
437 480
447 479
457 478
467 477
477 478
487 479
497 479
507 479
517 479
527 478
537 478
546 482
546 492
538 498
530 502
520 504
510 504
500 504
490 504
480 503
469 503
459 503
449 502
441 499
432 494
424 490
533 367
535 363
539 360
543 358
548 356
552 355
558 355
563 356
567 357
571 359
575 363
575 368
571 369
566 370
561 370
556 371
551 371
546 372
541 372
536 371
445 361
441 359
437 357
433 355
429 355
424 354
419 354
415 355
411 356
407 359
404 362
408 364
412 367
416 368
420 369
425 369
429 368
433 367
437 366
442 365
511 338
513 330
520 324
527 320
536 318
544 318
553 317
562 317
571 317
579 319
586 325
587 333
579 334
569 334
560 333
552 334
544 336
535 338
527 340
518 341
472 329
464 323
454 319
445 316
434 314
423 313
413 313
402 315
393 319
384 325
376 331
383 339
394 340
404 338
415 337
426 336
437 336
448 336
459 337
469 338
