643 832
641 864
640 896
638 929
636 965
634 998
632 1030
634 1065
639 1095
654 1126
675 1151
697 1176
727 1192
755 1211
781 1229
806 1252
829 1275
857 1296
886 1314
914 1325
947 1334
980 1340
1014 1343
1047 1337
1078 1329
1110 1315
1137 1297
1162 1275
1183 1248
1199 1218
1214 1191
1234 1164
1253 1135
1265 1106
1270 1071
1271 1039
1273 1004
1275 973
1278 938
1277 906
1275 871
977 868
960 883
937 897
922 916
920 941
937 957
962 961
986 967
1012 971
1037 977
1061 970
1085 963
1107 949
1118 928
1110 906
1095 885
1077 866
830 1032
857 1032
883 1027
909 1025
935 1029
962 1030
989 1031
1014 1036
1041 1035
1069 1034
1095 1032
1121 1028
1145 1034
1148 1060
1135 1082
1116 1101
1094 1115
1071 1125
1048 1134
1023 1138
998 1134
973 1129
948 1123
923 1117
900 1107
879 1092
859 1074
842 1054
847 1041
870 1043
893 1043
915 1045
938 1045
961 1046
983 1048
1005 1051
1027 1053
1050 1053
1073 1053
1096 1051
1117 1047
1139 1045
1133 1063
1116 1076
1096 1084
1075 1089
1054 1092
1032 1095
1009 1095
986 1095
963 1093
942 1090
920 1086
901 1078
882 1068
864 1056
1108 779
1113 769
1122 762
1131 756
1141 753
1151 751
1163 750
1173 752
1183 755
1193 760
1200 769
1198 779
1189 785
1180 789
1170 793
1159 794
1147 794
1137 792
1126 790
1117 786
934 779
921 769
907 763
892 759
876 756
859 756
843 759
827 763
812 768
798 774
786 786
801 791
815 796
830 800
846 803
863 805
880 804
896 802
911 798
926 792
1055 727
1061 708
1077 692
1095 683
1116 678
1138 677
1160 677
1182 678
1203 683
1221 693
1237 708
1244 728
1225 722
1204 718
1183 714
1161 714
1138 714
1116 714
1095 718
1076 725
966 710
943 698
918 691
890 689
862 689
834 690
808 694
783 702
761 716
740 735
725 757
752 760
776 749
799 737
825 731
852 729
880 729
908 730
936 731
964 733
