540 738
539 761
540 787
542 810
545 835
551 859
557 884
564 906
572 931
581 953
594 975
607 996
622 1013
639 1033
656 1051
677 1064
701 1071
725 1072
749 1070
774 1067
798 1062
823 1054
844 1047
868 1038
892 1030
915 1021
936 1012
958 999
978 984
998 967
1013 950
1027 930
1038 908
1048 884
1056 861
1062 838
1068 813
1071 790
1074 763
1075 740
1075 714
671 724
663 742
655 759
650 778
653 797
666 810
685 817
705 822
724 818
742 816
761 816
777 805
788 788
788 768
783 749
774 732
762 716
639 879
654 875
670 870
687 869
703 873
719 877
734 871
749 866
766 868
782 871
800 872
817 873
834 874
849 878
835 888
821 896
807 904
792 911
777 919
763 925
747 930
731 933
714 935
696 933
681 929
667 920
658 906
651 892
647 888
660 893
673 897
687 899
701 901
716 901
731 900
745 898
759 896
773 894
787 892
801 889
814 886
828 883
840 877
828 883
815 886
801 888
787 891
773 894
759 896
745 897
731 899
716 900
702 900
687 898
674 895
661 892
795 640
803 632
811 624
820 619
830 616
841 614
852 615
863 617
873 621
882 626
890 633
889 643
879 645
868 648
858 650
847 651
836 650
825 648
815 645
805 643
669 637
661 631
654 626
646 622
638 619
629 618
620 620
612 623
605 629
599 636
596 644
600 651
608 656
616 658
626 659
635 657
643 654
651 651
660 649
668 646
751 578
769 565
788 556
809 551
831 547
853 545
876 546
898 550
917 560
935 571
948 589
929 593
908 588
887 584
864 582
842 583
820 586
798 590
777 594
756 599
676 590
666 578
652 570
636 567
621 564
605 560
589 558
572 559
559 567
550 580
545 596
543 612
557 607
570 597
585 593
602 593
619 595
635 597
651 600
667 602
