363 533
368 544
376 553
386 562
395 571
404 580
413 588
421 598
430 608
439 616
447 627
453 637
463 645
474 648
488 649
501 648
512 646
525 641
536 637
548 632
558 624
566 615
574 605
582 594
590 584
598 575
607 565
614 555
620 545
625 533
629 521
634 509
637 497
637 484
636 471
636 459
636 445
637 433
638 421
637 408
634 395
398 474
395 485
393 497
395 509
401 519
411 527
423 529
435 525
444 519
456 513
467 508
477 502
485 493
485 481
477 470
468 462
459 454
415 559
424 558
433 555
442 555
451 554
460 550
469 548
478 548
488 547
496 545
505 543
514 540
522 536
523 544
517 551
510 558
503 565
497 572
489 578
482 583
474 587
465 589
456 590
446 589
438 586
431 579
427 571
422 563
431 565
437 563
444 563
451 562
457 560
464 559
470 557
476 555
483 554
489 552
495 549
501 547
507 545
513 542
517 542
511 545
505 548
500 551
494 554
488 556
481 559
476 561
469 563
463 564
456 566
450 567
443 568
436 568
463 395
467 390
472 386
477 381
482 378
487 376
493 375
500 375
506 376
512 377
518 379
514 384
510 388
504 392
499 394
493 396
487 397
481 398
474 398
468 399
378 420
374 417
369 416
364 416
358 415
353 416
348 418
343 420
339 423
335 427
332 431
336 435
341 437
346 437
352 436
356 434
361 432
366 429
370 427
375 425
413 391
419 377
430 367
443 359
456 353
469 346
482 340
496 335
511 333
526 335
540 340
540 352
524 353
508 354
493 356
480 361
467 369
455 377
442 385
429 391
375 405
368 400
360 397
351 396
342 395
333 395
324 396
315 395
305 395
296 396
299 405
302 412
311 414
319 412
328 410
336 409
346 409
355 410
363 411
373 412
