397 300
395 315
393 332
392 347
390 364
390 381
390 396
390 413
391 428
394 445
398 461
402 477
405 493
409 509
412 525
417 539
429 551
443 560
457 568
472 572
488 573
506 572
521 569
536 563
551 556
565 550
581 542
595 534
608 526
620 516
634 506
646 496
659 485
671 474
681 462
689 447
696 433
703 418
710 403
716 387
721 372
469 336
461 347
453 356
446 368
446 381
452 393
458 404
469 412
482 409
495 405
508 406
522 407
534 404
538 391
539 378
531 367
527 354
417 412
425 421
433 430
442 438
452 445
461 451
471 456
483 458
494 461
505 464
515 468
527 470
538 472
538 482
528 487
517 491
506 494
494 496
482 496
471 493
461 489
451 483
442 475
437 465
434 454
431 443
427 433
422 422
427 432
435 435
442 439
450 444
457 449
464 454
472 458
480 460
488 463
497 464
506 466
514 468
523 470
531 473
536 479
527 477
518 476
510 475
500 474
492 473
483 472
474 470
466 467
459 462
452 457
445 451
438 446
431 440
572 308
578 306
586 306
592 307
599 310
605 313
611 316
617 319
623 322
629 325
635 329
628 331
621 331
614 332
606 331
600 329
594 326
588 322
582 318
577 313
482 275
480 270
476 266
472 263
467 261
462 259
457 258
452 258
446 258
441 259
437 263
440 267
442 272
447 275
452 276
457 278
462 278
467 279
473 279
478 278
531 264
548 259
566 261
583 265
600 269
616 274
633 279
649 285
665 293
679 304
686 319
671 323
655 315
639 309
622 304
605 300
588 296
571 291
554 286
539 280
501 266
501 254
496 245
488 236
479 229
469 223
460 216
451 210
441 206
430 208
421 214
414 223
421 232
431 235
442 238
452 243
462 248
471 254
480 260
489 267
