413 538
415 555
419 572
422 589
427 605
432 621
436 638
440 655
445 672
452 686
464 701
475 714
488 725
501 736
514 747
528 757
544 766
558 774
575 782
590 788
608 792
625 793
640 788
656 781
670 771
685 762
698 751
710 737
719 724
730 709
739 695
746 679
754 663
758 648
762 630
765 613
767 597
768 579
770 561
775 544
779 527
587 542
580 552
571 562
567 575
571 587
582 594
596 595
608 598
621 603
634 604
647 600
660 601
673 595
677 584
676 570
672 557
667 544
542 647
553 647
563 645
573 642
584 641
595 639
605 641
615 644
626 644
637 643
648 644
658 645
668 648
677 653
674 663
665 668
656 673
647 677
637 681
627 683
616 684
605 683
595 680
586 676
577 670
569 664
560 658
551 652
558 654
566 655
574 656
583 656
592 658
600 659
608 661
617 662
625 662
634 660
642 658
650 657
659 656
667 656
676 656
668 658
660 659
651 660
642 660
634 661
625 662
616 662
608 661
600 660
591 658
583 657
574 657
566 656
663 471
666 465
672 461
678 457
685 455
692 454
700 454
707 454
714 456
720 459
726 464
726 471
721 476
713 477
706 478
698 477
691 477
684 476
676 475
669 474
558 461
552 455
546 451
538 449
530 448
522 448
515 450
508 453
501 457
495 461
488 465
495 469
502 472
509 474
517 476
525 477
533 476
541 475
547 471
554 467
655 417
665 409
677 405
690 403
703 401
716 401
730 402
742 405
753 410
762 420
767 431
765 444
753 439
742 434
730 430
718 428
705 426
692 425
678 426
665 427
571 424
569 412
558 405
546 401
534 399
520 398
507 400
493 400
480 403
469 409
459 419
451 429
464 431
477 431
491 431
505 430
518 428
531 426
545 426
559 426
