576 722
570 753
567 783
566 816
566 846
566 879
568 910
578 940
584 969
589 1003
593 1032
600 1064
613 1094
633 1118
656 1140
682 1157
712 1163
744 1165
776 1166
806 1164
839 1162
870 1163
901 1165
932 1166
965 1164
994 1161
1027 1158
1060 1156
1089 1150
1115 1133
1130 1106
1136 1073
1141 1044
1149 1014
1163 983
1178 957
1192 929
1203 897
1208 867
1210 836
1211 802
836 705
820 723
807 745
797 768
799 791
818 808
844 810
869 805
893 803
918 807
939 817
964 824
987 818
1001 796
998 771
990 747
980 724
743 941
760 930
779 920
797 910
815 901
834 893
855 891
875 897
894 903
913 895
934 896
953 905
970 917
988 929
1005 942
1009 961
991 970
971 976
950 979
928 979
906 978
885 975
863 974
841 972
820 969
800 965
780 960
761 950
748 938
765 932
783 927
801 923
820 919
839 917
859 917
878 919
897 921
915 925
934 927
953 929
971 934
988 940
1005 947
990 944
973 938
956 933
937 929
919 926
900 924
880 923
861 921
841 921
822 924
804 928
785 930
766 934
1009 638
1018 633
1028 631
1040 631
1051 632
1061 635
1070 639
1080 643
1089 648
1097 655
1105 663
1097 669
1086 668
1076 666
1065 663
1056 661
1046 657
1036 653
1027 649
1018 644
818 611
809 602
800 599
789 595
778 594
767 593
755 595
744 597
734 600
724 605
715 610
724 618
734 623
745 624
756 626
767 626
779 625
790 624
801 622
811 619
987 551
998 533
1018 528
1040 528
1063 528
1085 528
1107 530
1127 536
1146 544
1164 554
1180 569
1169 579
1151 570
1131 563
1110 561
1088 563
1067 566
1046 568
1024 570
1002 567
840 520
820 502
796 492
771 488
745 484
717 483
691 486
668 497
649 517
639 540
633 565
650 545
666 524
688 511
713 505
741 505
766 512
789 523
811 537
835 544
