737 1026
741 1055
745 1088
751 1120
760 1152
772 1183
787 1213
802 1241
817 1267
838 1295
859 1319
882 1341
905 1363
929 1384
956 1405
982 1423
1010 1437
1041 1446
1075 1449
1107 1450
1139 1449
1169 1443
1203 1440
1234 1432
1264 1420
1291 1403
1317 1384
1341 1360
1362 1336
1381 1310
1397 1281
1408 1250
1421 1220
1434 1192
1446 1162
1455 1129
1461 1099
1466 1065
1469 1035
1471 1001
1471 968
1056 1010
1047 1034
1035 1062
1024 1087
1024 1115
1045 1135
1073 1139
1101 1141
1132 1145
1160 1145
1186 1133
1212 1124
1235 1108
1239 1078
1228 1052
1214 1028
1202 1000
986 1224
1009 1215
1034 1209
1057 1200
1080 1192
1106 1187
1133 1186
1159 1182
1185 1180
1211 1184
1235 1190
1262 1189
1285 1193
1276 1216
1266 1239
1251 1260
1233 1280
1213 1299
1192 1312
1169 1324
1145 1331
1118 1332
1093 1329
1069 1320
1048 1306
1028 1289
1011 1268
997 1246
1000 1231
1018 1226
1038 1225
1057 1223
1077 1223
1098 1223
1118 1223
1137 1222
1157 1220
1175 1216
1194 1212
1212 1208
1231 1205
1250 1204
1247 1219
1232 1231
1216 1242
1199 1250
1181 1255
1163 1258
1144 1261
1125 1264
1106 1266
1086 1264
1068 1260
1051 1253
1034 1246
1017 1239
1204 910
1214 899
1224 889
1236 881
1248 875
1261 872
1276 871
1290 870
1304 869
1319 870
1331 874
1324 885
1316 897
1304 904
1291 908
1277 909
1262 909
1247 910
1233 908
1218 908
1020 923
1013 911
1001 905
987 903
972 903
958 904
944 907
931 910
918 916
906 923
895 932
906 939
919 945
932 948
947 950
962 950
976 950
990 948
1003 944
1015 936
1194 832
1206 813
1224 800
1243 789
1263 780
1283 772
1304 765
1325 761
1349 760
1372 762
1393 768
1379 776
1357 780
1336 786
1315 793
1295 800
1275 809
1256 819
1237 831
1216 837
1021 849
1000 837
977 829
953 825
928 822
901 821
876 823
851 827
827 832
805 840
785 855
810 852
835 849
860 847
886 849
910 853
934 858
959 860
984 864
1010 866
