102 345
103 357
103 370
104 382
105 395
106 407
110 419
115 431
120 442
125 453
132 464
138 475
144 487
151 497
159 507
167 517
177 525
187 532
198 539
209 544
221 547
233 551
246 552
259 554
271 553
283 550
294 545
304 537
314 529
324 521
334 513
342 504
349 493
356 482
361 471
366 460
371 448
375 436
378 424
382 411
385 399
256 325
248 333
240 341
235 351
235 361
240 370
251 373
263 373
273 374
284 376
294 380
305 385
313 378
319 369
319 358
317 347
314 336
199 421
208 419
216 416
225 413
233 409
242 405
251 406
260 410
269 410
279 411
287 415
295 421
301 428
307 436
315 442
308 448
299 451
291 455
282 458
273 459
263 458
254 455
246 452
238 448
229 444
222 439
213 434
206 429
205 422
212 421
220 421
228 421
235 422
242 424
248 427
255 429
262 431
269 431
277 431
284 433
291 435
297 438
304 441
298 438
292 435
284 434
277 433
270 432
262 431
255 429
249 427
242 425
235 422
228 421
220 422
213 422
315 302
320 300
325 299
330 298
336 298
341 298
346 299
351 301
356 303
360 307
363 311
360 315
354 315
349 315
343 314
339 312
334 310
329 308
324 306
320 304
239 287
240 282
235 279
230 276
226 274
221 272
215 271
210 271
204 271
199 273
194 275
190 279
194 283
199 285
204 286
210 286
216 286
222 286
228 286
233 286
316 255
323 249
333 248
341 250
350 254
358 257
366 260
373 266
379 273
384 281
387 289
383 296
376 289
370 282
362 276
354 274
346 270
338 266
329 265
320 263
262 251
263 238
253 229
241 225
228 224
214 224
201 226
189 230
177 235
166 241
155 248
145 258
157 253
169 250
182 248
195 247
209 246
223 246
236 247
249 249
