370 462
373 475
376 487
381 501
386 513
392 525
398 537
404 549
412 560
421 571
429 581
437 591
446 603
454 613
462 623
472 633
483 642
494 650
505 657
518 662
531 660
544 657
557 654
569 647
580 640
586 629
590 615
593 602
596 589
597 575
601 563
605 548
608 536
611 523
614 510
616 496
618 483
619 470
621 456
623 443
625 428
477 450
471 458
469 468
468 477
472 485
481 489
490 492
500 493
509 493
520 492
529 489
537 483
544 478
550 470
548 460
545 451
539 443
461 549
466 539
475 530
485 524
496 519
508 517
520 514
531 511
543 509
555 510
566 515
571 526
573 538
573 551
573 564
570 575
566 587
561 597
551 605
541 610
529 612
516 612
505 607
496 599
488 589
481 580
474 569
468 559
467 547
476 541
485 537
494 532
504 530
514 528
524 525
533 521
543 518
553 517
563 519
567 529
567 540
566 550
564 561
562 571
560 581
555 590
547 597
537 599
526 600
515 601
506 598
498 590
492 581
486 573
480 564
474 556
524 399
529 394
535 389
540 386
546 382
552 379
559 378
566 378
572 379
578 383
584 387
582 394
577 399
571 402
565 404
558 404
551 404
544 403
537 402
530 400
457 405
453 400
448 397
443 395
437 393
431 392
425 393
419 394
414 397
409 402
405 407
408 412
413 416
418 418
424 419
431 419
437 418
442 416
448 413
453 410
507 363
510 352
520 347
530 343
540 339
551 336
562 334
574 333
584 337
594 343
601 352
601 362
591 357
581 352
570 351
558 353
548 356
538 361
528 365
517 368
468 362
458 355
448 350
436 347
424 347
411 347
399 348
388 353
380 362
376 373
374 385
383 378
390 368
400 361
412 362
423 365
435 368
446 371
457 374
469 373
