215 337
218 348
221 361
224 372
228 383
234 394
240 404
247 414
254 425
259 435
266 445
275 454
284 463
293 469
305 474
317 474
329 474
341 476
353 474
365 472
377 469
389 466
400 464
411 459
422 454
433 447
443 441
451 433
457 422
461 410
464 399
469 387
474 377
478 365
478 353
479 341
478 328
476 316
473 305
471 293
467 281
310 296
308 305
306 313
305 322
306 333
312 338
322 337
330 335
340 333
348 330
357 327
366 324
372 317
370 309
365 300
360 293
353 286
312 394
311 385
314 378
318 371
323 364
330 359
337 357
346 355
353 352
361 350
370 350
377 353
385 357
391 362
398 367
402 374
397 381
392 388
386 393
379 397
371 401
364 404
356 406
348 407
339 408
330 408
323 405
316 401
322 391
325 386
328 381
331 376
335 373
340 370
345 368
350 366
356 365
361 364
367 364
373 364
378 365
383 367
388 370
392 375
386 376
381 377
375 378
370 380
365 381
359 382
354 383
348 384
343 386
338 388
333 389
328 391
356 242
360 236
364 231
369 225
374 221
380 218
387 216
394 217
400 219
406 223
411 228
415 234
409 238
403 240
396 241
389 242
382 243
376 245
369 245
362 247
295 262
291 258
285 254
278 251
272 249
266 248
259 249
253 252
247 256
243 262
241 268
239 275
244 280
251 279
257 276
264 274
270 272
276 269
282 267
289 265
335 207
344 198
354 191
365 186
376 182
388 179
401 179
413 183
423 189
433 198
441 208
438 216
427 210
416 204
405 199
394 196
381 197
369 201
358 206
347 210
291 216
284 207
274 204
263 205
252 208
242 211
232 216
224 225
219 234
215 244
213 255
215 266
223 259
229 250
237 242
247 236
257 233
268 231
279 231
290 227
