518 697
519 722
522 746
523 771
526 798
529 822
533 847
536 872
545 896
560 916
573 937
590 956
610 973
630 989
650 1003
671 1020
695 1029
718 1037
742 1044
766 1051
790 1057
816 1058
841 1057
867 1055
893 1051
914 1038
928 1017
939 993
947 970
956 946
967 924
976 900
986 877
995 853
1006 829
1020 808
1032 786
1040 762
1046 737
1045 711
1044 686
857 721
848 738
836 756
825 774
822 794
833 810
854 817
873 822
894 826
916 827
935 823
954 814
969 800
967 780
959 761
951 741
943 720
757 872
773 874
790 875
807 875
824 874
840 873
857 872
873 870
889 868
906 867
921 864
937 862
954 862
950 877
949 893
944 908
933 921
919 927
903 928
886 929
869 927
853 925
838 921
823 917
809 909
796 902
782 893
769 884
769 879
782 877
794 879
807 881
820 882
832 884
845 886
858 887
871 887
884 887
897 886
911 886
924 885
936 883
948 880
937 883
924 885
912 887
898 887
885 887
872 887
859 889
846 888
834 885
821 884
807 884
795 882
782 880
924 647
931 640
938 634
947 630
955 626
963 623
972 621
982 622
991 624
999 628
1000 638
997 646
991 653
982 657
973 659
964 660
954 659
944 659
935 658
926 656
815 651
807 642
796 637
786 632
775 628
763 627
751 628
740 632
730 637
720 643
710 648
720 653
730 659
741 664
752 666
765 666
777 667
789 666
801 665
812 662
952 595
957 586
965 577
974 570
983 565
992 559
1002 555
1011 550
1022 549
1032 552
1040 560
1035 566
1025 563
1015 566
1007 573
998 580
989 585
979 590
970 596
961 600
848 582
832 571
814 564
797 557
778 552
759 548
739 550
720 555
703 563
686 572
672 587
692 584
710 579
727 572
747 569
767 569
786 574
803 582
820 590
839 596
