473 764
478 792
484 821
496 847
510 875
525 901
539 925
555 951
573 975
592 995
615 1017
636 1035
661 1053
686 1070
710 1085
736 1102
761 1116
788 1130
815 1141
844 1150
872 1153
903 1151
932 1149
959 1139
980 1119
996 1092
1006 1064
1016 1036
1028 1009
1040 984
1053 957
1063 930
1072 900
1080 873
1088 845
1096 814
1102 786
1106 757
1109 727
1107 698
1102 667
908 751
897 767
887 786
890 807
902 824
921 835
940 834
961 827
982 826
1001 835
1022 831
1039 819
1051 803
1059 782
1067 763
1059 744
1048 723
813 937
830 933
848 930
866 927
885 926
903 925
921 923
939 920
958 919
977 920
995 918
1013 914
1029 920
1030 939
1027 957
1022 973
1009 987
993 995
976 999
957 998
940 995
923 989
907 983
891 977
875 971
859 963
843 955
828 946
829 939
843 939
857 939
872 939
886 940
900 941
914 941
927 943
940 946
954 947
969 946
983 946
996 943
1008 939
1021 935
1008 939
996 943
983 946
969 947
955 947
941 946
927 944
913 943
900 941
886 941
872 940
857 939
843 939
999 603
1006 595
1013 586
1019 578
1026 570
1035 565
1045 563
1056 565
1064 571
1071 579
1075 589
1078 598
1080 609
1072 615
1061 614
1050 614
1039 613
1028 612
1017 613
1007 611
866 610
858 596
848 583
840 570
830 557
816 549
800 550
785 555
771 562
758 571
745 581
732 590
739 604
753 610
769 613
785 616
802 615
818 614
834 612
850 609
1030 504
1035 494
1042 484
1052 477
1063 472
1075 471
1087 470
1099 471
1110 475
1118 485
1122 495
1123 508
1123 520
1114 513
1104 504
1093 502
1080 502
1067 502
1055 503
1042 504
901 508
899 483
876 472
851 464
825 460
798 461
773 468
750 479
726 488
703 499
682 518
676 543
699 532
723 523
746 513
770 504
795 499
822 496
849 497
874 505
