716 1034
726 1082
737 1130
751 1184
766 1232
782 1280
799 1329
814 1378
829 1427
846 1478
867 1527
889 1572
901 1620
921 1669
953 1707
1001 1737
1049 1751
1100 1752
1149 1741
1197 1721
1250 1705
1296 1695
1343 1673
1387 1649
1440 1627
1486 1613
1535 1590
1578 1564
1625 1545
1670 1520
1712 1488
1746 1449
1773 1406
1798 1358
1821 1314
1844 1268
1863 1217
1876 1168
1887 1119
1898 1069
1898 1014
913 934
886 964
864 1001
855 1043
864 1084
893 1118
933 1137
973 1135
1017 1128
1058 1129
1103 1127
1146 1127
1188 1114
1212 1078
1208 1036
1192 995
1169 958
861 1342
865 1310
879 1283
902 1259
930 1245
962 1248
994 1250
1025 1244
1056 1239
1086 1246
1115 1255
1143 1266
1171 1277
1199 1289
1226 1305
1230 1333
1204 1349
1177 1364
1149 1377
1121 1388
1091 1395
1060 1401
1028 1404
995 1405
962 1404
931 1399
902 1389
877 1368
874 1351
896 1340
917 1325
939 1313
963 1307
990 1305
1017 1305
1044 1306
1071 1305
1097 1303
1124 1303
1151 1304
1177 1306
1203 1309
1228 1314
1204 1315
1178 1312
1152 1309
1125 1307
1098 1307
1071 1307
1044 1308
1018 1309
991 1308
964 1311
940 1317
918 1328
896 1341
1219 765
1237 750
1261 749
1285 749
1308 752
1331 755
1353 758
1377 760
1400 762
1423 765
1443 773
1423 779
1400 782
1377 784
1353 785
1329 785
1305 787
1282 788
1259 785
1236 781
930 781
916 773
901 767
885 763
868 763
851 763
833 764
818 768
804 777
791 787
798 802
803 816
817 824
835 825
851 822
866 818
882 813
897 808
912 803
926 796
1052 529
1110 514
1170 504
1231 496
1294 493
1358 496
1418 507
1472 528
1523 561
1569 606
1599 657
1547 627
1495 598
1439 579
1376 575
1313 580
1253 589
1194 601
1133 611
1082 581
946 565
946 535
927 511
904 491
878 476
851 466
821 464
793 472
769 492
755 517
747 545
743 575
747 605
767 584
781 558
806 540
836 537
864 546
890 559
917 569
