353 458
356 470
359 482
363 494
369 507
372 519
377 530
383 541
391 551
400 561
409 570
417 579
426 590
432 600
441 611
448 621
457 630
467 637
480 639
493 642
505 643
518 641
530 638
542 632
552 624
561 614
570 607
581 599
591 591
603 585
611 577
620 567
630 559
639 550
645 538
651 527
656 515
660 503
664 490
666 478
669 465
462 464
457 477
452 490
448 503
449 518
461 526
471 534
484 542
497 542
511 537
524 531
537 527
545 516
544 503
541 488
535 475
530 462
441 565
449 562
459 561
469 562
478 561
486 563
495 565
503 563
513 563
522 563
532 564
541 564
551 564
555 569
548 575
541 581
534 587
527 593
519 598
511 601
502 602
492 602
483 600
475 597
468 592
461 586
454 579
448 572
450 567
458 568
465 570
472 573
479 574
486 576
494 578
501 577
508 575
515 573
523 572
531 572
538 570
545 569
552 567
546 568
539 570
531 571
523 571
516 573
509 575
502 576
494 577
486 575
479 574
472 572
465 569
458 568
546 415
552 409
558 403
565 398
572 395
579 393
588 392
596 393
604 395
611 398
618 401
618 410
611 415
604 418
596 419
587 419
579 419
570 419
562 418
554 417
453 406
449 400
443 395
436 391
430 388
422 386
415 385
407 385
399 386
392 389
386 392
391 398
396 404
403 408
410 410
417 412
425 413
433 413
441 414
449 413
535 395
541 388
548 383
555 380
563 378
571 376
579 374
587 372
595 373
603 375
610 380
607 385
598 385
590 386
582 387
574 389
566 391
558 394
550 396
542 398
446 385
435 380
425 374
414 369
403 365
391 363
379 363
367 365
356 369
345 375
336 384
348 381
359 378
372 377
384 378
396 379
408 382
419 386
430 390
442 392
