477 1099
479 1164
479 1230
477 1298
487 1364
501 1429
520 1491
549 1548
586 1607
628 1663
669 1707
718 1761
761 1804
821 1844
876 1878
937 1909
1002 1924
1067 1940
1134 1944
1201 1934
1263 1918
1326 1898
1390 1872
1444 1838
1493 1790
1538 1744
1577 1693
1622 1639
1666 1590
1697 1528
1710 1464
1719 1399
1742 1336
1759 1271
1773 1208
1773 1141
1766 1071
1749 1007
1728 944
1714 878
1704 811
949 1015
930 1060
903 1113
895 1163
927 1209
971 1233
1024 1210
1077 1216
1131 1215
1176 1185
1217 1155
1271 1146
1307 1110
1293 1056
1262 1010
1215 986
1176 946
941 1510
963 1479
992 1451
1024 1430
1056 1412
1093 1403
1128 1393
1164 1383
1201 1375
1237 1366
1273 1356
1312 1351
1350 1347
1388 1352
1421 1369
1394 1398
1364 1425
1334 1448
1302 1469
1270 1489
1237 1506
1202 1518
1166 1526
1128 1533
1090 1538
1049 1538
1014 1527
977 1519
955 1506
984 1484
1015 1471
1047 1459
1080 1450
1114 1441
1148 1433
1181 1424
1213 1414
1246 1404
1278 1392
1311 1383
1346 1377
1380 1369
1415 1367
1384 1381
1351 1391
1319 1402
1287 1413
1255 1425
1223 1436
1189 1444
1156 1454
1123 1463
1089 1471
1055 1478
1021 1486
988 1495
1193 742
1206 722
1220 701
1239 683
1259 670
1281 659
1304 652
1328 649
1354 647
1378 652
1398 665
1404 688
1383 700
1359 706
1336 712
1311 716
1286 718
1261 721
1237 725
1214 733
817 829
812 811
794 803
774 799
753 798
732 801
714 807
696 816
679 827
663 841
652 858
647 877
667 879
689 880
709 877
728 872
746 864
764 856
782 848
800 839
1095 562
1107 530
1135 508
1166 493
1201 485
1238 484
1275 487
1310 494
1342 507
1371 526
1399 550
1408 578
1375 568
1342 558
1307 551
1271 547
1233 547
1199 555
1165 564
1130 569
824 648
807 617
776 597
739 594
703 601
670 613
638 629
608 649
581 677
561 708
547 740
537 775
572 767
595 738
619 709
650 689
683 678
720 673
758 670
796 668
