267 340
268 355
269 370
270 386
271 402
274 418
279 434
283 449
290 463
299 477
309 488
322 499
335 507
350 514
364 520
380 525
395 531
409 536
424 540
440 543
455 544
473 544
488 543
504 539
518 535
534 530
549 526
565 521
578 516
593 509
607 500
618 490
627 477
634 462
639 447
644 433
648 416
652 400
655 386
659 370
662 354
435 313
428 324
421 336
416 349
419 361
433 366
446 363
459 360
474 359
488 363
501 367
513 371
525 364
527 350
523 337
515 325
508 313
392 409
396 398
404 388
414 380
424 374
435 369
446 365
459 364
471 366
484 367
495 371
506 376
516 384
525 393
532 403
534 416
530 427
520 434
508 437
496 439
484 440
471 440
458 440
445 438
434 435
423 430
412 425
402 418
423 398
429 395
434 391
441 389
447 389
454 390
461 390
468 391
475 392
481 392
488 394
494 396
500 399
505 402
510 407
509 411
502 411
495 410
488 410
481 409
475 408
468 407
461 406
455 405
448 405
441 404
435 403
429 400
523 275
529 268
536 263
544 259
552 257
561 256
571 257
579 259
587 262
594 267
601 273
598 280
590 284
582 287
573 288
564 289
555 288
546 286
538 284
530 280
422 262
416 255
409 251
402 247
394 244
385 243
376 244
368 245
360 248
353 253
347 260
353 265
361 269
368 273
377 275
386 275
395 275
404 274
412 273
420 270
531 211
535 197
548 192
562 190
578 189
593 191
607 195
619 201
632 209
641 220
648 233
651 247
640 242
628 232
616 224
603 220
588 218
573 219
557 220
542 219
446 197
433 186
416 182
399 180
381 180
363 183
347 187
332 194
318 205
307 219
300 234
314 225
328 215
343 207
358 201
375 199
393 200
409 205
425 209
442 212
