205 373
210 416
214 460
219 504
223 548
229 590
239 632
262 670
285 707
312 745
338 777
371 811
402 838
434 868
464 901
496 931
531 961
568 985
605 1009
642 1026
686 1027
730 1027
776 1021
818 1005
859 989
897 974
937 955
976 933
1011 906
1043 876
1073 844
1105 812
1135 783
1170 753
1199 719
1219 683
1237 641
1249 598
1256 555
1265 512
1274 466
513 444
503 476
496 510
499 545
513 575
545 585
582 592
612 599
649 604
682 596
713 581
747 578
782 570
804 546
809 512
805 477
794 443
444 695
481 699
516 708
552 714
589 718
625 724
663 727
700 723
736 716
772 711
811 709
848 706
884 700
920 693
905 711
874 729
843 746
811 763
779 778
745 788
709 795
672 798
634 796
599 788
566 775
534 758
504 735
476 711
480 708
508 718
538 726
567 734
597 742
627 749
659 751
691 748
722 742
752 736
783 730
813 724
842 716
872 708
893 704
865 716
836 726
807 734
778 743
748 751
718 757
687 762
654 763
622 761
592 755
562 747
534 737
506 724
798 239
811 221
828 204
846 189
865 178
885 171
908 169
931 171
953 174
973 183
991 197
994 219
975 231
955 238
933 241
909 243
886 244
862 244
839 243
817 249
505 245
493 229
478 215
461 207
442 203
421 202
401 204
382 208
364 214
347 223
331 234
348 243
365 251
383 257
403 260
424 260
444 258
464 257
483 260
503 263
706 163
709 134
731 112
757 103
785 99
814 94
840 86
867 77
896 75
925 78
950 90
949 115
920 119
892 125
865 132
838 139
810 145
783 153
758 164
731 173
526 128
498 111
467 103
433 100
398 100
364 104
331 109
300 117
270 132
244 153
228 181
262 184
292 172
322 161
355 156
390 155
425 157
459 161
492 165
525 160
