41 419
44 432
46 444
49 457
52 470
56 483
59 496
64 508
68 520
74 531
81 543
88 555
95 565
104 574
114 584
124 591
137 596
150 597
164 599
176 600
189 601
203 602
216 600
228 596
240 590
252 585
264 579
275 571
284 563
293 553
301 542
308 531
315 520
322 508
328 498
333 484
333 472
335 459
337 446
338 433
338 419
133 407
127 416
122 427
120 437
124 448
132 455
142 459
153 461
164 460
175 458
186 457
198 453
206 447
211 437
211 426
207 415
201 405
115 499
122 493
130 490
139 489
148 488
157 490
166 490
174 486
183 486
192 487
201 489
210 490
219 492
227 494
224 502
216 506
208 510
201 514
193 518
185 522
177 524
168 525
159 526
149 526
141 523
134 519
127 513
120 506
119 497
126 496
133 496
140 497
147 498
153 499
160 500
167 500
174 499
181 498
187 497
194 497
201 496
208 495
213 497
207 499
200 499
193 500
187 501
180 502
173 503
166 504
159 504
153 503
146 501
140 500
132 500
125 499
213 359
215 356
219 353
222 352
226 350
230 349
234 349
239 349
243 349
247 350
251 352
250 356
246 358
242 359
238 360
234 361
230 362
225 362
221 361
217 360
123 356
120 353
117 352
114 351
110 352
107 352
103 352
100 352
96 352
93 354
91 356
94 358
97 358
100 359
104 359
107 360
111 360
114 360
118 359
121 359
194 313
200 305
209 302
219 301
229 298
239 297
250 296
261 296
271 298
279 303
284 312
278 320
268 321
258 319
247 318
237 319
227 321
217 323
206 324
196 323
147 318
142 308
134 301
123 298
112 297
101 297
90 295
78 294
69 300
63 309
59 319
56 329
67 329
77 323
86 318
97 316
107 320
117 324
127 326
138 324
