558 1041
563 1081
565 1121
571 1161
580 1200
584 1239
589 1277
596 1316
605 1356
615 1396
628 1435
645 1469
665 1502
691 1537
716 1565
749 1592
783 1608
823 1622
862 1627
901 1632
942 1639
981 1646
1020 1646
1058 1640
1098 1631
1138 1616
1173 1603
1214 1591
1249 1577
1281 1555
1313 1526
1339 1499
1363 1464
1380 1429
1389 1390
1394 1348
1398 1310
1403 1272
1399 1230
1400 1188
1404 1148
882 1029
861 1058
846 1090
837 1123
842 1160
863 1190
899 1197
932 1189
967 1182
1004 1186
1040 1193
1075 1195
1110 1184
1121 1152
1117 1115
1102 1081
1087 1048
813 1372
834 1358
859 1353
881 1343
904 1332
929 1327
955 1328
982 1328
1008 1325
1034 1323
1059 1327
1082 1335
1106 1342
1130 1349
1155 1354
1138 1362
1114 1368
1089 1373
1065 1380
1042 1388
1017 1394
991 1396
965 1396
940 1392
916 1384
892 1378
866 1374
840 1373
855 1365
873 1360
892 1359
911 1357
931 1356
950 1357
969 1359
989 1360
1008 1358
1027 1356
1047 1356
1067 1357
1087 1357
1106 1356
1125 1357
1105 1358
1085 1358
1065 1358
1046 1359
1027 1362
1008 1364
988 1363
969 1362
950 1359
931 1357
912 1360
894 1363
875 1364
1076 912
1090 901
1104 891
1119 885
1135 881
1153 879
1171 879
1188 881
1205 884
1221 889
1236 897
1227 910
1212 916
1196 922
1180 925
1162 924
1145 921
1128 917
1111 915
1092 915
864 923
852 907
835 898
818 891
799 886
779 884
758 886
739 889
721 895
703 903
688 916
701 932
717 943
735 950
753 954
774 954
794 951
812 946
830 940
847 932
1040 821
1060 791
1092 776
1127 768
1164 764
1202 763
1240 765
1275 774
1305 794
1328 823
1341 855
1345 891
1316 871
1288 845
1256 830
1220 825
1181 826
1145 831
1109 836
1071 838
865 829
842 801
808 795
773 793
737 790
701 788
666 793
635 805
611 832
600 863
593 897
585 930
612 907
635 880
664 861
698 856
734 859
770 861
806 859
841 855
