757 1112
770 1136
785 1164
800 1191
815 1218
830 1244
846 1270
863 1296
881 1320
901 1343
926 1365
950 1384
974 1403
1000 1421
1023 1436
1052 1448
1081 1456
1112 1459
1142 1459
1173 1459
1204 1458
1235 1455
1265 1448
1293 1435
1317 1416
1338 1393
1356 1368
1373 1343
1387 1316
1401 1289
1413 1261
1423 1232
1429 1202
1433 1172
1434 1141
1434 1111
1432 1080
1429 1047
1425 1016
1420 986
1414 956
1031 993
1016 1012
1004 1034
1001 1057
1012 1079
1035 1091
1059 1092
1085 1089
1109 1084
1133 1077
1156 1067
1176 1051
1193 1033
1192 1009
1178 991
1155 979
1131 969
991 1204
1008 1185
1027 1171
1048 1160
1070 1153
1095 1151
1120 1150
1143 1145
1164 1135
1187 1128
1212 1127
1237 1129
1259 1135
1278 1152
1265 1173
1252 1193
1242 1214
1227 1233
1208 1251
1188 1262
1165 1267
1141 1271
1116 1269
1093 1263
1071 1256
1050 1245
1030 1233
1009 1221
1004 1191
1020 1181
1037 1175
1056 1171
1075 1168
1094 1165
1115 1166
1135 1166
1152 1160
1169 1152
1187 1146
1205 1141
1224 1138
1245 1138
1259 1148
1244 1162
1228 1171
1211 1178
1193 1184
1175 1188
1155 1191
1136 1193
1117 1196
1098 1200
1079 1203
1059 1204
1039 1204
1020 1200
1146 869
1154 859
1163 850
1173 843
1184 837
1195 833
1207 831
1220 831
1233 833
1244 838
1254 844
1253 856
1244 864
1233 869
1221 872
1209 875
1196 875
1183 875
1169 875
1157 874
954 910
944 904
932 901
921 899
908 899
897 902
887 906
877 912
867 919
860 928
854 938
864 942
876 944
888 944
900 942
911 939
922 935
932 931
942 926
952 921
1083 807
1102 786
1126 774
1150 764
1175 755
1201 747
1227 741
1255 737
1282 741
1306 753
1327 772
1320 794
1293 789
1266 784
1237 786
1211 791
1184 797
1159 805
1133 813
1107 819
976 825
952 821
926 821
900 822
874 824
849 827
826 833
804 845
786 863
773 884
765 907
789 903
811 894
833 884
855 875
878 866
901 859
925 855
951 854
975 848
