491 792
493 825
493 861
494 894
501 931
509 965
518 999
527 1030
543 1063
557 1093
581 1120
604 1146
628 1171
659 1192
684 1214
709 1241
733 1263
760 1285
792 1303
825 1312
858 1319
895 1322
930 1314
961 1300
988 1278
1012 1252
1033 1224
1052 1198
1075 1170
1097 1145
1121 1118
1144 1090
1164 1064
1185 1033
1194 1001
1201 968
1209 934
1222 900
1229 864
1231 831
1234 794
865 759
842 774
824 797
819 828
839 845
870 852
895 866
920 884
945 897
976 906
1004 898
1026 880
1055 871
1070 847
1058 819
1041 794
1025 767
709 948
734 934
765 933
796 933
828 933
858 935
886 941
915 946
945 949
975 952
1004 956
1032 963
1056 979
1055 1009
1039 1033
1020 1057
997 1077
972 1091
945 1100
914 1100
886 1093
858 1086
832 1075
807 1060
784 1042
762 1019
741 997
722 974
731 952
756 947
781 952
804 959
828 966
853 972
877 977
901 983
927 986
954 986
979 983
1005 980
1032 979
1057 983
1037 1000
1018 1019
998 1037
976 1049
952 1054
925 1055
899 1052
874 1047
851 1040
828 1031
806 1020
784 1008
763 992
745 973
1035 658
1044 652
1055 649
1066 647
1077 646
1088 648
1099 650
1109 653
1119 657
1128 664
1137 671
1133 676
1121 675
1110 675
1098 675
1087 674
1076 671
1065 670
1055 667
1044 664
845 625
835 616
823 609
811 605
797 602
784 600
770 599
755 598
742 600
729 604
716 609
730 611
743 615
756 619
769 621
783 624
796 626
810 628
823 630
837 632
1041 540
1060 534
1079 527
1100 524
1122 526
1142 532
1162 538
1182 543
1200 552
1218 565
1227 583
1209 591
1190 584
1171 575
1152 568
1132 562
1110 561
1089 564
1066 564
1045 561
872 521
848 499
821 486
793 477
762 474
729 474
697 476
669 485
642 498
616 516
591 534
622 530
653 525
683 519
713 513
745 511
775 516
804 525
833 533
861 543
