270 425
268 439
267 453
267 468
268 483
270 497
272 512
275 527
280 541
286 555
294 565
303 578
312 590
323 599
336 605
351 610
365 613
380 616
394 621
408 625
422 629
436 630
450 626
466 626
481 627
496 626
510 621
521 613
533 604
542 593
550 580
557 567
563 554
568 539
571 525
574 510
576 496
578 481
581 467
583 453
585 437
437 430
432 439
425 448
419 456
421 467
429 473
440 476
451 479
461 480
472 481
483 481
494 477
502 470
506 461
502 450
496 441
489 432
377 518
387 512
399 510
410 508
421 505
434 504
445 506
457 507
469 506
481 506
493 508
503 512
514 517
511 529
507 539
500 549
492 558
482 565
472 570
461 572
448 573
437 572
426 569
416 563
406 555
398 546
390 537
384 527
384 514
394 514
404 515
414 514
424 514
434 514
444 515
453 516
463 517
472 516
482 515
492 515
501 517
509 520
503 527
495 533
487 537
479 540
469 542
460 543
450 543
440 543
430 543
421 542
412 538
404 534
396 529
389 522
496 387
499 382
503 378
508 376
513 375
519 374
524 374
530 375
535 376
539 379
543 383
544 389
539 392
534 393
528 394
522 394
517 393
511 392
506 392
500 390
412 384
412 378
407 375
402 372
397 370
391 369
385 368
379 369
373 370
367 372
363 376
360 381
365 383
371 385
376 386
382 387
389 387
395 387
401 386
406 385
496 351
500 343
508 339
517 336
526 333
536 332
546 332
555 333
564 335
573 338
580 345
580 354
570 353
562 350
553 348
544 346
534 347
524 348
515 349
505 351
432 342
425 335
415 331
405 329
395 328
384 328
373 329
363 330
353 332
344 336
335 341
345 345
354 342
363 339
374 338
384 339
394 341
404 343
413 346
424 347
