223 396
228 409
233 423
238 436
242 449
245 463
251 478
256 490
264 503
273 514
283 524
293 534
305 544
317 551
329 556
342 563
355 569
369 573
384 575
398 576
412 576
427 575
441 571
453 563
466 556
476 547
487 537
495 526
503 513
511 502
519 488
524 476
527 462
530 447
534 433
536 420
538 405
539 391
539 376
538 362
537 347
335 376
333 389
330 401
329 415
329 428
339 436
352 439
365 440
378 439
392 435
401 426
412 418
417 407
414 394
406 384
398 373
389 362
314 470
325 467
337 463
349 460
360 457
373 455
385 453
396 449
407 445
419 442
432 441
445 440
457 440
456 452
451 463
445 473
439 484
430 493
421 502
410 508
400 513
387 514
374 514
362 511
351 506
341 499
332 489
323 480
326 473
337 472
347 472
358 471
368 470
379 469
389 467
398 464
407 461
416 457
426 454
435 450
444 446
453 443
450 452
444 460
436 467
428 474
419 479
411 484
401 487
392 491
382 493
372 493
361 491
352 489
343 484
334 479
392 320
396 314
401 308
407 303
413 299
419 296
426 294
433 293
440 294
447 296
453 300
455 306
448 308
441 310
434 312
427 313
420 314
413 314
405 315
399 318
315 337
313 332
307 329
301 327
294 325
287 325
280 325
273 327
268 330
262 334
258 340
255 346
262 348
269 348
275 346
282 345
289 343
295 341
302 339
308 338
370 292
377 281
387 273
398 267
410 263
422 259
434 256
448 254
461 256
472 260
483 268
477 274
466 269
454 265
440 264
428 266
416 271
405 277
394 284
383 289
312 302
301 300
288 299
276 300
264 300
253 303
242 307
233 314
226 324
221 334
217 345
226 338
234 329
243 320
254 315
265 314
277 313
289 312
302 312
314 312
