367 470
362 483
359 499
356 514
357 528
360 542
363 557
367 572
373 586
380 599
386 612
392 626
403 637
411 650
420 662
432 671
443 682
456 687
472 690
486 694
501 697
516 699
530 698
544 691
558 685
571 680
586 674
598 665
611 657
623 647
633 636
643 625
650 612
657 600
665 586
671 573
678 559
683 545
688 531
690 516
692 500
484 465
475 476
466 488
457 500
456 515
461 528
475 535
489 538
504 540
519 541
533 541
547 538
561 532
566 518
564 504
557 490
551 476
429 571
436 559
447 551
460 547
474 547
488 549
501 553
515 553
530 552
543 554
555 560
567 567
578 576
585 588
577 599
567 610
556 617
544 623
532 630
519 634
505 634
490 635
477 631
465 625
454 618
445 607
440 595
435 582
431 566
441 561
452 562
462 566
472 569
482 572
493 574
505 574
516 573
527 574
538 575
550 576
561 576
572 577
570 587
560 592
550 596
540 598
529 601
518 602
507 602
496 601
484 600
474 597
464 594
454 590
445 584
438 575
568 441
572 436
577 433
583 430
588 429
595 428
601 427
607 428
613 430
618 434
622 439
622 445
617 448
611 449
604 450
598 449
592 448
585 448
579 447
573 445
475 427
471 423
467 418
462 414
457 411
451 410
445 409
439 410
434 411
428 414
423 416
428 419
433 422
439 425
444 427
450 428
456 429
461 429
467 431
473 432
569 385
576 376
586 373
597 373
608 375
618 376
629 377
639 380
648 385
656 392
663 401
659 407
650 402
641 397
631 394
620 393
609 394
599 395
588 395
578 392
489 380
488 368
479 361
469 356
458 353
448 350
436 349
424 350
413 352
403 357
394 365
388 375
399 372
411 371
423 371
434 373
444 376
455 379
466 381
478 382
