927 1391
926 1454
928 1522
934 1590
946 1656
964 1720
982 1783
1002 1847
1032 1909
1064 1963
1101 2020
1140 2077
1190 2125
1241 2158
1272 2221
1307 2274
1349 2327
1411 2352
1482 2362
1545 2363
1612 2356
1677 2346
1743 2331
1804 2306
1861 2265
1907 2218
1962 2185
2024 2153
2078 2115
2132 2074
2182 2029
2230 1983
2282 1938
2331 1889
2375 1840
2405 1784
2429 1719
2445 1656
2451 1588
2451 1520
2444 1451
1322 1340
1301 1392
1281 1443
1248 1495
1235 1545
1261 1596
1316 1619
1371 1628
1432 1628
1486 1623
1546 1609
1596 1587
1642 1552
1648 1496
1618 1446
1578 1405
1540 1360
1228 1833
1247 1796
1274 1761
1308 1731
1349 1719
1390 1729
1432 1722
1472 1709
1517 1706
1559 1716
1597 1731
1636 1748
1675 1763
1716 1773
1753 1787
1719 1815
1684 1842
1649 1868
1613 1891
1575 1911
1536 1925
1494 1934
1452 1942
1406 1941
1365 1931
1326 1916
1294 1883
1266 1848
1253 1838
1280 1815
1314 1807
1348 1801
1385 1798
1420 1794
1455 1789
1490 1784
1525 1779
1562 1776
1598 1775
1635 1776
1672 1778
1708 1781
1731 1796
1698 1805
1665 1814
1631 1822
1597 1830
1564 1839
1532 1850
1499 1858
1463 1862
1426 1864
1390 1865
1353 1862
1320 1854
1286 1847
1607 1176
1623 1158
1642 1145
1662 1135
1682 1125
1702 1117
1724 1111
1748 1111
1770 1114
1791 1122
1810 1133
1814 1153
1793 1161
1772 1168
1749 1170
1725 1172
1702 1174
1679 1177
1655 1178
1632 1176
1240 1209
1222 1195
1203 1183
1183 1175
1160 1173
1136 1173
1114 1176
1093 1183
1074 1193
1056 1208
1049 1228
1065 1246
1085 1253
1108 1256
1131 1256
1155 1255
1177 1251
1198 1245
1219 1239
1239 1231
1502 984
1532 942
1574 914
1619 894
1665 876
1713 864
1767 864
1817 874
1869 879
1915 896
1951 935
1932 979
1881 988
1829 984
1778 976
1729 965
1680 955
1630 965
1588 993
1544 1015
1278 1027
1268 998
1241 980
1213 970
1181 965
1147 965
1114 963
1082 966
1053 977
1028 998
1009 1024
994 1051
1027 1053
1060 1051
1088 1039
1119 1034
1151 1038
1184 1042
1217 1042
1251 1042
