1046 1173
1048 1215
1049 1263
1052 1311
1057 1353
1066 1401
1078 1447
1092 1489
1110 1533
1132 1572
1157 1608
1187 1646
1216 1679
1252 1709
1289 1736
1324 1765
1359 1796
1395 1827
1432 1856
1473 1879
1517 1895
1562 1902
1609 1902
1653 1897
1695 1881
1735 1856
1768 1823
1798 1789
1838 1763
1873 1739
1908 1705
1940 1674
1974 1638
2001 1604
2026 1563
2044 1521
2054 1478
2064 1430
2073 1387
2080 1342
2089 1293
1565 1236
1537 1259
1510 1284
1483 1314
1485 1350
1511 1381
1546 1391
1583 1410
1618 1426
1652 1435
1691 1421
1728 1411
1763 1393
1777 1361
1763 1323
1736 1294
1721 1259
1419 1520
1444 1508
1468 1497
1493 1487
1520 1480
1547 1475
1577 1475
1604 1480
1633 1483
1661 1486
1688 1492
1713 1503
1736 1516
1759 1535
1775 1558
1753 1577
1730 1591
1704 1600
1677 1606
1648 1608
1619 1607
1591 1603
1564 1596
1538 1589
1512 1581
1487 1571
1463 1558
1440 1542
1419 1520
1443 1521
1467 1523
1491 1525
1514 1528
1538 1529
1562 1529
1585 1533
1608 1537
1631 1539
1655 1538
1679 1537
1703 1538
1726 1541
1745 1548
1721 1548
1697 1549
1673 1551
1649 1551
1625 1552
1601 1551
1578 1547
1556 1543
1533 1539
1509 1537
1486 1536
1462 1533
1439 1530
1791 1127
1803 1115
1817 1108
1831 1104
1846 1099
1861 1097
1878 1098
1893 1101
1908 1105
1921 1113
1932 1125
1929 1140
1915 1146
1899 1147
1883 1145
1867 1143
1851 1143
1835 1141
1819 1138
1806 1131
1509 1099
1495 1084
1480 1072
1464 1062
1447 1054
1429 1050
1409 1047
1390 1049
1371 1052
1353 1058
1339 1071
1354 1081
1371 1089
1389 1094
1406 1100
1424 1105
1443 1109
1462 1111
1482 1112
1502 1114
1770 989
1792 967
1818 955
1848 950
1879 952
1909 955
1938 962
1966 972
1991 986
2015 1006
2038 1028
2028 1050
2000 1043
1973 1033
1945 1023
1916 1017
1886 1013
1858 1006
1827 1003
1798 997
1558 975
1541 945
1511 925
1479 908
1447 894
1411 887
1375 894
1339 899
1301 901
1267 913
1238 936
1220 967
1258 965
1297 964
1335 963
1373 961
1412 959
1450 961
1485 969
1520 978
