169 394
170 409
171 423
175 438
179 452
184 466
189 480
196 493
203 507
211 520
218 533
225 545
233 559
242 572
251 583
261 595
270 605
283 615
296 621
311 623
326 624
341 623
354 618
368 610
379 602
389 591
399 579
409 567
419 556
429 545
437 534
447 520
453 508
462 496
469 483
474 469
479 454
482 440
487 425
491 411
495 396
297 393
292 403
287 415
283 427
282 439
291 448
302 453
313 456
326 457
337 456
351 455
362 451
372 444
373 432
370 419
366 408
362 395
271 511
275 500
280 489
286 478
297 473
310 472
321 477
334 477
346 478
357 484
364 494
368 506
369 518
371 531
370 543
368 556
363 567
354 577
343 583
331 585
318 584
306 582
294 579
284 572
277 562
275 550
273 537
273 524
278 530
280 519
283 510
287 501
294 493
304 490
314 491
325 492
335 492
345 495
353 502
359 510
363 519
365 529
365 540
362 550
359 559
354 568
346 576
337 580
327 581
316 582
306 580
297 576
289 569
284 560
280 551
279 540
372 355
377 350
382 346
388 342
394 340
401 339
407 340
414 341
420 343
426 346
431 350
430 357
424 359
418 360
411 361
404 362
397 362
391 361
384 359
378 358
285 351
284 345
280 340
275 336
269 332
263 330
256 329
249 330
243 332
237 335
231 338
226 343
232 346
237 349
243 351
250 352
257 353
264 353
271 353
278 352
371 315
380 307
389 302
400 301
412 300
423 301
435 302
446 304
455 309
464 316
470 326
467 333
457 326
448 320
438 316
427 315
416 313
405 313
394 314
383 315
301 322
295 311
284 305
271 302
258 299
245 298
231 297
219 301
208 308
199 318
194 330
191 343
201 334
211 326
222 318
234 314
248 314
262 316
275 318
287 322
