1712 1407
1711 1484
1712 1568
1719 1644
1734 1727
1751 1810
1768 1883
1789 1966
1813 2044
1844 2116
1883 2189
1922 2260
1968 2334
2021 2395
2068 2461
2119 2524
2183 2579
2248 2627
2313 2664
2394 2698
2470 2719
2551 2715
2632 2708
2709 2688
2789 2661
2849 2607
2906 2544
2960 2490
3014 2423
3061 2364
3102 2292
3145 2220
3184 2145
3222 2073
3248 1997
3269 1918
3283 1837
3290 1759
3294 1677
3288 1592
3278 1510
2344 1490
2313 1543
2285 1596
2266 1657
2286 1712
2345 1741
2396 1774
2448 1801
2509 1822
2573 1821
2630 1800
2683 1765
2740 1735
2795 1708
2815 1653
2788 1595
2743 1551
2181 2010
2235 1978
2292 1956
2351 1938
2411 1921
2478 1920
2539 1935
2600 1923
2663 1912
2724 1925
2785 1940
2845 1956
2892 2000
2868 2056
2835 2110
2799 2162
2764 2215
2717 2263
2663 2294
2604 2312
2540 2321
2472 2321
2409 2310
2357 2273
2310 2225
2270 2174
2234 2121
2204 2066
2216 1996
2261 2007
2311 2007
2361 2008
2411 2007
2461 2006
2508 2013
2557 2016
2605 2010
2653 2006
2702 2003
2753 2003
2802 2001
2823 2024
2784 2050
2744 2074
2704 2098
2664 2122
2623 2144
2581 2160
2537 2174
2488 2173
2444 2159
2403 2138
2364 2112
2325 2084
2285 2060
2247 2034
2694 1243
2733 1239
2772 1242
2811 1245
2851 1247
2889 1252
2927 1257
2966 1254
3007 1254
3044 1247
3074 1232
3042 1251
3006 1260
2966 1261
2926 1258
2887 1260
2848 1256
2811 1249
2773 1244
2734 1241
2330 1274
2292 1274
2255 1276
2220 1283
2183 1287
2149 1296
2114 1304
2076 1306
2040 1310
2004 1315
1967 1312
2005 1312
2042 1309
2079 1305
2115 1301
2150 1292
2184 1282
2219 1276
2256 1272
2293 1270
2634 1097
2671 1044
2724 1012
2781 985
2839 963
2900 947
2962 934
3029 935
3087 957
3135 1003
3165 1058
3162 1108
3111 1065
3053 1044
2986 1042
2921 1049
2861 1067
2804 1094
2747 1116
2687 1133
2344 1081
2291 1033
2233 997
2172 971
2107 953
2040 940
1972 931
1905 944
1849 986
1816 1045
1803 1112
1800 1184
1851 1141
1903 1089
1963 1059
2035 1057
2100 1074
2161 1101
2225 1120
2298 1122
