1051 1151
1059 1200
1065 1247
1076 1297
1087 1344
1107 1393
1129 1438
1156 1483
1185 1523
1209 1567
1231 1614
1252 1657
1281 1698
1320 1734
1359 1765
1398 1794
1442 1822
1485 1840
1532 1864
1580 1881
1628 1895
1681 1898
1727 1894
1778 1875
1817 1850
1855 1818
1886 1776
1918 1735
1948 1697
1978 1655
2002 1613
2022 1567
2043 1522
2064 1471
2081 1424
2096 1379
2113 1328
2127 1281
2139 1234
2145 1184
2149 1130
1653 1212
1623 1240
1596 1268
1574 1305
1570 1343
1590 1378
1630 1391
1670 1385
1711 1396
1750 1406
1791 1399
1830 1384
1864 1363
1874 1326
1858 1287
1844 1250
1832 1208
1496 1536
1527 1533
1558 1530
1589 1526
1619 1521
1650 1517
1681 1521
1712 1524
1743 1520
1773 1516
1805 1518
1836 1520
1867 1525
1869 1556
1857 1583
1839 1608
1815 1628
1788 1641
1759 1650
1730 1656
1698 1657
1666 1656
1637 1647
1611 1634
1584 1620
1559 1604
1534 1585
1514 1560
1538 1539
1561 1540
1583 1542
1604 1546
1625 1551
1646 1555
1668 1559
1689 1563
1710 1566
1732 1564
1753 1560
1774 1555
1795 1550
1816 1546
1826 1545
1806 1551
1786 1558
1766 1565
1746 1571
1726 1577
1704 1579
1682 1576
1662 1569
1643 1562
1623 1555
1603 1549
1581 1546
1560 1543
1825 1008
1828 984
1839 964
1854 946
1872 929
1892 918
1914 912
1938 910
1962 913
1982 922
2000 938
2005 960
1996 981
1983 1000
1964 1015
1941 1020
1917 1021
1892 1020
1868 1019
1844 1020
1555 1023
1546 1001
1530 980
1511 960
1490 944
1467 934
1439 932
1414 937
1389 944
1366 953
1343 966
1327 987
1349 1000
1372 1010
1396 1018
1422 1023
1448 1026
1474 1022
1501 1019
1528 1022
1830 853
1849 826
1875 804
1904 790
1934 780
1965 772
1999 769
2033 768
2065 774
2093 789
2114 815
2080 818
2046 819
2014 825
1985 837
1954 845
1923 855
1894 866
1865 879
1833 886
1653 862
1609 840
1563 825
1514 816
1463 812
1409 812
1358 816
1309 827
1264 845
1222 870
1190 910
1234 889
1280 874
1331 868
1381 873
1431 882
1481 888
1533 892
1580 904
1633 906
