338 414
337 427
335 442
335 455
335 470
335 484
336 498
337 513
341 526
347 539
355 552
362 563
371 574
381 585
393 591
406 598
417 606
430 615
441 623
452 631
465 640
477 646
491 651
504 652
518 647
529 639
541 631
551 620
559 610
568 599
578 587
586 575
595 564
602 553
609 541
617 528
622 515
629 502
634 489
639 476
644 462
512 419
505 429
498 441
491 450
489 464
496 474
506 481
518 485
531 488
544 490
556 489
567 484
576 475
575 462
573 450
571 438
567 424
440 511
449 503
461 501
473 499
485 499
498 499
510 499
522 501
533 504
546 504
558 505
568 510
574 521
568 531
563 541
556 551
549 561
540 569
529 573
517 573
504 573
492 571
482 567
472 559
463 551
455 542
449 532
444 521
444 509
453 507
462 506
472 506
482 507
492 508
501 510
510 512
520 513
529 514
539 515
548 516
557 518
562 526
557 534
551 541
543 547
535 550
525 551
515 550
506 549
496 548
488 545
479 541
471 536
464 530
456 524
449 517
570 395
574 390
580 386
585 382
592 380
599 380
606 381
612 383
618 386
624 390
628 396
627 403
622 408
615 409
608 409
601 408
594 406
588 403
582 400
575 399
498 379
495 373
490 368
484 364
478 362
471 361
463 361
457 362
450 364
444 367
439 371
443 377
448 381
454 384
461 386
468 387
475 387
482 386
489 385
496 385
571 367
579 363
588 361
598 361
607 360
617 359
627 359
636 362
644 365
651 372
654 380
647 380
639 375
630 374
621 375
612 377
602 376
593 376
583 376
574 375
526 357
516 348
505 345
493 342
481 340
469 338
456 337
444 338
432 340
420 343
409 348
420 352
432 350
445 349
457 349
469 351
481 354
492 358
504 361
515 363
