80 368
80 382
80 398
82 413
85 429
88 444
92 460
97 474
103 488
109 502
120 515
132 524
144 533
156 541
172 547
187 547
203 547
218 545
234 544
249 543
264 540
280 535
294 529
308 524
322 517
335 508
348 498
359 486
366 473
372 459
378 444
381 429
384 414
385 398
383 383
382 368
380 352
378 337
372 322
367 308
359 294
141 337
139 348
134 360
132 373
132 386
136 397
146 406
156 400
167 395
179 393
192 394
204 392
213 384
213 371
209 359
204 348
197 337
138 457
141 450
145 442
150 436
157 430
164 426
172 424
181 424
189 422
197 424
205 426
213 429
220 432
228 434
236 436
242 443
235 448
228 452
220 455
213 457
205 460
197 462
188 464
180 464
171 463
163 462
155 459
146 459
139 458
143 452
149 449
155 447
162 445
168 444
175 442
182 440
189 439
196 439
203 439
211 439
218 439
225 439
232 440
228 442
221 443
213 443
206 443
199 444
192 445
185 445
178 446
171 447
164 448
157 450
151 452
145 456
225 300
229 294
232 288
236 282
242 278
248 276
255 275
262 276
268 278
275 280
281 284
285 289
281 294
274 296
267 297
260 298
253 298
246 299
239 300
232 301
139 315
136 311
132 308
127 306
122 304
116 304
111 306
107 308
104 312
101 317
100 322
100 327
103 331
107 331
112 329
117 327
122 325
126 323
131 321
136 319
173 256
180 242
194 235
210 231
226 228
243 228
260 228
276 230
292 234
305 242
315 255
299 253
284 249
268 246
251 247
237 253
222 260
208 266
193 270
176 272
144 264
139 256
131 250
121 248
112 249
103 252
94 257
86 263
79 271
74 279
71 288
72 298
80 292
86 284
94 278
103 276
113 276
124 277
134 277
142 273
