177 606
183 627
189 650
198 675
205 697
214 719
222 741
232 762
250 782
268 795
289 809
306 824
327 838
347 849
370 856
391 867
414 877
438 882
461 883
484 880
509 876
532 872
556 866
579 858
601 849
621 834
638 820
660 806
678 793
696 774
710 755
725 736
737 716
749 696
755 673
764 650
772 627
776 603
778 579
779 556
781 531
405 554
396 571
388 587
387 605
396 620
414 627
432 624
451 620
470 618
488 616
507 618
524 620
540 610
547 593
546 574
535 558
521 545
353 702
369 695
386 690
402 685
419 680
436 675
455 675
473 678
490 675
507 671
526 670
545 673
563 674
581 677
587 691
573 702
557 711
541 718
525 724
508 729
490 732
472 733
453 734
434 735
416 733
399 729
382 724
367 714
361 703
376 700
393 699
408 701
424 699
441 699
457 699
474 698
491 698
506 696
522 692
537 690
553 687
568 685
585 685
571 687
555 689
539 690
523 693
508 696
493 699
477 701
460 701
444 701
427 703
411 703
394 704
378 703
534 453
539 443
549 436
559 430
569 425
581 423
593 423
605 424
617 427
627 431
637 437
635 449
625 456
615 460
603 462
592 464
579 464
567 463
556 460
544 459
380 461
370 454
359 449
347 446
335 444
322 444
310 447
298 450
287 455
277 462
269 472
280 479
291 483
303 485
316 485
329 485
341 483
353 480
365 476
376 471
507 348
524 340
541 333
560 330
580 331
599 334
618 337
636 342
654 346
672 353
687 364
677 374
658 371
639 368
620 365
601 361
582 358
563 356
543 358
523 358
372 382
363 363
343 356
320 354
298 355
277 361
258 369
238 377
220 387
203 404
193 423
191 445
208 435
226 421
245 411
266 406
288 404
311 403
333 401
354 396
