108 203
113 215
119 228
124 240
129 253
133 265
136 278
142 291
148 302
157 313
168 321
180 328
192 334
205 338
218 341
232 343
245 343
258 343
272 342
285 341
299 340
312 338
326 336
338 334
352 331
366 327
378 322
391 317
403 311
414 303
422 294
429 281
433 269
434 255
434 242
434 229
434 214
435 201
436 188
435 174
433 160
256 159
250 169
245 179
241 190
241 201
250 208
262 207
273 206
285 205
296 203
308 203
318 201
326 192
325 181
320 170
312 162
305 153
240 261
246 255
252 250
258 244
264 239
271 234
277 230
285 228
293 228
301 227
308 228
315 231
322 234
329 238
335 243
338 250
332 256
325 260
318 263
311 265
303 266
295 267
287 268
279 268
271 268
263 267
255 266
247 263
240 261
246 258
252 255
258 253
264 251
270 249
276 248
282 246
288 244
295 243
301 243
308 243
315 244
322 245
328 246
325 249
318 248
311 249
304 249
297 249
291 250
284 251
278 252
271 253
265 255
259 257
253 258
247 260
316 118
318 112
324 107
329 104
335 102
342 101
348 100
355 100
362 101
367 106
369 112
367 118
362 123
356 125
350 127
343 128
336 128
330 126
323 126
317 124
232 131
226 126
220 123
214 122
207 122
200 124
194 126
188 129
182 132
177 137
172 142
178 145
184 147
191 148
199 148
205 147
212 145
218 143
224 141
230 138
295 82
298 72
306 64
315 58
325 52
334 47
345 46
357 46
367 48
377 54
384 63
388 73
378 71
368 68
357 66
346 67
336 70
326 74
316 78
306 82
235 85
229 75
217 72
205 70
191 70
179 72
167 77
157 84
148 94
142 105
137 116
131 127
142 121
151 112
161 103
172 96
184 93
198 93
211 93
224 91
