92 312
98 327
105 343
110 359
116 376
122 392
128 407
138 423
149 436
162 449
175 460
188 469
204 475
220 483
236 491
251 498
268 505
284 511
299 519
314 526
331 530
349 531
366 531
384 531
400 527
414 517
427 506
439 492
447 478
453 462
461 446
470 430
478 416
486 401
494 386
503 369
512 354
519 339
523 322
524 305
531 289
308 238
300 251
295 266
296 282
306 293
323 294
339 296
354 300
370 299
385 297
402 297
418 297
429 287
425 272
413 259
399 252
386 243
258 375
271 364
286 356
300 347
314 339
329 332
346 331
363 333
381 333
398 333
413 340
427 349
440 360
448 374
445 391
437 405
426 418
413 429
398 437
383 442
365 443
348 442
331 440
316 435
302 426
288 416
276 403
267 389
263 379
274 371
287 364
299 359
312 356
326 354
340 351
354 349
368 347
383 347
397 349
410 353
422 359
434 366
439 378
429 389
417 397
405 404
393 408
379 411
365 413
351 415
337 416
322 415
309 412
296 407
285 398
274 389
406 199
411 191
418 184
426 181
434 179
443 178
453 178
461 180
469 184
477 188
484 194
487 201
478 202
468 203
460 205
451 206
441 207
432 206
423 205
414 203
290 192
282 184
274 179
264 176
254 175
244 175
234 177
225 179
216 183
207 187
199 192
207 196
216 200
225 202
235 205
245 205
256 204
266 204
276 203
286 200
380 154
384 139
396 127
409 119
423 113
438 109
454 107
470 109
485 113
498 121
506 134
512 148
499 142
485 135
470 132
454 135
441 142
426 147
411 149
396 154
311 122
295 113
276 108
256 106
237 104
217 106
199 113
183 124
168 136
154 151
141 166
159 160
176 152
191 139
208 131
228 131
248 134
266 138
286 140
306 139
