281 389
282 399
283 410
286 420
288 430
292 440
297 450
302 460
308 469
314 477
321 485
329 491
339 498
347 504
355 511
364 517
373 523
382 527
393 531
403 533
414 536
424 539
434 540
445 538
454 533
463 527
472 520
480 514
489 508
497 501
504 493
511 485
518 477
525 469
531 459
536 450
540 440
544 430
547 420
550 411
552 399
430 392
425 399
419 406
414 413
413 422
416 430
424 435
433 437
442 438
451 439
460 438
469 435
475 429
476 420
473 411
471 403
468 393
379 472
386 468
394 468
402 468
410 466
418 465
426 464
434 465
442 466
450 465
459 465
466 466
474 469
481 471
486 477
481 483
473 485
465 486
457 486
449 485
441 484
433 482
425 481
418 479
410 478
402 478
393 477
385 476
395 470
401 471
407 471
414 471
420 471
426 470
432 471
438 472
444 472
451 472
457 471
463 471
469 471
475 472
481 472
475 473
468 473
462 472
456 472
450 473
443 473
437 472
431 471
425 471
419 471
413 471
407 472
400 472
477 352
481 347
485 342
489 337
495 334
501 332
507 331
513 332
518 335
523 340
527 345
528 351
525 356
520 360
513 361
507 361
500 361
494 359
488 358
482 356
410 347
404 342
397 338
390 335
383 333
375 332
368 333
360 334
353 338
347 343
344 349
349 355
356 358
363 360
371 361
379 362
386 361
394 359
400 357
407 354
487 324
493 319
501 315
509 312
517 309
525 308
534 307
543 309
550 314
557 320
561 328
552 329
545 326
537 322
529 320
520 321
512 324
504 327
496 331
488 333
424 314
415 307
406 304
396 302
385 302
374 301
363 301
354 304
345 308
336 313
327 318
338 320
348 319
359 318
369 317
381 317
391 319
401 321
411 323
422 323
