321 378
321 399
320 423
317 445
315 467
311 490
309 512
313 533
321 554
334 573
345 593
352 615
361 635
373 654
384 673
398 692
413 709
429 724
446 738
465 751
486 761
507 768
528 771
550 771
574 767
591 755
608 738
623 721
637 704
648 685
663 668
677 652
692 634
705 614
715 596
720 573
729 552
738 533
745 511
751 490
758 467
597 357
581 374
563 394
548 413
529 432
526 456
541 476
563 489
584 501
610 508
636 509
659 502
677 485
676 459
670 434
663 411
660 384
446 516
467 514
487 513
508 514
525 522
543 529
562 534
581 538
600 542
618 549
635 558
650 573
648 593
640 611
630 628
617 644
601 656
582 659
562 657
543 652
525 645
508 635
493 622
479 607
468 590
460 573
453 555
447 536
449 524
466 522
483 525
500 528
516 533
531 539
546 547
562 553
579 556
596 559
613 561
630 564
642 577
635 592
628 607
615 620
601 629
584 633
566 633
549 630
533 625
518 619
503 610
490 597
479 584
470 569
463 554
456 539
676 360
683 359
690 358
698 358
705 359
712 361
719 364
725 368
731 372
737 378
740 384
735 388
727 387
721 384
714 381
707 378
701 375
694 372
688 369
682 365
561 319
556 312
549 307
543 303
536 299
529 295
522 292
514 291
505 291
497 291
488 291
495 297
501 301
508 304
515 308
523 310
530 312
538 314
546 316
554 318
689 292
699 282
709 274
721 269
734 267
746 274
756 282
767 291
775 301
783 312
789 324
792 336
781 339
770 330
760 323
749 316
737 310
726 305
713 301
701 298
630 260
634 237
616 218
595 207
572 201
547 199
523 196
499 200
475 206
454 215
436 233
421 253
445 248
467 239
489 232
515 232
538 236
561 242
584 249
606 258
