203 743
210 764
220 787
230 807
241 827
253 849
264 869
276 890
289 910
303 930
318 948
335 964
353 979
372 995
389 1009
406 1025
426 1042
446 1053
467 1060
493 1063
514 1061
537 1054
559 1041
578 1028
596 1013
612 997
630 979
645 961
660 944
676 925
688 906
701 885
711 865
718 841
724 820
730 795
734 773
736 748
735 724
736 700
738 676
400 747
397 767
392 787
386 806
394 825
412 834
432 840
451 845
472 843
491 835
509 823
524 809
529 791
519 773
506 756
494 738
486 719
386 910
398 897
411 885
425 876
442 874
457 879
475 878
490 873
507 871
524 872
541 874
557 878
568 891
566 908
563 924
556 938
545 952
531 961
517 968
502 973
486 977
470 980
452 980
437 974
424 964
412 951
403 938
394 924
393 913
406 912
418 909
430 908
443 907
455 905
468 905
480 902
492 899
505 898
517 896
529 894
541 892
553 890
553 900
543 909
533 916
523 922
511 926
500 929
487 931
475 933
462 934
450 932
438 930
426 927
415 923
404 918
517 636
522 626
531 616
540 608
550 602
560 597
572 595
584 592
596 591
607 594
617 600
618 612
611 622
600 628
589 631
578 633
566 635
553 635
541 634
529 634
359 662
349 655
338 649
327 644
315 641
302 640
289 642
277 646
266 651
256 658
246 667
255 677
265 684
277 687
290 687
302 684
314 680
326 677
337 672
350 670
486 576
495 560
510 549
527 543
545 537
562 531
578 523
595 515
613 511
633 510
650 517
644 531
626 535
607 536
589 542
573 551
556 557
539 564
523 572
505 578
352 587
337 578
320 574
302 571
283 572
264 573
246 571
228 572
212 579
197 590
188 605
204 599
221 596
239 598
257 601
275 603
293 605
312 606
330 607
348 603
