728 806
720 830
712 858
707 886
702 914
697 942
690 970
685 997
686 1027
689 1054
695 1084
703 1111
718 1135
729 1160
751 1181
773 1197
797 1214
818 1231
843 1244
866 1263
891 1274
918 1286
946 1294
972 1297
1000 1302
1028 1304
1058 1299
1084 1288
1107 1270
1125 1251
1144 1229
1163 1207
1179 1182
1190 1159
1203 1133
1215 1108
1227 1082
1238 1056
1249 1030
1258 1000
1265 972
954 873
939 887
923 902
908 914
895 931
901 952
918 963
938 969
958 977
977 987
998 996
1018 1000
1031 984
1037 963
1036 942
1032 921
1028 900
832 1040
845 1033
858 1027
871 1021
883 1014
896 1008
910 1005
925 1006
939 1011
952 1015
965 1021
974 1032
979 1046
985 1059
991 1072
997 1084
993 1097
978 1098
962 1098
947 1098
932 1097
917 1095
904 1091
891 1085
879 1077
867 1069
855 1058
845 1047
875 1038
883 1037
890 1035
898 1034
906 1033
914 1034
922 1035
930 1038
937 1040
944 1043
951 1048
957 1053
963 1059
968 1065
974 1071
971 1071
964 1068
957 1064
950 1060
943 1057
935 1055
928 1053
921 1050
914 1047
906 1044
898 1043
890 1042
882 1042
1090 866
1098 856
1109 851
1120 848
1133 847
1145 849
1155 854
1165 860
1175 869
1181 879
1187 889
1185 901
1173 903
1161 904
1149 902
1138 898
1127 894
1117 888
1107 881
1096 876
938 794
935 783
927 773
917 765
907 760
896 755
885 753
872 753
860 754
849 758
838 762
841 774
847 784
857 791
868 796
879 798
891 800
903 801
916 802
929 802
1120 766
1137 762
1156 762
1173 766
1190 770
1206 778
1221 786
1236 796
1249 809
1260 824
1265 840
1249 842
1235 831
1220 821
1205 811
1189 804
1172 799
1155 796
1137 793
1122 785
989 724
997 705
981 690
962 680
943 674
923 669
903 664
882 660
861 662
842 670
824 679
807 693
826 702
846 698
868 696
890 696
911 700
930 707
948 716
967 724
