491 656
493 677
494 698
497 719
501 741
506 762
510 783
517 804
525 823
537 842
550 859
564 875
579 890
596 904
612 918
629 931
647 944
663 955
683 965
704 972
725 974
746 972
767 967
788 959
807 950
826 939
844 929
862 917
880 905
896 891
911 875
925 859
938 841
950 821
959 804
968 782
973 761
977 740
978 719
977 697
976 675
673 639
663 654
654 671
648 688
651 706
664 719
681 730
697 740
715 745
733 743
752 738
769 730
786 721
798 708
801 688
793 671
783 655
608 760
626 757
646 757
664 760
682 763
700 766
719 768
738 767
758 767
777 767
797 766
816 765
835 766
836 784
822 798
807 809
792 819
775 826
759 832
740 835
721 837
703 835
685 831
668 824
653 816
637 806
623 793
614 777
611 764
628 761
645 764
661 768
678 771
694 775
710 779
728 778
745 776
762 774
780 772
797 770
815 770
832 771
822 784
808 795
794 802
779 809
763 814
747 818
730 820
712 819
696 815
680 811
664 805
650 797
636 788
622 777
786 573
794 567
802 561
810 557
819 553
828 551
838 549
848 550
857 553
866 557
873 563
874 573
864 575
855 577
845 579
835 579
825 579
815 578
805 577
795 576
656 558
649 553
642 549
634 546
626 544
617 543
608 543
599 544
591 547
584 551
577 557
585 561
592 564
601 565
610 566
619 566
628 566
637 565
646 566
655 565
772 536
785 526
799 519
814 515
829 512
845 510
861 509
877 511
892 514
906 522
919 531
910 539
896 534
881 530
865 529
848 530
832 532
817 535
802 539
787 542
656 530
655 516
642 508
629 505
614 502
600 499
586 497
570 496
557 501
544 509
533 519
524 531
539 531
552 524
566 521
582 521
597 523
611 525
626 528
641 529
