170 309
173 320
176 332
180 344
184 356
188 368
189 380
193 391
199 403
205 413
213 422
221 431
229 440
238 449
248 456
258 464
268 471
280 475
292 477
304 477
317 475
328 474
340 472
352 467
362 458
370 449
377 440
385 430
392 420
398 409
404 398
409 388
413 376
415 364
417 351
417 339
419 327
421 315
422 302
422 289
422 277
277 287
271 298
267 309
262 320
262 331
270 340
281 346
293 349
305 350
316 348
326 343
337 336
344 326
344 315
337 306
329 296
322 286
260 398
264 391
271 387
278 384
285 382
292 380
300 379
308 379
316 378
325 378
333 378
341 378
349 380
356 382
361 388
356 395
349 399
343 402
336 405
328 407
320 408
312 409
304 410
296 410
288 409
280 408
273 406
266 403
261 396
267 396
274 395
280 394
287 393
293 392
300 392
306 391
313 390
319 390
326 389
332 388
339 388
345 387
352 388
345 388
339 388
332 388
326 390
319 390
313 391
306 392
300 392
293 393
287 394
280 394
274 395
267 396
324 252
328 247
333 244
338 241
344 239
350 237
355 236
362 235
368 236
374 237
379 240
379 246
374 248
368 249
362 251
356 251
349 252
343 252
336 252
330 252
270 253
264 250
258 247
252 245
245 243
238 243
232 244
226 247
220 250
215 253
209 258
215 260
221 262
228 263
235 264
242 264
249 264
255 263
261 261
267 258
310 199
315 187
326 180
339 176
352 173
366 174
378 178
389 185
399 195
406 206
410 219
409 231
401 220
393 209
383 200
370 196
357 197
344 200
332 204
320 209
271 208
268 196
260 187
248 184
235 183
223 184
211 187
200 193
190 201
184 211
180 223
178 235
190 235
197 225
206 215
216 208
227 204
240 204
251 209
262 214
