471 1410
472 1463
478 1521
483 1579
489 1637
493 1696
492 1752
498 1810
508 1867
529 1924
553 1974
582 2025
615 2073
655 2112
707 2141
758 2165
806 2195
864 2216
920 2233
970 2253
1026 2270
1083 2269
1141 2271
1198 2277
1260 2272
1316 2265
1365 2240
1413 2207
1449 2161
1477 2112
1504 2059
1539 2010
1564 1958
1580 1908
1599 1851
1620 1795
1641 1740
1657 1685
1671 1629
1686 1573
1684 1514
1177 1391
1151 1431
1113 1472
1089 1513
1096 1564
1128 1605
1178 1628
1223 1644
1273 1662
1322 1678
1374 1670
1423 1655
1462 1621
1459 1570
1443 1520
1426 1473
1410 1419
941 1752
982 1754
1021 1760
1060 1764
1099 1771
1138 1774
1177 1781
1211 1796
1246 1809
1287 1812
1327 1809
1366 1814
1402 1826
1435 1845
1443 1881
1408 1896
1370 1903
1329 1905
1288 1904
1249 1899
1212 1889
1177 1875
1143 1859
1109 1841
1076 1823
1042 1805
1009 1787
976 1768
982 1762
1014 1768
1046 1776
1078 1784
1108 1794
1138 1806
1168 1817
1200 1826
1232 1833
1264 1840
1297 1846
1331 1849
1365 1851
1400 1853
1430 1858
1396 1855
1361 1853
1327 1856
1293 1853
1262 1844
1230 1837
1198 1829
1166 1821
1135 1813
1104 1803
1074 1791
1044 1780
1014 1769
1446 1288
1463 1276
1480 1261
1498 1250
1517 1244
1538 1240
1561 1241
1580 1247
1598 1259
1613 1276
1623 1294
1629 1314
1610 1324
1588 1324
1566 1321
1546 1316
1526 1310
1506 1304
1486 1299
1466 1294
1127 1206
1125 1185
1109 1163
1090 1141
1068 1124
1045 1111
1018 1105
990 1104
962 1107
937 1116
914 1129
892 1146
916 1156
944 1159
972 1163
998 1168
1026 1172
1052 1177
1078 1185
1103 1195
1445 1178
1474 1137
1518 1120
1570 1118
1619 1127
1663 1143
1699 1179
1718 1223
1727 1272
1728 1324
1723 1375
1710 1421
1690 1395
1687 1343
1679 1294
1662 1250
1635 1210
1592 1188
1540 1186
1490 1193
1253 1110
1239 1052
1191 1008
1135 981
1077 964
1015 953
949 957
892 976
837 1003
786 1041
744 1090
715 1144
772 1125
829 1102
884 1076
943 1059
1009 1061
1069 1074
1129 1090
1187 1107
