523 434
527 455
533 479
539 500
548 523
556 546
563 566
571 588
581 610
592 630
605 650
620 667
637 683
653 701
669 717
686 733
705 748
725 759
746 766
771 769
793 770
818 767
840 762
861 753
881 742
900 728
919 715
938 701
956 687
974 669
987 651
997 630
1005 609
1014 585
1021 564
1029 542
1033 519
1037 496
1040 472
1042 449
1043 425
763 435
750 449
737 464
729 480
733 498
747 511
764 519
783 528
800 533
820 533
838 529
857 520
872 509
880 491
879 472
870 454
865 436
693 571
711 571
728 571
744 572
761 574
778 574
795 573
812 572
828 570
845 569
862 570
879 570
896 570
906 580
894 592
882 603
868 612
854 618
839 623
823 626
806 627
789 625
773 623
758 619
743 613
729 606
716 596
703 584
697 575
711 578
725 581
739 584
754 586
768 588
783 589
799 589
814 588
829 587
844 586
859 584
873 582
887 579
899 576
886 580
872 584
858 586
843 587
828 588
813 590
798 591
783 589
768 589
753 588
738 587
724 585
710 582
865 356
872 348
879 340
887 334
897 330
907 328
917 327
928 327
939 327
948 330
954 338
954 349
946 356
937 360
927 362
916 362
906 363
896 361
885 360
875 359
723 365
722 355
715 347
706 342
697 338
687 337
677 338
667 339
658 342
649 347
642 355
636 363
645 368
654 372
664 373
674 374
685 374
695 373
705 371
714 369
861 302
870 286
886 277
903 271
920 267
938 263
957 261
976 262
994 265
1011 270
1027 279
1029 297
1013 303
994 301
974 301
955 300
936 299
916 300
898 302
879 304
749 308
732 298
712 294
692 290
672 287
651 286
630 285
609 288
591 294
574 306
569 326
589 323
608 316
627 312
649 312
669 314
689 318
708 323
727 329
747 327
