327 665
326 689
326 717
327 741
324 769
322 796
323 821
326 846
330 873
337 899
345 925
352 949
360 972
373 998
387 1018
403 1039
421 1058
439 1078
459 1095
482 1109
507 1116
531 1121
557 1121
584 1118
609 1107
629 1091
648 1073
668 1056
687 1037
705 1018
722 999
740 980
758 959
774 939
786 916
796 891
807 868
819 844
828 819
833 794
837 767
577 775
563 789
547 803
534 821
537 842
552 856
570 869
588 883
605 896
626 902
645 896
665 884
684 875
698 858
697 837
692 817
689 793
451 875
469 884
487 895
506 904
525 911
545 918
564 925
585 930
606 933
627 936
649 937
671 936
679 952
666 969
652 986
636 1002
618 1014
599 1021
578 1024
556 1022
536 1015
519 1003
502 988
489 971
480 952
472 933
465 914
457 894
456 887
472 895
489 903
505 910
522 916
540 921
557 926
575 931
594 933
613 934
632 937
651 938
670 937
678 949
663 961
647 969
630 977
614 983
596 989
578 991
559 989
542 982
526 974
511 963
497 949
484 935
473 920
464 904
706 706
713 699
722 692
731 689
741 686
752 686
762 687
771 691
780 696
788 703
796 709
794 719
785 722
774 724
764 723
754 721
743 719
733 717
724 714
715 710
571 678
564 670
556 663
548 656
539 651
529 647
519 644
509 643
498 643
488 646
479 651
486 660
494 667
504 671
513 674
523 676
534 678
544 680
554 683
564 685
683 647
699 641
716 636
733 631
751 628
770 628
787 631
803 639
818 649
831 663
841 677
827 684
813 673
799 661
783 653
766 649
747 651
730 655
712 658
695 662
614 601
599 589
582 582
564 576
546 572
527 568
508 566
488 567
469 570
452 577
435 586
449 601
467 607
486 609
506 608
526 608
545 612
563 616
583 618
602 616
