38 308
44 325
53 340
68 354
77 368
88 383
101 398
113 411
128 422
144 433
160 443
176 450
194 457
211 462
229 469
246 474
264 478
282 483
301 487
320 490
338 490
357 489
375 485
389 475
404 465
416 450
424 432
430 416
435 397
439 380
446 362
453 345
460 328
467 310
474 293
480 275
485 258
487 239
486 220
484 203
479 184
332 248
328 259
326 272
327 284
337 291
349 291
361 292
374 291
386 289
398 284
409 279
419 273
428 264
438 257
444 245
441 233
435 222
300 373
311 369
322 366
333 362
344 359
355 355
365 349
376 343
386 338
398 336
409 333
419 326
431 324
432 337
431 349
429 361
426 372
420 383
410 390
400 395
389 398
377 400
365 399
353 395
343 391
332 386
321 382
310 378
322 368
329 365
338 364
345 362
353 359
360 357
368 355
376 353
384 351
392 349
399 346
406 343
413 338
420 334
427 330
421 336
415 341
408 344
401 349
394 354
387 358
380 360
372 362
363 362
355 363
346 364
338 366
330 367
389 130
389 122
391 114
393 107
397 100
402 93
408 89
415 86
422 83
430 85
436 91
439 98
440 106
439 114
436 121
429 126
422 128
414 129
405 129
397 130
294 165
292 154
284 145
275 139
263 137
252 140
242 145
232 150
223 156
214 164
205 172
198 182
209 184
220 187
232 189
243 190
255 187
265 183
275 177
284 171
402 76
405 68
410 61
414 54
420 48
425 41
430 35
437 30
444 27
453 26
460 30
462 38
459 45
451 48
444 52
437 56
430 60
423 64
416 69
409 74
309 73
288 69
267 71
247 78
228 85
208 92
189 100
170 109
152 119
135 134
128 153
147 145
166 138
185 129
204 120
223 113
243 107
263 102
283 96
304 90
