163 425
165 436
167 447
169 458
173 468
178 478
185 488
192 497
199 507
206 515
215 522
224 529
234 535
244 541
253 546
264 551
276 554
287 556
298 557
309 557
321 556
332 554
344 552
354 549
364 542
371 534
379 526
388 518
396 511
405 503
412 494
417 484
421 473
424 462
426 451
428 440
430 429
431 417
430 406
428 393
427 382
267 392
263 399
259 407
258 415
260 423
268 427
276 428
285 428
294 429
302 428
310 425
317 421
323 415
325 407
322 399
316 393
309 387
252 474
257 468
263 464
269 460
276 457
282 454
290 455
298 455
305 453
313 452
321 453
328 454
335 456
341 459
344 465
338 471
333 476
327 482
321 485
314 488
307 490
300 490
292 491
285 489
278 486
271 483
265 481
258 477
255 473
260 470
266 468
271 466
278 465
284 465
291 465
297 465
304 464
310 463
316 462
322 461
329 460
335 460
341 461
337 463
331 464
325 465
318 466
312 467
306 468
299 468
293 469
287 470
280 470
273 470
267 471
261 473
314 338
319 335
324 332
329 329
334 326
339 325
345 323
351 323
357 324
362 326
363 332
361 338
356 342
351 345
345 346
339 345
333 345
328 344
322 343
316 344
248 353
247 348
242 346
237 345
232 345
226 345
221 346
216 349
212 351
207 354
204 358
207 363
211 366
216 367
221 367
227 367
232 365
237 363
241 361
245 357
297 310
302 302
310 295
319 290
329 286
338 284
349 282
360 283
370 285
379 289
387 295
386 304
375 303
365 301
355 298
344 298
334 300
325 305
316 309
307 313
255 309
246 305
236 304
225 303
215 305
205 306
196 310
188 314
180 320
173 328
170 337
179 334
187 330
196 326
205 322
215 320
225 319
235 320
246 320
255 318
