293 460
297 472
300 485
303 497
308 509
312 521
317 532
322 544
329 555
336 564
345 574
355 583
364 592
373 602
381 611
389 619
400 628
410 634
422 640
435 642
447 641
459 639
472 635
483 630
493 620
498 610
502 596
504 585
506 572
510 560
514 548
518 536
522 524
526 511
529 499
532 486
535 474
537 462
540 449
542 437
544 424
430 410
431 421
431 432
430 444
430 455
439 461
451 463
463 462
474 459
485 457
494 450
502 442
506 431
507 419
504 408
499 398
490 389
395 532
402 524
411 518
420 512
430 508
439 504
447 497
457 492
468 491
479 490
489 488
498 492
502 501
499 511
495 520
494 531
492 541
488 551
482 560
473 566
464 570
453 571
442 572
431 571
422 566
414 558
407 550
401 541
395 532
401 525
407 520
415 517
423 515
431 514
439 511
446 508
453 504
461 502
470 502
478 501
487 501
493 507
492 515
489 523
485 530
479 536
472 541
465 545
457 546
449 548
440 548
431 548
423 547
415 545
407 543
400 539
470 357
472 353
475 349
479 346
484 344
488 343
493 342
498 342
503 343
508 345
511 348
507 352
503 355
499 357
495 359
490 360
485 360
480 360
475 360
471 362
409 373
404 372
398 372
393 373
387 373
382 375
377 377
372 379
368 382
363 384
358 387
363 385
368 383
373 381
378 379
383 377
388 375
393 374
399 373
404 374
474 321
476 315
480 309
485 304
491 300
497 297
503 294
510 294
517 295
523 298
528 304
530 310
525 313
519 310
512 309
505 311
499 313
493 315
487 318
481 321
425 336
415 332
404 332
394 335
383 336
373 339
363 342
354 346
344 350
335 354
325 359
336 361
347 359
356 356
366 353
376 350
386 347
397 345
408 344
419 344
