354 474
371 498
386 524
400 553
412 579
426 608
446 632
472 648
500 664
526 676
556 689
584 700
614 709
636 731
660 750
689 758
719 762
751 763
781 755
808 745
832 723
855 702
871 675
883 649
904 625
930 610
954 592
971 566
986 538
1001 510
1013 483
1015 451
1014 421
1012 390
1011 359
1010 328
1009 298
1009 268
1007 236
1004 206
1000 173
558 449
551 470
547 492
554 515
570 530
592 525
615 519
637 520
660 514
679 501
701 492
722 489
741 474
742 453
737 429
717 418
698 406
561 607
581 597
603 591
623 583
646 580
670 578
691 571
712 563
735 559
756 553
777 545
799 540
822 537
839 551
833 572
823 592
807 610
788 624
769 637
749 647
728 656
706 660
682 663
658 664
636 660
615 651
596 639
577 625
589 611
607 606
624 600
643 598
661 594
678 588
695 582
712 576
729 571
746 566
763 560
781 555
798 550
816 545
828 550
813 562
797 573
782 585
767 595
751 603
733 608
716 613
698 618
681 623
662 625
643 623
625 619
607 615
710 307
724 304
738 301
753 297
767 294
782 291
796 288
810 284
824 279
837 273
850 266
837 274
824 279
810 284
797 289
783 294
769 297
754 301
740 305
726 307
511 364
499 370
488 377
476 384
464 388
451 391
438 394
425 397
411 398
398 401
385 404
398 402
412 400
425 398
438 395
451 391
464 388
477 384
488 378
500 371
651 257
665 236
684 218
705 206
728 197
752 193
777 188
802 184
828 185
853 188
876 195
867 214
844 221
819 224
793 226
769 232
746 240
723 247
700 255
676 261
472 320
464 306
450 299
433 296
416 295
398 295
382 299
368 306
353 313
339 321
328 334
328 351
345 353
360 347
375 341
391 337
408 336
425 334
441 332
457 328
