408 591
408 607
410 625
416 642
423 659
428 675
435 690
444 707
453 721
464 736
475 748
488 760
502 771
513 784
525 798
541 805
558 807
575 804
592 800
610 795
626 789
642 783
659 775
673 767
689 758
704 751
720 742
736 733
750 725
764 714
776 702
785 687
791 669
796 652
799 635
802 618
806 600
808 584
811 566
812 549
812 530
501 557
496 571
490 586
484 599
482 615
493 624
508 627
524 625
539 624
556 623
570 621
584 615
595 604
600 590
592 577
583 564
575 550
490 674
496 662
508 658
522 655
536 654
551 654
565 651
578 647
592 646
606 644
621 644
635 646
649 648
657 659
649 670
640 681
629 692
618 701
606 707
593 711
580 714
566 717
552 719
537 718
524 715
511 709
501 699
494 687
490 675
501 670
514 668
527 667
540 667
553 665
565 662
577 660
590 658
602 656
614 653
627 651
639 649
652 651
654 663
645 673
635 680
623 684
612 687
599 690
587 692
574 694
561 695
548 696
535 696
522 694
511 690
500 683
587 503
592 496
599 490
606 484
613 481
621 478
629 477
638 476
646 478
654 481
661 485
664 493
657 497
649 500
641 502
632 503
623 503
614 503
605 504
596 503
500 514
493 510
487 508
480 506
472 506
465 508
458 510
452 513
446 518
442 523
438 529
445 532
452 532
459 532
467 531
473 529
480 527
487 525
494 524
501 521
559 453
558 437
570 428
584 423
598 418
612 416
628 414
643 415
657 419
671 423
685 428
687 437
673 434
658 431
643 429
628 430
614 434
601 441
588 447
574 451
482 464
477 456
469 451
460 449
450 449
441 451
433 454
425 460
419 467
414 475
410 483
413 492
418 485
422 477
429 471
438 468
448 468
457 470
466 472
475 471
