115 689
118 709
122 727
128 746
134 765
140 784
148 803
156 821
166 838
175 856
184 874
194 892
206 909
219 924
233 939
247 954
262 966
281 973
300 976
319 975
339 972
359 970
379 967
400 962
417 954
432 941
444 926
455 909
467 890
479 874
491 859
502 842
513 825
523 807
532 791
540 772
548 753
552 733
554 713
554 693
553 673
253 669
253 688
247 706
240 727
242 746
255 760
272 770
291 778
310 783
329 783
350 776
365 765
377 749
377 729
371 709
363 692
356 672
210 819
227 821
243 823
258 827
275 829
291 831
307 833
324 832
340 831
357 830
372 826
388 822
403 819
420 820
417 833
403 842
389 848
374 853
359 858
344 861
328 863
311 864
294 863
278 861
263 856
249 849
235 842
222 832
229 822
241 828
254 831
267 834
280 836
294 838
308 840
322 839
336 837
350 836
363 834
377 832
390 830
403 826
415 821
402 825
389 828
376 831
363 834
349 835
335 837
322 839
308 840
294 837
281 835
267 833
254 830
241 827
361 575
370 566
379 559
388 551
398 546
408 541
420 539
431 541
442 545
452 550
461 556
461 568
452 576
442 581
430 583
419 582
407 580
396 578
385 575
373 576
244 567
236 560
227 555
218 551
207 550
196 549
186 551
176 554
167 559
159 564
151 572
159 579
168 583
178 586
189 587
199 585
209 582
218 579
228 576
239 575
345 544
351 528
366 517
384 512
402 508
420 504
438 501
456 498
476 497
494 501
510 510
514 526
495 527
476 528
456 529
437 529
417 531
399 534
380 537
362 540
248 547
242 533
227 526
212 521
196 518
180 515
163 512
147 509
131 507
116 512
104 524
99 539
113 548
129 545
146 543
163 544
180 545
198 545
214 547
231 549
