141 606
147 623
154 641
160 658
166 676
172 693
179 711
186 728
195 744
205 762
216 777
225 793
235 809
246 824
261 837
277 845
295 850
313 853
331 853
351 850
368 844
384 835
399 824
413 811
427 799
443 786
456 772
469 759
481 746
494 731
505 717
514 701
520 683
522 665
524 644
525 626
526 607
527 589
528 570
527 552
526 531
224 565
220 581
216 597
213 613
214 629
225 641
240 647
256 654
271 660
287 657
302 649
317 642
327 629
328 613
324 596
318 581
310 566
213 711
223 706
234 702
246 700
258 699
271 700
283 700
295 697
306 695
318 693
330 692
343 693
356 693
367 695
366 706
356 713
346 718
335 722
324 726
313 730
302 733
290 735
278 736
266 734
255 730
245 726
234 722
224 717
223 707
232 705
242 704
252 704
262 705
272 706
282 707
292 706
301 704
310 702
320 700
329 698
339 697
349 697
358 698
349 700
339 701
330 703
320 704
311 706
302 709
292 710
283 712
273 711
263 710
253 708
243 708
233 708
332 483
334 475
340 467
347 462
355 459
364 457
373 456
381 458
390 460
398 463
405 470
406 479
399 486
391 490
383 492
374 494
365 494
355 494
346 494
338 490
224 497
218 490
210 488
200 487
191 487
182 488
173 490
165 494
158 499
153 506
149 514
155 521
163 525
171 527
181 527
189 526
197 522
205 517
212 511
218 504
261 448
274 432
291 422
309 415
329 410
348 406
368 404
389 402
409 405
427 412
443 423
440 439
419 437
398 435
377 434
357 437
338 442
319 446
299 450
280 454
214 468
210 457
199 451
187 448
174 446
161 445
148 444
135 445
123 449
113 456
106 467
106 481
117 486
129 481
141 477
153 475
166 473
179 473
192 474
205 477
