97 441
102 452
106 465
111 478
117 491
124 503
130 516
137 527
145 538
152 549
159 562
167 572
175 583
185 593
193 603
205 610
219 612
233 611
247 612
260 608
272 604
284 597
295 589
305 579
315 569
326 562
338 554
347 544
357 534
363 522
368 510
373 498
376 484
377 470
377 456
379 443
380 430
382 415
383 402
383 388
381 374
163 439
159 449
156 458
152 468
153 479
161 485
171 487
181 484
191 482
202 480
212 479
223 477
229 469
231 459
228 449
222 440
214 433
165 535
165 526
167 519
171 512
178 508
185 506
194 506
202 506
210 507
218 509
225 512
233 514
240 518
246 522
250 529
247 537
242 543
236 549
230 554
223 558
216 562
209 564
201 565
193 563
187 559
180 554
174 548
168 542
169 533
174 531
179 529
184 528
190 527
196 526
202 526
208 525
214 525
220 525
226 526
232 526
237 526
243 527
247 529
242 532
237 533
231 534
226 535
220 536
214 536
208 537
202 538
197 538
191 538
185 538
179 537
174 535
226 383
229 378
236 377
242 377
249 377
255 376
261 375
268 375
274 373
279 372
283 375
279 379
274 382
268 385
263 387
257 388
250 388
244 388
238 386
232 385
152 396
151 391
146 390
141 392
136 393
131 394
126 395
121 395
116 395
111 396
106 397
109 401
114 403
119 404
124 405
129 405
134 404
139 403
143 401
148 400
210 332
214 325
222 322
230 319
238 317
247 316
256 317
265 318
274 321
281 324
289 328
289 337
280 339
272 337
264 335
254 335
245 334
236 335
227 336
218 336
149 352
147 345
141 341
134 338
128 336
120 335
112 336
105 335
97 335
90 337
85 343
83 350
90 352
97 354
104 354
112 353
119 353
127 353
135 354
142 354
