455 647
460 664
465 682
471 701
475 720
482 738
490 754
501 771
512 785
525 799
538 813
552 826
567 839
581 852
597 862
614 870
631 877
650 880
670 880
689 879
707 876
725 870
744 862
760 853
776 843
792 832
806 820
821 807
834 794
846 781
860 765
869 748
877 731
885 715
890 696
893 678
897 658
900 640
902 621
904 601
905 582
589 630
581 644
575 661
574 677
585 692
600 698
617 700
635 698
651 697
668 693
686 690
702 682
712 668
711 651
701 638
689 626
676 612
568 752
583 751
596 748
609 743
622 738
636 737
651 738
664 735
678 733
693 734
708 735
722 736
737 735
746 742
737 754
726 763
714 772
703 780
691 786
678 792
666 797
652 801
638 801
624 798
612 792
600 784
589 774
579 763
571 755
583 753
595 752
607 752
619 753
631 754
643 755
655 754
666 751
678 749
690 748
702 748
714 748
725 746
730 748
719 752
708 754
697 757
686 759
675 762
663 764
652 766
640 767
628 766
616 765
605 763
593 760
582 758
690 548
694 540
700 533
707 526
715 521
723 518
732 515
741 513
750 512
760 514
768 518
770 527
762 532
754 536
746 540
737 543
728 545
719 547
709 547
700 548
569 557
564 550
557 545
549 541
541 539
532 539
523 540
515 542
507 545
500 551
494 557
501 561
509 564
517 567
525 568
534 569
543 569
552 569
560 567
568 565
658 505
662 488
678 476
694 466
710 458
727 452
745 447
764 445
783 447
800 454
815 466
815 481
797 476
779 472
759 472
742 477
725 484
709 493
692 502
676 509
595 504
580 495
564 489
548 485
531 481
515 476
496 476
481 482
467 493
459 508
456 525
467 512
481 503
499 500
516 504
531 511
546 518
563 521
579 526
596 522
