43 330
44 347
45 366
47 384
50 403
55 419
61 438
69 455
78 471
87 486
97 502
107 517
119 531
131 546
143 560
156 573
170 584
188 593
204 599
224 601
242 599
261 597
279 592
296 585
312 576
325 564
339 554
354 541
368 528
380 514
391 500
403 485
414 470
423 454
430 438
437 420
442 402
446 385
450 367
454 347
458 329
190 366
182 376
173 388
169 401
174 416
182 427
195 433
210 434
225 434
239 434
254 433
267 426
278 416
278 402
273 388
263 378
253 366
149 474
158 465
169 459
180 456
192 453
204 456
215 461
228 461
240 458
253 457
265 459
277 462
288 466
299 472
306 479
296 486
285 492
274 496
262 499
251 502
239 504
226 504
213 504
200 502
188 500
177 496
166 492
156 484
150 476
159 472
170 470
181 470
191 471
201 473
211 475
222 476
232 476
242 474
253 472
263 473
274 474
284 475
294 477
286 477
275 478
265 478
254 479
243 480
233 482
222 482
212 480
202 478
192 476
182 474
171 474
161 474
287 302
290 295
296 288
303 283
310 280
318 277
326 276
335 277
343 278
350 281
358 284
360 292
353 297
346 300
338 302
330 304
321 304
313 305
304 304
296 303
171 293
168 285
163 278
156 273
148 271
140 269
131 268
122 268
114 270
106 274
99 278
104 285
109 291
116 297
123 300
132 302
141 302
150 301
159 301
168 300
262 234
274 223
288 219
304 218
320 219
336 220
351 222
367 223
381 228
394 237
404 249
398 259
383 255
369 252
353 250
338 248
322 246
307 243
291 243
275 242
196 231
187 220
174 215
159 213
145 211
130 210
116 207
102 206
88 209
76 215
66 226
77 236
90 240
105 240
119 237
133 233
147 232
161 236
174 240
188 242
