311 401
317 412
323 424
329 435
335 448
341 459
350 470
357 480
367 489
376 500
384 510
395 518
407 524
420 525
433 526
446 526
460 527
473 527
486 527
500 527
513 525
526 522
538 518
550 511
558 502
566 490
570 477
574 465
579 453
582 440
585 427
587 414
588 400
587 387
586 374
584 360
580 348
575 335
570 323
566 310
562 297
442 352
439 361
435 370
435 381
440 389
450 392
460 392
470 392
480 391
489 387
496 380
499 370
503 362
509 353
506 344
498 337
491 330
427 466
424 454
431 443
440 434
451 428
461 421
472 415
483 412
494 408
504 400
515 393
526 390
539 390
551 394
557 404
558 417
556 429
550 440
540 448
529 453
518 458
507 463
496 468
485 473
473 476
461 478
448 477
437 472
432 456
435 447
443 441
452 436
461 432
470 428
479 425
488 421
496 415
505 409
513 404
522 400
531 397
542 397
546 406
546 417
542 426
534 433
525 438
517 442
508 446
498 449
489 453
481 457
472 460
462 462
451 463
440 463
476 292
478 287
480 282
483 278
488 275
493 272
497 270
502 268
508 267
514 267
519 268
518 273
514 277
510 281
505 283
500 285
495 288
490 290
485 292
481 294
408 319
402 317
396 314
390 313
383 313
377 315
371 318
365 320
360 325
357 331
354 337
360 339
367 339
374 338
380 337
386 335
392 333
398 331
404 328
410 325
465 276
467 268
471 261
477 254
483 248
490 243
497 239
504 236
512 233
520 232
529 233
529 240
521 242
513 244
505 248
499 253
492 258
486 263
479 269
472 273
407 288
398 285
387 286
377 286
366 287
356 288
347 291
338 297
332 305
327 314
325 323
332 317
339 310
348 304
357 301
367 300
377 299
388 299
399 299
409 297
