1066 1056
1070 1140
1075 1226
1084 1306
1097 1394
1113 1482
1133 1559
1163 1643
1198 1724
1235 1795
1276 1872
1320 1947
1378 2010
1446 2069
1515 2110
1587 2161
1662 2210
1737 2243
1821 2270
1903 2287
1987 2286
2077 2284
2160 2281
2243 2266
2328 2245
2414 2215
2487 2170
2559 2135
2638 2090
2705 2038
2769 1982
2827 1917
2868 1841
2902 1764
2930 1682
2948 1597
2961 1511
2969 1432
2983 1342
2999 1260
3017 1171
1957 1251
1938 1297
1919 1345
1921 1395
1952 1434
2001 1457
2053 1463
2105 1461
2156 1453
2206 1458
2261 1465
2309 1461
2358 1437
2388 1397
2389 1347
2377 1295
2363 1243
1854 1778
1889 1748
1926 1724
1964 1702
2001 1677
2037 1650
2074 1626
2117 1615
2160 1623
2206 1620
2250 1627
2288 1650
2322 1683
2355 1717
2390 1749
2398 1790
2360 1812
2320 1830
2280 1845
2239 1858
2195 1866
2147 1865
2101 1862
2057 1854
2014 1844
1972 1833
1932 1818
1891 1802
1922 1753
1952 1744
1983 1737
2016 1732
2050 1733
2082 1738
2114 1745
2148 1745
2183 1746
2217 1748
2249 1752
2282 1757
2314 1763
2347 1767
2376 1777
2353 1772
2320 1767
2287 1763
2256 1755
2223 1750
2190 1749
2155 1751
2121 1749
2088 1747
2054 1743
2021 1741
1987 1744
1954 1748
2366 942
2378 897
2404 859
2440 824
2479 799
2521 782
2568 776
2614 785
2656 801
2696 824
2731 859
2751 900
2719 937
2680 963
2639 982
2593 990
2544 987
2498 979
2453 967
2409 956
1906 885
1878 845
1844 806
1805 776
1761 759
1712 751
1662 755
1618 771
1576 796
1538 831
1510 871
1534 912
1572 946
1616 963
1663 974
1712 982
1764 981
1811 969
1856 956
1899 933
2418 635
2425 578
2472 548
2527 537
2587 536
2644 544
2702 549
2757 560
2807 585
2850 624
2880 672
2891 727
2841 726
2799 684
2752 653
2698 638
2639 635
2583 644
2528 656
2468 655
1901 627
1840 585
1768 571
1694 561
1615 561
1540 568
1469 585
1404 616
1346 665
1297 724
1270 789
1326 737
1388 698
1455 673
1524 654
1597 642
1675 640
1752 644
1821 665
1886 694
