70 351
75 374
79 398
85 422
92 445
96 467
102 491
106 514
111 538
118 562
125 586
136 608
148 627
163 647
177 665
195 682
217 694
239 705
260 717
281 726
306 732
329 732
354 731
378 728
402 724
425 718
447 707
466 694
487 679
504 661
518 644
533 625
547 604
556 582
564 558
570 535
573 512
575 488
575 463
578 439
579 413
330 409
317 421
305 436
297 453
297 470
306 487
319 498
338 498
355 504
373 507
391 502
407 493
418 478
420 460
414 443
407 426
401 406
252 585
266 575
281 567
294 557
309 549
324 543
341 544
358 548
374 545
391 543
408 546
423 552
437 560
451 570
455 586
444 599
431 611
418 620
403 628
387 632
371 635
353 636
335 636
319 633
303 628
289 620
276 610
262 598
266 586
277 583
289 580
299 577
311 574
322 571
334 570
346 569
358 568
371 568
383 569
396 568
408 568
420 570
429 575
419 581
408 585
397 588
386 591
374 593
362 594
350 595
338 595
325 595
314 593
302 591
290 590
278 588
405 320
411 313
418 306
426 300
434 295
442 291
450 287
459 285
469 285
478 287
486 294
486 304
480 312
472 317
462 318
452 318
442 317
433 315
423 315
414 319
272 326
269 318
260 312
251 307
242 302
232 300
221 298
211 300
201 304
192 310
184 316
177 325
186 328
196 331
208 331
219 330
229 329
240 329
251 327
261 325
385 270
389 255
402 245
415 237
430 232
445 228
459 223
474 219
490 220
504 227
517 237
519 249
504 244
489 240
473 241
457 244
443 249
429 255
415 261
401 268
283 255
270 244
257 236
242 231
227 228
211 226
193 226
178 229
163 234
150 241
136 249
149 257
165 256
181 253
198 253
214 255
230 257
245 260
261 264
276 267
