320 655
325 673
330 693
336 713
340 733
344 753
348 773
353 793
360 812
369 830
380 847
393 862
408 876
422 890
437 904
452 917
471 930
489 938
508 944
528 948
548 952
569 952
589 948
608 942
627 933
644 924
661 913
678 901
693 888
708 874
721 859
732 841
741 823
749 805
756 786
763 766
770 747
778 728
786 709
793 689
800 670
489 670
481 684
474 698
473 714
481 729
494 739
510 741
526 741
543 741
559 741
575 740
592 735
600 722
600 706
594 691
583 678
570 667
453 808
465 802
477 796
489 789
501 784
514 781
526 786
540 788
553 784
567 782
580 786
593 790
605 794
618 798
627 808
616 818
605 826
594 834
582 839
568 842
554 843
540 842
525 842
511 842
499 837
487 829
476 822
464 815
467 806
476 803
487 803
497 803
508 804
518 804
529 805
539 806
550 805
560 804
570 803
581 802
591 802
602 803
612 804
602 806
591 805
581 806
571 807
561 809
551 810
540 810
530 809
519 809
509 808
498 807
488 806
477 807
607 576
616 571
624 566
633 561
642 557
652 555
662 554
672 555
682 557
691 561
700 566
697 575
688 580
678 582
668 583
658 583
648 581
638 580
628 577
617 577
487 571
478 563
468 559
458 555
448 552
437 550
426 548
415 548
404 550
394 553
385 560
394 566
402 573
412 579
423 580
434 582
445 582
456 580
467 579
478 577
568 546
580 529
598 517
617 508
638 503
660 501
683 501
704 505
723 515
740 529
753 546
752 567
732 561
713 551
693 544
671 544
649 547
628 552
607 556
586 560
498 542
489 526
473 514
456 506
439 500
420 496
401 493
381 495
364 502
349 516
340 533
335 552
355 550
371 539
388 531
408 529
426 534
444 540
462 546
481 549
