477 663
482 683
487 702
490 724
494 745
499 765
504 785
510 806
520 824
531 843
544 858
562 871
580 881
598 889
619 898
638 907
657 914
678 919
698 922
719 922
740 918
762 913
780 904
799 896
818 887
836 877
855 866
871 854
888 839
902 825
914 806
919 786
924 765
926 744
925 723
927 702
928 680
929 660
930 639
934 618
934 596
625 632
615 644
608 661
607 677
614 693
629 698
645 693
663 693
680 691
697 687
714 684
731 680
740 666
741 649
732 634
718 623
706 611
614 787
617 773
624 760
634 749
647 742
660 737
675 736
689 733
703 730
719 730
734 732
748 736
761 742
774 748
785 756
780 770
771 782
760 791
748 800
735 807
722 812
708 816
693 818
679 815
665 811
652 807
638 803
625 797
628 783
627 772
636 766
645 759
655 754
665 752
677 751
688 751
699 749
710 747
722 746
733 747
744 748
755 750
766 752
767 762
758 768
747 771
736 773
726 775
715 778
704 780
694 782
683 784
672 786
661 788
649 789
639 786
723 565
726 556
733 548
741 541
750 537
759 534
770 533
780 535
789 537
798 542
806 548
807 558
799 564
790 568
781 572
772 575
762 575
751 574
741 573
731 571
613 580
605 573
596 568
587 564
577 563
566 564
557 567
548 571
539 576
531 583
526 592
534 599
543 604
553 605
564 605
575 604
584 601
593 597
602 593
611 590
701 499
713 487
728 481
744 475
759 470
775 467
793 468
809 471
824 477
839 486
849 499
843 512
827 508
813 501
797 496
780 495
763 499
748 504
732 508
715 509
610 524
603 512
591 505
577 500
561 499
545 500
531 502
517 508
505 517
494 528
486 541
484 556
498 554
510 545
523 536
536 531
551 527
566 527
582 528
597 530
