84 430
86 448
89 467
93 485
99 503
105 521
111 539
118 557
125 573
135 589
146 604
160 619
172 633
186 646
200 658
217 668
234 675
251 680
270 682
289 683
308 682
327 681
345 676
363 669
381 661
395 652
411 640
425 627
438 614
450 598
459 583
467 566
474 548
478 530
481 510
483 492
484 474
487 454
488 435
489 418
489 397
207 388
205 404
201 420
195 435
198 451
209 464
225 471
241 473
257 472
275 469
290 465
304 457
312 442
312 425
307 408
298 394
293 378
196 542
202 531
212 522
222 514
232 508
245 505
258 505
270 502
282 499
294 503
305 506
317 511
328 516
338 524
336 537
330 548
323 558
313 567
303 574
292 580
280 583
268 585
255 584
243 581
231 576
221 570
211 562
202 552
205 539
213 535
221 531
230 528
239 526
248 525
258 524
267 523
277 523
287 524
297 524
307 524
317 525
326 527
332 531
323 533
314 535
306 538
297 541
289 544
280 546
270 548
261 548
251 548
241 547
232 546
223 543
215 539
322 307
325 302
330 300
336 299
342 298
347 298
354 298
359 299
365 299
371 301
375 304
373 308
367 309
362 310
356 311
350 312
344 312
339 310
333 309
328 308
190 321
186 318
180 317
174 317
168 317
162 318
156 319
151 321
146 324
141 326
137 331
142 334
148 335
154 335
159 334
165 333
171 332
176 330
181 327
187 326
281 276
293 264
308 257
324 254
341 252
357 250
374 249
392 248
409 249
425 253
439 261
426 272
409 275
393 273
376 271
358 272
342 274
326 278
310 282
294 285
217 286
212 272
200 262
184 259
168 262
153 266
138 270
122 273
107 277
94 286
86 300
84 316
98 321
111 313
125 304
140 299
156 298
172 299
189 300
205 298
