553 659
552 678
553 695
556 715
562 733
571 749
580 767
587 784
596 802
602 820
611 836
617 854
624 873
630 890
632 909
640 927
653 940
661 959
667 976
678 991
695 1001
713 1008
731 1014
749 1018
768 1018
788 1013
806 1009
822 1003
840 992
855 981
869 970
885 957
899 943
912 929
924 914
936 899
946 883
956 867
963 849
970 832
977 813
623 680
617 690
615 701
619 712
625 723
633 732
643 738
656 739
668 739
678 742
691 745
702 744
713 738
718 727
718 715
719 703
716 691
613 790
618 776
632 770
649 771
664 775
677 785
688 797
697 810
710 820
721 833
728 847
728 863
721 877
715 891
707 905
697 918
685 929
671 936
654 936
641 929
635 914
634 898
635 882
635 865
631 850
624 836
618 822
614 807
631 807
641 802
653 802
664 804
674 808
682 817
690 825
698 834
707 839
718 842
728 846
728 858
725 869
719 878
709 884
700 890
691 896
680 899
669 901
658 899
649 894
647 882
644 872
642 861
639 850
638 839
636 828
633 818
733 618
736 612
742 609
748 606
755 605
762 604
769 604
776 606
782 607
789 609
795 611
795 617
788 618
782 619
775 620
768 621
761 621
753 622
746 621
740 620
635 612
632 608
628 605
624 603
619 601
615 600
610 598
605 598
600 599
595 600
592 604
594 608
597 612
600 616
605 617
610 617
616 617
621 617
626 616
631 615
716 565
721 552
733 544
746 539
759 535
773 533
789 532
803 534
818 536
831 539
845 544
840 547
826 544
812 542
797 541
782 542
768 546
755 551
743 558
731 566
652 562
647 553
641 545
634 538
626 530
618 524
610 517
601 513
591 512
582 515
574 522
584 523
595 523
604 527
612 534
620 541
627 549
634 557
640 565
649 570
