268 427
268 448
270 472
276 494
283 516
292 535
304 555
319 574
335 588
352 604
370 619
388 633
408 646
426 659
443 673
460 688
479 703
498 714
520 723
542 727
565 725
587 722
609 713
630 703
650 691
667 675
683 661
701 644
718 630
736 616
755 602
771 587
787 571
802 552
813 532
821 512
828 490
832 468
836 444
839 421
842 398
503 376
491 391
483 409
489 430
505 444
523 452
542 457
562 464
581 471
600 463
621 458
640 452
657 441
674 427
675 407
663 391
647 377
421 508
444 502
468 500
493 498
518 499
542 502
564 508
590 508
614 505
639 504
664 502
689 501
711 506
697 525
684 545
672 565
657 585
638 599
617 609
594 615
570 618
545 616
524 608
503 597
483 583
465 567
447 548
433 529
426 508
446 505
467 507
488 510
509 513
529 515
549 520
568 525
590 526
610 522
630 518
650 515
671 512
692 510
686 524
669 536
652 548
635 559
616 567
596 569
574 569
552 568
532 564
514 557
496 549
478 540
460 530
443 518
653 278
658 268
666 258
676 250
688 246
700 244
713 244
725 245
737 248
748 253
758 261
766 270
754 273
742 275
730 278
717 280
704 279
692 278
678 278
666 279
503 276
498 265
490 255
481 246
469 241
457 238
444 237
430 237
419 241
408 247
397 254
387 262
400 263
412 266
425 268
438 270
451 271
464 272
477 273
490 274
628 245
634 223
653 212
674 203
694 195
715 187
737 182
761 180
782 186
803 195
822 208
831 227
807 226
785 221
762 219
738 220
714 222
692 228
671 234
650 241
523 215
503 204
483 195
463 187
442 179
421 173
397 172
375 176
355 184
336 196
318 212
342 212
364 207
389 207
412 209
435 213
456 218
478 224
499 230
522 233
