962 1382
975 1417
991 1452
1011 1486
1032 1518
1056 1549
1078 1579
1099 1610
1125 1642
1150 1670
1174 1698
1202 1730
1224 1762
1246 1793
1270 1823
1299 1848
1334 1858
1373 1861
1411 1853
1448 1842
1484 1824
1518 1804
1547 1783
1579 1758
1608 1731
1633 1703
1659 1674
1684 1644
1706 1614
1727 1579
1746 1548
1767 1516
1785 1481
1801 1444
1815 1408
1820 1371
1818 1331
1818 1293
1815 1255
1809 1216
1799 1177
1036 1437
1030 1462
1030 1490
1038 1513
1061 1530
1086 1540
1112 1540
1139 1541
1166 1530
1190 1521
1215 1513
1242 1501
1264 1486
1277 1463
1279 1437
1270 1411
1255 1388
1129 1632
1148 1615
1172 1613
1196 1609
1217 1601
1240 1596
1264 1593
1289 1596
1313 1597
1337 1592
1361 1591
1386 1589
1405 1600
1398 1621
1383 1641
1366 1659
1350 1677
1332 1695
1314 1713
1295 1727
1273 1736
1249 1737
1224 1737
1204 1722
1188 1704
1177 1684
1165 1663
1149 1645
1162 1655
1179 1658
1197 1659
1215 1658
1231 1653
1248 1651
1265 1647
1281 1643
1297 1636
1313 1633
1329 1628
1345 1622
1361 1618
1377 1612
1392 1604
1378 1608
1362 1614
1347 1620
1331 1625
1315 1630
1299 1635
1283 1640
1267 1646
1250 1648
1233 1652
1215 1653
1198 1655
1180 1656
1236 1161
1251 1153
1270 1152
1287 1149
1305 1148
1324 1147
1342 1147
1361 1147
1380 1147
1393 1156
1380 1170
1366 1181
1351 1189
1335 1196
1319 1202
1302 1205
1283 1206
1266 1202
1252 1192
1243 1177
1047 1234
1035 1228
1023 1224
1011 1220
998 1218
984 1217
971 1220
959 1224
947 1231
938 1241
947 1252
953 1263
964 1270
976 1275
990 1276
1003 1272
1014 1268
1026 1261
1037 1254
1048 1247
1106 1128
1121 1099
1154 1090
1184 1077
1215 1063
1245 1051
1278 1042
1313 1039
1348 1036
1384 1037
1419 1040
1392 1063
1358 1068
1323 1072
1292 1082
1261 1096
1231 1111
1201 1126
1171 1138
1136 1142
993 1169
980 1160
965 1153
950 1150
933 1150
917 1153
900 1151
884 1148
868 1150
852 1153
853 1170
859 1185
875 1187
891 1185
907 1187
924 1188
941 1188
957 1187
974 1186
991 1184
