385 459
379 473
374 487
369 502
366 518
366 533
367 548
367 564
373 578
375 594
381 609
388 622
395 636
402 650
408 665
412 680
418 693
428 706
441 716
454 721
469 725
485 727
501 728
517 729
532 729
548 728
563 727
579 724
595 719
609 714
624 709
638 703
652 696
664 687
677 678
690 668
702 658
711 645
715 630
720 615
729 602
461 481
452 490
443 500
435 512
432 525
438 536
450 545
462 551
476 551
489 552
502 556
516 556
528 551
531 537
528 524
527 511
521 497
411 578
424 577
438 575
451 578
463 582
477 583
490 587
502 590
515 594
527 598
539 604
551 611
562 618
569 629
557 635
545 640
533 644
520 647
506 649
492 649
478 648
466 644
453 640
441 635
430 627
424 615
420 603
417 590
417 580
429 581
439 584
450 588
461 590
471 593
482 596
492 600
503 602
514 604
525 607
535 611
545 615
556 618
560 626
548 627
536 628
525 629
513 630
501 629
490 627
479 624
469 621
459 617
449 612
440 605
433 596
426 587
564 474
569 468
574 462
580 456
587 453
594 452
602 454
609 457
615 461
621 467
626 473
632 479
627 484
619 483
611 482
603 481
595 480
587 479
579 478
572 476
469 441
467 435
463 430
459 425
454 420
449 415
443 412
437 410
430 410
424 412
419 417
421 423
425 428
430 433
436 436
442 439
448 440
454 441
460 444
466 446
572 417
586 416
600 416
614 415
627 418
639 424
651 430
663 436
674 444
682 455
688 467
679 466
668 457
656 450
644 445
632 440
619 437
606 434
592 432
579 428
463 403
464 395
460 388
453 384
446 380
439 378
432 376
425 373
416 373
409 376
403 380
396 384
403 388
411 389
419 388
428 389
435 392
441 396
448 400
455 402
