6 1256
-3 1315
-6 1375
0 1437
2 1497
14 1554
32 1616
44 1675
74 1726
107 1780
134 1833
178 1877
224 1912
273 1948
327 1984
378 2015
431 2045
484 2070
542 2093
598 2114
658 2135
715 2145
777 2147
839 2146
897 2141
961 2132
1019 2111
1072 2081
1105 2029
1122 1972
1133 1910
1146 1851
1169 1797
1185 1737
1199 1678
1216 1617
1236 1560
1253 1503
1270 1442
1277 1383
1280 1321
923 1442
895 1478
872 1516
883 1560
913 1595
955 1614
1002 1619
1046 1623
1088 1639
1138 1644
1184 1641
1228 1633
1259 1597
1265 1553
1255 1506
1236 1467
1223 1420
755 1770
784 1764
813 1758
842 1754
872 1751
902 1746
931 1742
961 1738
990 1733
1021 1735
1049 1742
1080 1742
1110 1737
1135 1752
1142 1780
1125 1804
1100 1820
1072 1826
1041 1829
1011 1830
979 1830
949 1826
920 1822
890 1818
861 1812
835 1803
808 1793
782 1779
785 1771
809 1772
833 1773
856 1776
881 1776
903 1780
927 1779
951 1778
975 1778
1000 1778
1024 1779
1047 1777
1070 1774
1094 1773
1115 1767
1094 1771
1070 1771
1047 1775
1024 1776
999 1776
975 1774
952 1776
927 1776
904 1778
881 1775
857 1773
833 1773
809 1772
1128 1139
1143 1132
1160 1127
1177 1124
1196 1124
1214 1125
1231 1128
1246 1137
1260 1148
1257 1165
1253 1181
1243 1196
1229 1205
1212 1208
1193 1207
1176 1205
1160 1199
1147 1186
1139 1170
1133 1155
824 1135
812 1112
793 1091
771 1077
745 1069
718 1066
691 1064
663 1066
636 1070
612 1080
608 1107
619 1131
639 1149
662 1162
687 1172
713 1177
740 1180
768 1177
795 1173
818 1161
1152 1102
1165 1080
1184 1061
1205 1046
1226 1032
1248 1020
1271 1009
1295 1003
1322 1004
1345 1013
1360 1034
1368 1057
1352 1077
1327 1072
1301 1069
1275 1072
1249 1076
1224 1081
1199 1086
1175 1092
974 987
926 949
875 922
823 898
764 890
705 900
650 915
593 929
533 937
475 946
423 972
482 982
542 988
605 989
666 985
727 982
789 985
845 999
898 1022
955 1035
