202 503
208 513
215 523
220 535
228 546
236 554
247 561
259 565
272 569
284 575
295 581
305 587
317 593
328 599
338 606
349 612
362 618
373 622
386 622
398 621
411 617
423 613
434 608
445 602
453 592
460 581
465 569
473 559
480 548
487 538
494 527
500 516
507 505
514 494
521 483
525 471
528 459
530 446
531 434
532 421
533 407
334 458
328 468
323 481
324 494
333 503
346 508
358 512
372 511
384 507
397 504
410 500
420 494
429 484
435 473
433 459
427 448
417 439
326 554
337 555
348 555
358 553
368 551
379 549
390 549
400 546
409 541
418 538
429 536
439 534
448 531
450 540
446 549
442 558
436 567
429 575
420 581
411 585
401 587
390 586
380 584
370 582
361 578
352 572
343 566
335 560
334 558
343 559
353 559
361 559
370 560
380 560
389 561
397 560
405 557
413 553
420 549
428 545
435 540
443 536
449 534
442 539
435 544
427 547
419 551
412 555
404 558
396 561
387 562
378 562
369 563
360 562
351 561
343 560
405 356
407 346
412 337
417 329
425 322
433 317
443 314
453 314
463 315
472 320
480 326
479 337
475 346
469 354
461 359
451 362
441 363
431 365
421 366
411 364
303 389
295 382
287 377
277 374
267 373
257 374
248 376
239 380
231 385
223 392
218 400
226 405
235 410
244 412
254 413
264 412
274 410
282 406
291 403
300 398
379 351
381 336
392 325
404 315
416 305
427 295
439 285
451 276
464 269
479 268
493 273
493 285
478 287
463 291
450 297
438 307
427 317
416 328
405 340
393 349
312 359
300 350
284 346
268 345
252 344
236 341
219 341
205 347
192 355
181 368
173 381
187 374
202 370
216 366
231 362
247 360
263 363
277 368
291 373
308 374
