384 320
379 335
373 351
371 369
368 385
367 404
366 420
368 438
369 454
371 471
375 488
382 505
391 519
399 535
408 549
419 563
430 575
442 587
458 595
475 598
492 600
509 601
527 602
543 600
560 594
574 585
588 574
602 563
616 554
631 547
647 539
661 530
676 520
689 508
700 497
713 484
718 468
722 452
725 435
727 418
728 399
497 342
492 352
485 362
482 373
484 385
491 394
500 401
511 407
521 411
533 412
544 411
556 410
568 408
577 403
582 392
581 381
578 369
433 446
442 432
455 424
471 421
487 423
502 429
517 435
533 438
549 440
566 441
582 445
595 454
607 467
614 481
605 495
593 507
579 517
565 524
550 528
533 527
516 525
500 523
484 519
469 514
456 505
446 491
440 477
436 462
443 432
456 428
469 424
484 424
496 429
508 437
520 445
532 451
545 455
559 458
573 456
587 457
599 463
609 474
603 486
591 494
579 500
565 502
550 501
536 499
522 497
509 493
496 490
483 484
471 478
459 470
449 460
443 447
593 326
599 323
607 322
614 321
622 320
630 321
637 321
644 323
651 326
658 329
664 332
661 334
653 334
645 334
637 334
629 334
622 333
614 332
607 330
600 328
496 298
492 294
488 292
484 290
480 287
475 286
471 286
466 286
461 287
457 289
453 292
457 294
461 295
466 296
471 297
476 297
481 298
485 299
490 300
495 301
593 284
603 277
614 275
627 274
639 274
651 275
663 277
675 279
685 283
695 289
704 298
698 305
687 301
676 298
664 297
652 296
640 295
627 294
614 294
602 293
518 262
516 257
511 254
506 253
500 253
494 251
489 253
483 254
478 257
473 259
468 262
474 263
480 263
486 264
491 265
496 267
501 270
506 272
512 271
517 268
