611 1285
619 1321
627 1355
637 1390
649 1424
661 1457
676 1490
695 1524
713 1555
732 1585
749 1618
763 1650
782 1685
802 1713
828 1740
859 1760
892 1773
928 1781
964 1785
1000 1788
1036 1788
1072 1781
1106 1768
1137 1748
1163 1726
1190 1700
1215 1674
1238 1647
1260 1618
1279 1584
1293 1551
1306 1517
1318 1484
1329 1450
1340 1415
1349 1380
1357 1345
1364 1309
1370 1273
1375 1237
1378 1197
894 1162
886 1193
874 1226
860 1261
855 1293
882 1318
911 1332
947 1341
982 1340
1015 1330
1049 1318
1079 1301
1100 1274
1095 1240
1080 1208
1061 1178
1046 1146
816 1427
848 1425
881 1424
914 1422
947 1423
981 1424
1013 1421
1044 1416
1074 1410
1105 1404
1137 1399
1169 1397
1173 1428
1160 1456
1146 1483
1131 1510
1114 1536
1090 1559
1062 1573
1032 1580
999 1581
968 1576
939 1567
911 1552
887 1531
865 1507
846 1481
830 1455
818 1429
847 1430
876 1432
905 1433
933 1434
961 1437
990 1440
1015 1432
1042 1426
1069 1421
1095 1415
1122 1409
1148 1402
1172 1413
1154 1435
1132 1452
1109 1467
1086 1481
1062 1495
1039 1509
1014 1518
985 1517
959 1511
934 1501
910 1488
886 1475
863 1462
839 1448
1081 1048
1092 1034
1106 1024
1121 1016
1136 1009
1152 1004
1169 1001
1186 1003
1202 1010
1216 1019
1229 1030
1231 1046
1215 1051
1199 1056
1182 1059
1165 1061
1147 1062
1130 1061
1112 1058
1096 1055
856 1065
842 1052
827 1045
811 1041
793 1039
775 1039
758 1042
742 1048
727 1056
714 1068
702 1081
717 1090
732 1096
749 1099
767 1100
785 1098
802 1095
818 1092
835 1087
850 1081
1019 962
1029 931
1056 910
1086 895
1117 884
1149 876
1183 870
1218 872
1249 884
1276 904
1301 930
1310 962
1280 972
1250 961
1219 950
1185 944
1149 944
1117 952
1085 960
1052 968
864 950
848 927
824 915
796 911
766 911
737 908
708 911
681 917
657 930
638 952
625 977
622 1005
649 1003
671 983
695 970
724 968
753 970
782 969
812 968
842 968
