331 440
335 455
340 469
347 484
354 496
362 510
369 523
376 537
382 552
390 565
402 576
416 581
430 586
445 590
460 593
476 597
490 599
506 600
521 599
536 595
550 590
565 586
581 581
595 576
608 569
622 563
635 554
647 543
657 531
663 517
668 503
672 489
675 473
678 458
678 442
676 427
673 412
669 398
665 382
661 367
656 352
466 392
463 401
463 411
468 420
476 424
486 423
494 419
505 418
514 414
524 412
531 407
540 403
550 402
557 395
557 385
553 377
545 369
456 486
464 479
473 472
481 465
490 458
499 452
508 448
519 446
529 443
539 440
549 436
559 435
570 435
581 436
591 439
588 449
579 454
569 459
560 464
550 468
541 472
531 475
521 478
510 480
500 482
489 484
478 485
467 485
469 483
476 478
484 473
492 469
500 464
508 460
517 457
526 454
534 452
543 449
552 447
561 445
571 445
581 444
590 443
582 446
572 448
563 448
553 449
544 451
535 453
526 455
518 459
509 462
501 466
493 470
485 475
477 480
530 327
534 322
539 318
544 315
549 312
555 310
561 308
567 308
573 308
579 309
585 311
583 316
578 319
572 321
566 323
560 324
554 325
548 325
542 326
536 327
441 351
436 349
431 348
425 348
420 350
414 351
409 353
405 356
400 359
395 362
392 367
398 368
403 367
409 366
414 365
420 364
424 361
429 359
434 357
440 356
518 283
516 271
526 265
537 262
548 260
560 260
572 261
582 264
593 267
603 272
613 277
616 288
604 290
594 286
583 283
572 280
560 279
549 282
539 287
528 288
454 297
442 291
427 290
413 292
399 296
386 301
375 310
364 320
354 331
346 343
340 356
355 356
367 349
378 339
390 331
403 326
417 322
430 319
443 314
456 310
