501 655
506 675
511 696
515 719
519 740
523 761
525 783
532 806
541 824
554 843
567 861
582 879
598 894
614 910
631 924
649 936
667 948
686 959
706 968
728 974
751 973
771 969
793 962
814 954
834 945
851 932
868 917
886 904
899 887
914 868
928 854
943 835
953 815
960 796
968 775
974 753
979 731
985 711
989 688
994 666
998 644
688 665
680 679
669 694
663 711
667 728
680 740
696 749
713 754
732 757
749 756
767 753
784 748
801 739
811 724
810 706
803 690
794 674
655 806
666 800
677 795
691 794
704 794
716 791
729 790
742 789
755 787
768 787
781 790
792 794
804 798
815 804
808 814
798 822
788 832
778 840
766 845
755 849
742 851
729 850
716 848
704 845
692 841
681 836
672 826
664 816
664 809
673 807
683 805
694 805
705 805
715 806
726 807
736 808
747 807
757 806
767 804
777 803
788 803
798 805
808 807
798 807
787 807
777 808
766 809
756 811
747 813
736 814
726 814
716 812
706 810
696 808
685 808
674 809
804 619
809 611
816 605
825 601
833 598
842 596
852 596
862 597
871 599
879 603
887 608
892 616
883 618
874 619
864 619
854 619
844 620
834 620
824 619
814 619
670 621
669 611
660 605
650 601
639 599
628 599
617 600
606 602
596 605
586 610
577 616
568 624
580 623
591 621
602 620
613 619
624 617
636 618
647 619
658 620
799 578
808 565
820 553
833 544
848 539
864 537
880 535
897 535
913 537
928 542
941 552
942 567
925 567
909 564
893 563
876 563
860 567
846 572
831 577
816 580
670 559
657 548
642 545
626 542
610 539
593 538
576 538
560 541
546 549
534 561
523 574
540 575
555 570
569 565
585 562
602 563
618 566
634 570
649 573
667 574
