180 442
179 455
178 468
178 482
178 495
182 509
187 522
191 534
193 547
198 560
204 572
210 585
216 597
222 608
230 620
237 631
246 641
259 648
272 651
284 651
299 650
312 647
324 644
337 639
350 634
362 628
374 621
385 613
395 605
406 596
418 588
427 580
435 569
443 557
449 545
453 533
457 520
462 507
468 494
474 483
477 469
262 427
255 435
248 444
246 455
250 466
258 473
268 479
279 481
290 483
301 483
312 482
322 479
333 473
339 464
339 453
338 443
335 431
221 507
233 501
245 495
259 495
272 498
286 498
299 498
313 500
326 501
339 504
351 508
363 514
373 522
368 534
361 544
351 555
340 562
329 567
316 571
304 574
290 574
276 573
264 570
253 563
242 554
234 543
228 532
224 519
225 511
236 510
248 511
259 512
269 514
279 516
291 517
302 517
313 516
325 516
336 516
346 518
357 521
366 525
361 533
352 537
341 539
331 542
321 545
310 546
299 547
287 547
276 547
265 546
255 542
246 536
238 528
232 519
348 394
350 390
353 388
357 385
361 384
366 383
371 384
375 385
379 386
383 388
387 392
388 396
384 398
379 399
375 399
370 399
365 399
361 398
356 398
351 397
257 380
253 377
249 374
244 372
240 370
235 369
229 369
224 370
220 372
215 374
211 377
214 382
219 384
224 385
229 386
234 386
239 386
244 385
250 385
255 384
327 359
332 350
344 348
356 348
367 349
378 351
389 354
399 358
409 362
419 368
427 377
423 385
413 382
402 379
392 375
382 372
371 370
359 369
347 369
336 367
280 353
278 344
271 337
262 332
253 329
244 327
234 326
223 326
214 329
206 334
200 342
198 352
208 351
216 347
226 345
236 345
246 347
254 351
263 355
272 358
