340 384
340 397
339 411
339 424
340 438
342 451
344 465
345 478
346 491
348 505
351 518
354 532
358 545
363 558
369 570
377 581
387 590
400 596
412 600
426 604
439 607
452 608
466 608
479 608
493 604
505 597
515 588
523 577
530 567
537 554
544 542
550 530
553 517
556 504
560 490
563 477
566 464
570 451
572 437
573 424
572 410
457 380
455 390
452 400
447 410
448 421
453 431
463 435
473 437
485 439
495 438
506 436
515 430
519 420
518 408
514 398
509 389
504 378
427 492
434 486
441 481
448 477
455 474
463 471
471 469
479 467
487 466
496 466
504 468
511 472
517 479
522 486
526 493
522 500
516 507
509 511
502 515
494 518
486 520
478 520
469 519
462 515
455 512
448 506
441 502
434 497
432 493
437 490
442 489
448 488
454 487
460 486
466 487
472 487
479 487
485 487
491 487
497 488
503 489
508 491
513 493
511 497
505 496
499 496
493 496
487 495
481 495
474 496
468 495
463 494
456 494
450 494
444 494
438 493
503 350
507 347
511 343
515 340
520 337
524 335
530 335
535 336
540 338
544 340
545 345
546 350
543 355
538 356
533 356
527 357
522 357
517 356
512 354
507 353
429 348
428 343
426 339
422 336
417 335
412 336
407 336
402 337
398 339
393 342
389 344
386 348
390 349
395 350
400 351
405 351
410 351
415 351
420 352
425 351
494 324
499 317
506 313
513 310
521 308
529 307
537 308
544 311
551 315
557 320
561 327
562 335
556 329
549 324
542 322
534 321
525 321
517 322
510 323
502 325
461 314
453 309
442 308
431 308
420 307
409 308
399 310
389 312
380 316
371 321
364 329
375 329
384 327
394 323
404 321
414 320
425 321
436 323
446 324
457 323
