415 441
409 456
406 472
405 489
405 505
403 520
403 537
402 554
403 570
406 587
410 602
412 618
415 635
420 649
428 665
435 680
443 694
454 706
468 715
482 724
496 732
513 735
528 736
545 731
560 727
575 720
589 712
604 704
617 694
628 681
637 669
649 657
662 647
670 634
675 618
682 602
688 587
693 572
697 556
699 540
702 522
530 460
522 470
516 480
507 490
501 502
506 514
517 521
528 527
539 531
552 533
566 531
576 525
579 513
579 500
578 487
578 473
577 460
475 562
482 555
487 547
495 543
505 541
513 545
522 548
531 549
541 550
550 553
557 560
564 568
571 574
577 582
577 592
571 599
563 604
554 607
545 609
535 609
525 608
515 607
506 605
498 601
490 596
483 589
479 580
476 572
476 561
481 556
488 552
495 551
502 551
510 552
517 553
523 556
530 558
536 560
543 563
548 568
554 572
560 576
566 581
563 587
556 588
549 587
541 587
534 586
527 584
520 583
513 581
507 578
500 576
494 573
488 569
482 566
599 443
604 441
609 439
614 437
620 435
626 436
631 438
636 440
641 445
643 450
645 455
643 460
638 463
632 464
626 462
620 461
615 459
611 455
606 452
601 448
526 420
523 415
520 411
515 407
510 404
504 403
499 402
492 402
487 403
482 406
479 410
480 416
484 420
489 424
494 426
500 427
506 427
512 426
518 426
524 426
588 408
593 400
601 396
611 394
621 395
630 396
640 398
649 401
658 404
665 410
672 418
671 426
661 424
653 421
644 418
635 415
626 413
617 410
607 411
597 410
545 398
538 391
529 388
520 385
512 381
503 376
494 373
484 372
474 371
464 372
455 376
463 382
473 383
483 384
492 388
501 391
510 395
519 398
528 400
537 403
