116 382
116 398
115 413
114 430
113 447
115 463
116 478
120 494
127 510
135 524
145 537
156 549
166 560
178 572
189 584
200 596
211 608
222 621
235 630
251 635
268 638
283 639
299 640
315 635
328 626
340 616
354 604
366 594
379 585
392 575
406 566
419 556
430 546
442 533
450 519
456 504
460 489
461 472
462 455
462 439
462 422
259 411
251 421
244 432
240 444
241 458
251 464
265 466
276 471
289 473
302 472
315 468
328 468
341 467
346 455
345 442
338 430
331 420
201 499
215 500
230 501
243 502
258 503
272 504
286 506
300 505
315 506
328 508
342 509
357 510
371 510
363 521
354 532
344 543
332 550
321 558
309 563
295 565
281 564
267 563
254 559
241 554
231 545
221 534
214 523
207 511
209 501
221 502
232 503
244 505
255 508
266 511
277 514
289 513
301 512
313 511
325 510
337 510
349 511
361 512
355 520
345 526
335 530
324 534
313 537
302 539
290 540
278 540
266 539
255 536
245 531
236 524
226 517
217 510
345 370
349 364
355 360
361 357
368 356
375 355
383 355
390 356
397 357
403 360
409 363
411 368
404 368
396 367
389 367
382 368
374 368
367 368
359 368
352 369
246 356
241 351
236 347
230 344
224 342
218 341
211 340
204 340
198 341
192 343
187 347
192 351
198 353
204 354
210 356
217 357
223 358
230 359
236 360
243 361
336 341
346 334
356 329
368 326
379 323
390 321
402 323
414 325
426 326
437 330
446 338
444 348
432 345
420 344
408 345
396 345
384 344
372 342
359 342
348 343
255 324
246 318
236 315
225 314
214 313
203 312
192 313
182 315
173 319
164 324
155 331
166 329
176 327
187 326
198 325
209 325
220 325
231 326
241 328
251 332
