316 456
321 466
327 477
333 487
340 497
347 506
354 516
361 526
368 536
376 544
383 554
392 563
401 570
411 577
421 584
431 590
442 595
453 599
465 602
477 603
488 603
500 600
511 595
522 590
532 583
541 576
549 567
556 558
561 546
565 535
568 524
572 513
575 501
579 490
583 478
586 467
588 455
590 443
591 431
590 419
588 407
412 417
408 424
406 432
407 441
412 447
421 451
428 454
437 456
446 455
454 454
461 448
466 442
474 437
479 430
478 421
474 414
470 406
394 494
399 485
410 480
421 477
432 476
444 475
456 474
466 470
477 466
487 462
498 459
510 458
519 465
519 477
516 488
513 499
507 509
500 518
490 525
481 531
470 534
459 537
447 537
436 534
426 529
417 522
408 513
401 504
404 491
411 485
420 483
430 482
440 482
449 481
457 478
465 474
474 471
483 468
491 465
500 463
509 461
513 469
509 477
504 485
499 493
492 500
485 506
477 511
469 515
460 517
451 519
441 518
433 514
425 510
417 505
410 498
462 353
465 350
468 349
471 347
474 346
478 346
481 345
485 345
489 345
492 346
496 347
493 348
490 349
487 350
483 350
480 351
476 352
473 352
469 352
465 352
392 372
388 372
384 372
380 372
376 372
372 372
368 372
364 373
361 375
357 377
354 380
358 381
362 380
366 379
370 378
374 377
377 377
381 376
385 374
389 373
433 335
438 325
446 316
456 311
466 308
477 306
489 305
501 304
512 305
522 309
532 314
528 323
517 320
506 317
495 316
484 319
474 324
465 330
455 336
444 338
401 351
398 342
391 336
381 335
371 336
361 337
351 339
342 342
334 347
327 355
323 363
318 372
328 370
335 362
343 357
352 354
362 353
372 354
383 354
392 355
