1054 798
1057 837
1058 879
1063 923
1065 962
1067 1006
1073 1048
1082 1088
1098 1126
1122 1163
1147 1195
1174 1225
1203 1259
1229 1291
1259 1323
1292 1350
1327 1367
1367 1380
1409 1382
1451 1381
1492 1382
1533 1370
1572 1353
1613 1336
1649 1318
1688 1300
1720 1275
1748 1245
1779 1213
1806 1182
1836 1150
1865 1119
1891 1086
1914 1055
1935 1019
1952 981
1962 937
1963 898
1965 854
1965 811
1962 768
1249 781
1234 810
1220 840
1222 870
1248 889
1279 900
1306 916
1340 918
1370 905
1398 890
1428 877
1460 874
1495 869
1509 840
1511 809
1501 778
1480 751
1238 1066
1238 1036
1255 1013
1279 999
1307 994
1336 998
1364 1003
1392 1006
1422 1008
1451 1010
1481 1012
1511 1011
1542 1011
1572 1011
1594 1024
1573 1045
1550 1063
1526 1078
1502 1091
1477 1103
1451 1111
1423 1117
1394 1121
1364 1121
1335 1118
1307 1113
1281 1104
1257 1089
1267 1037
1283 1029
1301 1028
1317 1032
1335 1036
1353 1037
1371 1039
1389 1037
1406 1034
1423 1031
1442 1030
1460 1031
1479 1032
1497 1032
1500 1037
1483 1042
1467 1047
1450 1052
1434 1057
1417 1061
1400 1065
1383 1068
1365 1069
1346 1068
1329 1064
1312 1061
1295 1057
1279 1051
1498 609
1510 599
1522 589
1534 580
1547 574
1561 570
1576 568
1591 567
1607 568
1622 570
1635 576
1632 588
1618 593
1604 597
1589 600
1576 604
1561 606
1545 607
1530 608
1514 608
1269 628
1258 620
1246 614
1234 609
1220 607
1206 605
1192 606
1179 610
1167 615
1155 622
1144 628
1157 631
1170 633
1183 637
1196 639
1210 641
1225 641
1239 642
1254 642
1267 640
1418 503
1424 460
1461 440
1504 433
1548 429
1591 423
1634 418
1677 424
1714 443
1748 472
1779 505
1783 533
1747 511
1711 489
1672 473
1629 468
1584 471
1543 481
1502 491
1463 505
1251 531
1239 509
1218 494
1193 488
1166 489
1141 494
1118 502
1096 515
1076 532
1061 553
1049 575
1053 601
1073 585
1093 566
1115 554
1138 546
1165 545
1191 549
1216 555
1242 554
