316 562
320 576
325 592
332 607
341 620
351 634
360 646
370 659
382 669
396 677
408 688
421 698
431 711
442 723
452 734
465 746
475 757
487 768
502 776
517 778
535 780
550 777
566 776
581 770
592 759
605 748
614 736
623 722
632 708
640 694
650 682
661 669
673 659
684 649
697 637
705 623
714 610
721 595
727 580
728 564
730 548
489 533
480 546
468 559
462 574
468 590
483 599
499 603
515 608
532 612
549 612
565 606
580 599
596 592
610 582
610 566
603 550
590 539
445 654
459 651
473 649
487 648
502 646
516 644
530 646
544 649
557 646
571 642
585 641
600 641
615 642
622 653
613 665
604 676
595 687
584 697
571 702
557 705
543 707
528 706
515 702
502 697
490 690
479 681
467 673
456 664
453 655
465 658
477 660
489 663
500 667
512 670
524 671
537 672
550 672
562 670
574 667
585 664
596 659
607 654
617 654
607 661
596 666
585 670
573 672
560 674
548 675
535 676
522 676
509 675
497 672
486 668
475 664
464 661
588 476
591 466
597 457
606 450
615 445
626 443
637 443
648 445
658 447
668 451
677 456
679 466
671 474
662 479
652 482
641 483
630 484
619 483
608 482
598 480
475 473
470 463
460 456
450 451
438 449
426 451
415 454
404 458
394 462
383 467
373 474
384 478
394 483
404 489
415 493
427 495
439 494
450 492
461 488
472 484
587 426
591 419
598 413
605 409
614 408
623 408
632 407
640 408
649 409
658 410
665 413
665 421
656 422
648 423
639 424
631 423
622 422
613 424
605 425
596 426
482 425
473 418
464 414
453 413
442 412
431 411
420 410
409 409
399 411
389 416
381 423
391 426
401 428
412 430
423 430
434 429
446 429
457 430
467 431
478 433
