190 761
195 782
201 807
207 831
218 854
226 877
238 900
250 921
264 941
280 959
298 976
316 994
335 1011
351 1028
365 1048
381 1069
395 1087
413 1105
436 1118
458 1126
483 1126
507 1123
533 1121
555 1116
579 1106
597 1091
612 1070
626 1051
639 1030
651 1007
666 987
682 969
699 949
713 929
727 911
741 888
753 867
763 844
773 821
781 800
789 774
428 743
418 761
408 780
403 803
415 819
436 828
455 836
476 838
499 840
519 839
541 836
562 826
581 816
595 801
595 779
588 758
579 738
351 918
375 909
400 900
425 892
451 887
479 886
508 886
535 882
563 881
592 880
620 882
645 890
652 915
638 938
624 961
609 983
592 1004
572 1025
550 1039
525 1047
498 1051
470 1049
445 1043
421 1031
401 1011
385 989
371 966
360 943
361 923
383 916
406 911
430 910
455 910
480 910
504 908
526 903
550 899
574 898
599 898
623 899
640 912
627 932
613 951
599 970
584 988
567 1006
548 1019
527 1027
503 1030
479 1030
455 1026
435 1015
417 999
401 980
386 962
373 942
586 652
593 643
603 635
613 630
623 625
635 622
646 620
659 621
670 623
681 627
691 633
694 644
684 649
672 651
660 652
648 653
635 653
623 653
610 653
598 654
394 660
384 654
374 649
363 646
352 645
339 645
328 645
316 648
306 652
297 658
287 665
298 669
309 672
320 674
332 674
344 674
356 673
367 671
379 669
391 669
560 600
564 577
582 562
603 553
625 547
648 545
672 547
696 545
719 549
740 557
758 572
765 591
743 586
720 583
696 582
673 586
650 589
626 592
604 597
582 603
407 593
404 573
384 563
362 558
339 555
315 557
292 555
268 558
248 566
229 578
211 595
207 617
231 618
251 608
271 598
292 592
316 590
339 592
362 595
385 598
