387 472
387 485
389 500
389 515
390 530
393 544
397 559
401 573
405 586
410 600
415 614
420 629
426 642
433 655
440 667
449 680
458 692
470 699
484 703
500 706
514 707
528 708
543 707
557 703
571 696
583 688
595 680
606 669
615 658
623 646
630 633
636 619
640 606
645 591
650 578
654 563
657 549
661 536
665 521
669 507
675 492
503 461
496 469
489 478
481 487
480 498
487 509
497 512
508 515
519 519
531 521
543 520
554 519
564 513
565 502
560 491
559 479
557 468
449 559
458 551
467 542
478 539
490 540
502 541
514 543
527 544
538 547
548 552
558 559
568 566
576 575
572 586
564 595
555 604
545 610
535 615
524 619
512 622
500 623
488 622
476 620
465 616
456 607
452 596
450 584
450 572
453 559
462 554
472 552
482 553
493 553
503 555
513 556
524 557
534 558
544 560
553 563
563 567
571 571
568 581
560 586
551 592
542 595
532 597
522 599
512 601
502 602
491 604
481 602
472 600
463 595
455 588
450 580
452 569
566 424
572 419
579 414
585 408
592 404
599 399
607 397
615 398
622 403
627 409
631 416
635 423
630 429
623 432
614 432
606 431
598 430
590 428
582 427
574 425
499 410
496 403
491 397
484 393
478 390
470 389
462 389
454 390
447 392
440 395
434 400
437 407
443 412
450 414
457 415
465 416
473 417
481 418
489 418
496 417
561 383
568 374
577 370
588 368
599 367
611 367
622 368
632 370
642 374
652 379
660 387
648 387
639 382
629 378
618 376
607 378
597 381
587 384
578 388
568 391
503 376
497 370
489 365
480 362
471 361
462 359
453 357
443 356
434 358
426 362
419 369
427 365
435 361
445 362
455 363
464 364
472 367
481 370
489 375
497 379
