354 458
355 472
357 486
360 500
363 513
368 527
373 540
378 553
383 566
391 578
399 590
408 600
418 611
429 621
438 631
447 642
456 652
468 661
480 667
495 670
508 671
524 670
537 667
551 663
564 657
576 649
586 639
594 628
601 615
607 604
614 591
621 578
627 565
634 552
638 538
642 526
645 512
650 498
651 484
652 469
654 455
491 470
482 480
474 489
465 501
467 513
479 517
490 525
502 531
515 533
529 531
539 520
551 515
563 511
566 498
559 486
549 478
538 469
436 555
447 552
459 552
472 552
485 552
496 554
508 556
521 556
533 554
546 554
557 556
570 555
579 561
575 572
570 582
563 592
553 599
543 604
532 608
520 610
508 610
495 610
483 608
473 603
465 593
457 584
450 574
444 564
458 563
467 564
475 566
483 568
492 568
500 569
509 568
518 568
527 567
535 567
544 566
553 566
562 565
570 562
568 568
561 572
554 575
546 578
538 580
530 582
521 582
512 583
503 583
495 583
486 582
478 579
471 574
464 569
557 401
561 397
566 394
571 391
577 389
582 388
588 387
594 387
600 387
606 388
611 390
610 395
604 397
599 398
593 399
587 400
581 400
575 400
569 400
563 400
465 407
459 403
453 400
446 397
439 396
432 395
424 396
417 398
411 401
405 405
399 409
405 413
412 415
419 417
427 417
434 416
442 415
449 414
456 413
464 413
553 368
560 361
567 353
576 348
585 345
594 343
604 342
614 340
624 340
634 341
642 345
633 348
624 351
615 353
606 357
597 360
588 363
579 366
570 369
561 373
480 363
473 355
462 353
451 353
440 352
429 351
417 350
406 351
396 353
386 356
377 363
387 367
398 369
409 369
420 370
432 371
443 371
454 372
465 374
475 373
