102 618
101 642
102 670
105 695
109 722
113 749
115 773
118 800
123 827
130 852
135 879
139 905
143 930
153 955
171 973
197 981
223 986
250 990
276 993
300 995
327 996
353 993
380 987
406 980
432 974
456 967
482 961
509 953
533 942
554 929
574 913
593 892
610 874
627 853
646 833
654 809
657 781
661 755
665 729
667 702
669 676
179 627
165 640
150 656
138 673
136 694
145 712
163 725
181 736
199 743
221 744
242 743
263 740
278 727
280 705
277 685
271 664
263 644
137 807
144 794
156 787
170 784
184 787
197 790
212 791
226 795
239 801
251 808
263 814
276 820
289 825
301 832
305 845
292 849
278 851
264 855
250 858
236 860
222 862
207 864
192 863
178 861
165 855
154 845
146 833
140 821
140 821
151 818
162 816
174 815
186 817
197 820
208 822
219 825
230 826
242 828
252 831
263 834
274 836
286 838
296 842
285 842
275 838
264 835
253 832
242 829
231 827
220 826
208 824
198 821
186 819
174 820
163 821
151 823
329 576
336 567
347 562
359 561
371 562
382 564
394 565
405 568
416 572
426 575
433 585
424 592
413 597
402 600
391 601
378 602
366 600
355 598
345 593
336 585
210 549
209 541
202 537
195 533
188 529
181 526
173 523
165 522
157 524
150 527
143 533
146 540
150 547
156 553
163 557
171 558
180 558
188 559
197 558
204 556
286 495
297 477
317 470
340 468
363 467
386 468
408 471
430 475
450 482
469 490
488 501
486 519
464 516
442 513
419 511
396 510
374 508
351 506
327 507
305 505
209 484
210 471
205 461
197 452
187 444
177 438
167 433
156 429
147 420
137 414
131 424
125 434
126 447
136 452
147 457
157 462
167 469
176 475
187 480
197 485
