271 759
275 779
278 800
282 820
289 840
298 857
309 875
321 893
335 907
350 920
367 932
385 943
402 956
417 969
434 981
452 993
470 1000
488 1010
509 1016
529 1018
549 1026
568 1032
589 1033
608 1035
629 1029
638 1011
650 994
658 975
663 955
666 936
672 915
680 896
691 879
699 860
709 841
718 822
724 804
731 784
739 765
740 743
741 722
575 682
561 696
549 709
539 727
541 745
556 757
574 766
590 774
608 782
628 785
645 779
663 771
676 757
679 738
677 719
668 702
656 686
466 821
481 816
499 815
516 816
533 817
550 819
567 822
583 826
599 830
617 829
635 829
651 833
665 840
655 854
647 868
640 883
629 896
615 905
598 908
581 907
565 903
550 898
535 891
521 882
507 872
496 858
489 844
480 830
481 824
495 823
509 823
524 824
537 826
551 827
565 829
579 831
592 834
605 837
620 837
634 836
648 837
655 848
646 858
637 869
626 879
614 884
600 885
586 884
572 881
559 878
547 872
536 866
524 858
514 849
503 840
492 832
655 639
659 634
664 630
669 627
675 624
681 621
687 621
694 621
700 624
705 627
710 632
710 639
705 644
699 646
693 647
686 647
679 647
672 646
666 645
660 643
539 615
534 609
527 606
520 603
513 601
505 600
497 601
489 602
482 605
475 607
468 610
475 613
482 617
489 620
496 622
504 623
511 624
520 625
527 623
535 622
652 578
657 568
662 557
668 548
678 541
689 539
701 541
711 545
721 551
730 559
737 568
740 579
739 591
729 588
722 579
711 576
699 578
688 579
676 579
664 577
603 534
585 518
563 512
540 511
516 511
492 513
471 519
451 529
432 542
415 559
400 576
422 572
443 566
464 559
486 554
509 552
533 552
555 557
577 561
599 557
