406 588
411 605
418 622
427 638
436 655
444 671
453 688
462 704
473 718
485 731
497 744
511 758
527 768
544 776
561 782
578 787
596 792
614 795
632 794
651 792
666 784
682 774
696 762
710 749
723 738
737 726
752 715
766 704
781 689
790 674
798 658
805 641
806 623
804 605
802 587
798 568
794 550
790 531
785 515
777 496
768 481
531 568
529 583
527 599
527 615
529 631
542 641
558 643
575 640
589 634
604 630
618 624
632 613
633 597
625 584
614 574
601 563
589 551
530 709
542 706
555 704
567 700
578 694
592 692
604 689
615 683
627 677
639 674
652 671
664 667
675 661
686 655
692 661
681 669
671 677
661 687
652 697
642 707
631 715
620 721
607 722
594 721
581 719
568 716
556 712
543 711
535 708
546 711
558 709
570 708
581 705
593 703
604 701
616 698
626 693
636 687
646 681
656 676
667 671
677 666
687 659
678 663
667 668
657 673
648 680
638 686
627 691
617 696
606 699
594 701
582 702
570 704
559 706
547 707
598 498
600 489
604 481
609 473
616 465
624 460
633 457
642 456
652 455
662 456
670 459
675 466
668 473
661 481
653 486
644 488
634 490
624 491
614 491
606 494
509 514
502 508
493 504
484 502
475 500
466 502
457 505
449 509
441 515
435 522
431 530
439 535
448 538
457 539
467 538
476 535
484 532
492 529
501 527
510 523
565 459
570 449
580 442
590 436
600 430
610 426
621 422
632 420
644 419
656 419
667 423
665 433
654 436
643 438
631 439
619 441
608 443
597 448
587 453
577 458
508 478
497 474
485 471
473 468
461 467
448 466
435 466
423 469
412 474
403 483
399 494
411 495
423 493
436 491
448 489
461 488
474 490
486 491
499 491
511 488
