369 477
371 492
375 510
378 525
381 544
383 559
386 576
392 593
398 609
405 623
414 638
425 653
438 663
451 672
466 682
480 692
494 702
509 709
523 717
539 723
555 728
573 730
589 728
607 726
624 722
639 715
650 703
660 688
668 673
677 660
687 646
697 631
706 617
712 601
715 584
720 568
723 552
726 535
727 518
727 500
728 483
540 510
531 517
528 528
529 539
538 547
549 552
559 555
570 556
581 558
593 559
603 553
613 547
623 540
628 531
631 520
626 509
619 499
471 587
485 578
501 576
518 575
535 574
552 572
568 571
585 570
602 571
619 573
635 575
652 577
660 591
654 605
647 619
639 633
627 646
614 655
599 661
583 664
566 665
549 663
534 659
519 652
507 641
495 629
486 615
478 601
477 588
490 585
504 587
517 591
530 594
543 596
557 598
571 597
585 594
598 591
610 587
624 585
638 584
650 589
644 601
635 611
624 620
613 626
600 631
587 633
573 634
559 632
546 629
533 626
521 620
509 614
498 607
486 599
628 432
632 427
639 423
645 420
651 418
659 417
666 417
673 418
679 422
686 425
691 430
688 436
682 440
675 443
668 444
661 444
653 444
646 442
640 439
634 436
512 433
506 428
500 424
493 422
486 420
479 419
471 419
464 422
458 425
452 430
448 436
454 441
461 444
467 446
475 447
483 447
490 446
497 444
503 441
510 439
620 391
625 382
634 376
643 372
653 370
663 368
674 366
684 369
693 372
702 378
709 386
710 395
701 390
692 387
681 386
670 386
659 388
649 390
639 392
629 395
525 395
523 383
513 378
501 377
490 375
478 374
466 373
455 376
444 381
435 389
429 399
423 409
435 407
445 401
455 395
466 393
478 393
490 394
502 395
514 397
