279 415
272 432
264 453
259 472
260 493
264 512
274 532
290 542
305 555
323 567
342 573
361 581
377 595
392 608
410 617
428 626
445 639
463 650
482 656
502 658
522 655
544 653
564 648
582 641
600 631
617 618
635 607
651 596
669 584
685 572
702 562
715 544
729 531
738 513
742 492
741 473
744 451
746 431
746 410
751 390
753 369
391 392
384 404
381 419
387 432
400 439
416 442
430 441
445 439
460 442
475 442
490 437
502 428
515 419
523 407
522 392
512 380
499 371
360 517
371 508
384 505
397 502
411 499
424 497
438 495
453 494
466 492
481 491
495 492
509 494
522 498
535 502
547 507
546 518
532 519
517 520
502 520
488 521
474 522
459 523
445 524
430 524
416 524
402 522
388 521
373 519
370 516
382 514
394 512
407 511
420 510
433 509
445 507
458 507
471 508
484 506
496 505
510 505
523 505
535 507
547 510
537 511
524 510
511 509
498 508
485 507
472 508
459 509
447 510
434 511
421 511
407 512
395 513
382 514
524 338
534 335
546 334
558 333
570 333
582 332
593 331
605 330
617 330
629 332
640 333
630 332
618 332
606 332
594 332
582 333
571 335
559 336
548 338
536 337
388 353
378 352
368 352
358 352
348 353
338 355
329 358
320 361
312 366
303 371
295 377
304 372
313 370
323 369
333 367
343 366
352 364
361 361
370 358
380 356
477 288
486 274
499 265
514 258
529 253
545 250
562 250
579 251
596 254
611 258
624 267
618 275
603 271
586 270
569 269
552 270
536 274
521 281
507 288
492 293
411 310
410 295
396 291
381 287
365 285
348 285
333 289
319 295
306 304
294 315
286 329
280 342
294 336
307 326
319 315
332 308
348 305
363 307
379 310
395 312
