91 372
94 386
98 402
103 417
109 431
114 445
119 460
124 474
132 488
139 500
148 514
157 526
166 538
175 551
185 563
195 574
207 584
221 593
235 598
250 599
265 600
280 600
295 596
310 589
322 580
333 569
343 557
352 545
361 531
368 519
377 506
387 493
394 480
400 466
405 451
407 436
408 421
411 405
414 391
416 375
417 359
218 379
211 390
202 402
197 414
201 428
212 436
225 441
239 441
253 440
268 439
282 435
294 428
303 418
303 405
296 394
286 384
276 372
196 494
203 487
211 481
219 477
228 474
238 472
248 473
258 473
267 471
277 470
287 471
296 473
305 475
314 479
320 486
312 492
304 498
296 503
288 507
279 510
270 512
259 512
250 511
240 509
231 506
222 504
213 502
204 498
200 491
207 489
215 487
222 485
230 484
239 484
247 484
256 484
264 484
272 483
281 483
289 483
297 483
306 483
314 483
307 483
299 484
290 484
282 484
273 484
266 485
257 486
249 486
240 486
232 487
224 488
216 489
208 491
287 306
292 301
298 296
304 292
310 287
316 284
323 282
331 283
338 285
344 288
350 293
350 301
344 305
337 308
331 310
323 311
316 310
309 309
302 307
294 308
196 313
191 309
185 306
178 303
172 302
164 302
158 304
152 307
146 310
141 314
136 320
142 323
148 325
155 326
162 325
169 324
176 323
182 322
189 320
195 319
283 267
285 256
295 251
305 246
315 243
326 240
338 239
350 240
361 242
371 247
380 253
382 262
372 258
361 256
349 256
337 256
326 258
315 261
304 263
293 266
202 283
201 273
192 268
182 265
171 264
160 264
149 263
139 264
130 269
122 277
115 286
109 294
118 289
127 285
138 283
149 282
160 281
171 282
181 283
192 284
