310 440
312 450
314 460
316 470
320 480
322 489
325 499
327 509
330 520
333 530
337 540
343 548
350 555
358 563
365 570
373 576
382 582
390 588
401 591
410 593
421 594
432 594
442 593
452 593
462 590
472 587
482 583
490 578
500 573
508 568
517 563
526 556
534 550
541 542
548 535
555 526
560 517
565 508
569 498
573 489
576 479
429 386
423 396
413 402
405 410
408 420
419 425
429 431
437 440
447 444
458 443
470 438
481 438
493 438
498 428
491 420
483 411
481 399
382 481
390 478
399 476
408 475
417 475
426 477
435 480
443 483
452 484
461 485
470 487
478 491
486 495
489 503
484 510
477 517
470 522
462 525
453 527
444 528
435 527
426 524
418 520
411 516
403 511
396 504
390 497
386 489
399 486
405 486
411 485
417 485
423 487
428 488
434 490
439 491
444 493
450 493
456 494
462 494
468 496
473 497
472 502
468 505
462 507
457 508
451 509
445 508
439 508
433 508
428 506
423 503
418 501
413 498
408 494
404 490
510 351
513 349
517 346
521 344
525 342
530 342
534 342
539 343
543 345
547 347
550 351
551 355
546 355
542 355
537 354
532 354
528 354
523 354
518 354
514 353
415 339
416 334
412 330
409 327
404 326
399 325
394 325
389 325
385 327
380 328
376 330
372 333
376 334
381 336
385 337
390 337
395 338
400 338
405 339
410 339
509 313
513 306
521 303
530 303
538 305
546 307
554 309
561 314
568 319
574 326
579 333
578 341
571 338
563 335
556 331
548 327
541 324
533 322
524 320
516 317
432 314
425 308
418 304
410 300
402 299
393 298
385 300
376 302
369 305
361 309
356 315
364 314
372 311
381 310
390 310
398 311
406 313
414 316
422 319
430 321
