520 409
520 441
523 473
527 507
535 538
545 571
555 600
568 632
579 662
593 694
606 722
621 754
635 783
653 812
672 839
702 850
733 846
766 853
800 853
833 853
866 852
898 852
931 851
963 848
994 836
1020 813
1036 787
1063 766
1085 740
1103 712
1127 689
1146 666
1162 634
1177 605
1188 574
1198 543
1208 513
1221 481
1232 449
1241 417
1249 385
771 478
761 505
752 533
746 560
751 589
765 614
786 635
811 653
838 659
866 653
892 639
917 620
938 601
950 576
950 546
946 516
939 487
710 656
733 660
753 670
773 678
795 685
817 689
840 692
864 693
887 690
911 688
934 685
957 681
980 678
993 688
975 703
957 721
940 737
921 749
900 757
877 761
853 761
831 757
809 752
789 743
770 729
754 712
740 693
726 674
723 659
739 671
756 682
773 693
791 701
811 705
830 709
851 711
872 711
893 709
912 703
931 698
950 693
969 686
985 680
967 687
948 694
930 701
911 707
891 711
871 714
850 714
830 710
811 705
791 702
772 696
756 683
739 671
964 326
975 311
989 296
1004 284
1020 275
1037 269
1056 266
1076 266
1092 273
1108 284
1122 298
1122 318
1107 330
1092 340
1074 345
1055 348
1035 348
1017 344
999 339
981 334
754 326
754 307
745 291
733 276
718 266
702 257
684 254
665 253
646 254
629 260
616 275
610 291
616 308
629 322
645 331
662 336
681 338
701 338
719 336
738 333
956 248
979 241
1002 231
1024 220
1046 209
1070 201
1095 197
1122 198
1147 203
1169 215
1180 236
1155 242
1129 240
1103 239
1077 243
1053 248
1028 253
1004 260
981 268
957 275
762 232
743 213
721 201
698 192
674 184
649 178
624 175
597 173
571 175
548 183
526 198
547 212
574 214
601 214
628 217
654 219
680 223
704 229
727 239
750 249
