568 767
573 788
579 811
585 834
593 855
601 877
611 898
624 917
638 935
655 953
670 971
684 988
701 1004
720 1019
738 1031
756 1047
775 1060
797 1071
818 1079
840 1086
863 1091
885 1093
909 1090
931 1082
950 1070
967 1055
982 1037
997 1019
1010 1000
1027 983
1043 966
1057 948
1071 930
1082 910
1093 888
1101 867
1110 846
1119 824
1125 800
1126 779
1128 754
838 759
827 775
815 794
813 814
824 832
842 842
861 850
883 855
902 858
924 852
945 848
965 842
983 833
991 814
984 793
973 775
960 757
758 895
775 888
794 885
813 881
833 879
852 882
872 884
891 887
911 885
931 883
951 882
970 885
988 891
994 908
985 924
972 940
957 953
941 964
924 972
905 977
885 977
866 974
847 969
830 962
814 952
798 939
783 925
769 911
774 903
789 899
804 898
820 896
836 896
852 897
867 898
882 901
898 902
914 901
929 899
945 897
961 897
976 899
978 912
965 919
951 925
936 929
921 931
906 932
890 933
874 933
858 932
843 929
828 925
814 921
800 917
786 911
959 684
969 676
978 669
988 662
999 658
1010 655
1022 654
1034 654
1045 657
1056 662
1065 670
1064 682
1054 687
1043 691
1031 692
1018 692
1006 692
993 692
981 691
969 690
805 678
797 671
788 665
779 661
769 659
758 657
747 658
736 659
726 661
717 666
708 672
716 680
725 684
735 687
746 688
757 687
768 687
779 686
790 685
801 685
961 626
972 612
990 609
1009 608
1027 609
1046 610
1064 611
1082 613
1099 618
1113 630
1122 644
1115 656
1099 649
1083 643
1066 640
1047 639
1028 640
1010 641
992 642
975 637
845 624
826 613
804 610
782 608
758 607
734 607
711 607
689 611
670 621
653 638
639 656
661 652
682 647
704 645
727 643
751 643
774 644
796 648
818 650
839 645
