355 572
357 598
359 624
362 650
367 676
373 702
379 729
387 754
395 780
406 806
417 830
430 853
445 875
461 895
478 918
495 936
516 955
536 971
559 986
584 997
607 1006
636 1005
662 999
685 989
711 979
736 968
755 952
772 932
784 908
797 883
808 858
821 836
836 812
846 788
856 763
866 739
873 713
877 687
882 660
886 633
888 606
592 678
576 694
555 704
547 726
548 748
567 759
587 772
607 787
629 796
652 795
673 783
689 768
710 756
725 740
715 719
699 701
689 678
539 837
553 831
568 830
583 828
599 827
615 828
629 832
645 831
661 829
677 829
692 831
708 833
723 834
738 837
733 850
720 856
706 862
693 867
679 873
665 877
650 880
634 880
618 878
604 875
591 869
578 860
566 851
552 844
540 837
554 838
567 841
580 844
593 848
606 852
619 855
633 857
647 856
661 855
674 852
688 848
700 845
713 842
727 841
713 843
700 846
687 851
674 854
660 855
647 858
633 857
619 856
605 853
592 850
579 846
567 842
554 838
721 556
729 547
738 541
748 535
757 531
768 528
780 527
791 528
801 532
810 539
818 547
820 559
810 564
799 565
787 565
775 566
764 567
752 567
741 565
730 563
544 558
544 549
536 543
528 539
519 537
510 536
500 536
491 536
481 537
473 540
465 544
460 552
468 555
477 558
486 559
496 559
506 559
515 559
525 560
535 559
698 508
711 496
726 489
743 485
760 482
776 477
792 471
810 470
826 474
841 483
852 496
851 513
834 509
817 505
799 504
782 506
765 509
748 512
731 516
713 516
579 514
578 497
562 489
544 485
526 482
507 479
489 476
470 475
451 476
434 482
419 493
413 510
428 522
447 523
465 520
484 518
503 517
523 518
542 519
561 520
