370 250
370 265
371 283
372 299
373 315
374 331
375 347
377 362
383 378
392 391
402 404
411 418
423 430
436 438
450 447
464 455
478 462
493 469
509 475
524 477
541 480
556 475
569 467
582 456
594 444
604 432
614 418
624 406
632 393
640 379
647 364
653 349
661 334
668 319
672 304
678 287
682 273
686 257
690 241
694 226
697 209
546 255
536 260
527 270
521 280
517 291
521 303
530 309
543 313
555 316
566 316
579 315
591 312
602 308
609 298
608 286
605 274
602 261
485 371
494 366
503 363
512 359
521 356
530 353
539 349
550 349
559 351
570 350
580 348
589 351
597 359
602 367
601 378
595 385
589 394
582 402
573 407
564 410
554 410
544 409
534 406
526 400
518 394
510 388
502 382
494 375
485 371
495 369
504 366
513 362
521 356
530 353
539 350
549 349
559 351
569 351
579 352
589 353
597 360
602 369
601 378
594 386
588 394
581 402
572 407
563 410
553 410
543 408
534 405
526 400
517 394
509 388
501 382
494 375
608 201
610 195
617 190
623 186
629 183
637 181
645 181
652 182
660 184
666 186
673 191
671 198
668 205
660 207
653 207
645 207
637 208
629 207
621 206
614 205
527 194
521 187
514 180
506 175
498 171
489 168
479 168
469 169
461 172
452 176
445 181
452 188
459 195
467 199
476 202
485 204
495 205
505 205
514 204
523 203
619 162
626 156
634 153
641 148
649 145
656 141
663 136
671 132
680 131
688 134
694 140
689 147
681 149
673 152
665 156
657 160
649 162
641 165
634 168
625 169
574 165
561 154
546 145
531 139
515 133
500 128
483 125
465 127
449 132
434 137
418 143
435 146
452 143
470 142
487 144
502 151
517 158
532 166
547 174
563 179
