425 516
430 532
435 552
439 570
443 588
448 606
452 624
456 642
463 660
472 677
483 693
494 706
509 719
524 730
541 740
557 748
574 757
590 766
607 774
626 780
644 781
663 777
681 772
698 764
714 754
728 744
743 732
758 720
772 708
786 696
799 682
809 666
817 649
824 632
827 613
830 594
833 574
836 557
839 538
844 519
848 500
612 505
607 517
595 526
587 537
590 550
602 556
616 560
630 562
644 563
659 564
672 561
687 561
699 555
710 545
707 532
697 521
691 508
573 650
581 638
589 626
598 615
610 605
623 601
638 600
653 598
667 596
682 597
695 602
707 610
716 622
721 635
721 650
717 664
713 677
704 689
691 696
678 702
665 706
650 707
635 706
622 702
609 695
597 686
589 675
580 663
583 651
588 642
595 633
602 624
611 618
620 614
631 612
642 612
654 611
665 610
676 611
687 614
695 621
702 629
708 639
708 650
701 659
694 667
685 672
674 675
664 677
653 678
641 678
630 677
619 674
610 670
601 662
592 656
695 454
700 445
707 437
716 431
725 427
735 424
745 423
755 425
765 428
774 432
782 440
783 450
775 455
765 459
755 461
745 462
734 463
724 462
713 460
703 458
587 448
580 440
572 433
563 429
553 427
542 427
532 427
522 431
514 436
505 442
498 450
507 455
516 460
525 464
535 465
546 465
557 465
568 464
577 462
587 458
701 398
706 387
717 377
729 371
742 368
756 368
770 371
784 372
797 374
809 379
820 389
823 400
810 397
797 393
783 391
769 392
755 393
742 396
728 399
714 400
588 387
579 376
566 372
552 370
537 370
524 373
510 376
496 378
483 383
472 390
463 402
478 400
490 396
504 393
518 391
532 388
547 389
560 393
572 398
586 401
