461 1688
450 1732
453 1780
464 1827
476 1869
502 1912
533 1944
571 1974
611 2003
648 2028
684 2059
719 2094
761 2121
803 2142
848 2159
888 2176
933 2196
978 2213
1024 2228
1071 2236
1116 2235
1164 2230
1211 2215
1252 2193
1293 2169
1326 2135
1356 2100
1388 2067
1416 2026
1449 1990
1481 1954
1508 1916
1537 1881
1571 1843
1594 1806
1613 1758
1628 1714
1634 1667
1643 1621
1644 1574
1643 1524
982 1593
955 1622
933 1659
921 1697
935 1734
968 1759
1010 1770
1049 1771
1092 1770
1134 1770
1174 1756
1212 1745
1250 1726
1274 1695
1279 1653
1260 1617
1236 1581
847 1873
886 1860
930 1860
975 1861
1019 1860
1063 1856
1106 1860
1147 1852
1189 1846
1234 1844
1275 1838
1316 1828
1356 1817
1341 1855
1320 1891
1296 1925
1270 1959
1237 1990
1202 2012
1165 2028
1125 2040
1082 2045
1041 2037
1003 2021
968 1998
935 1970
902 1940
872 1908
866 1873
899 1871
933 1869
967 1867
1001 1869
1035 1871
1067 1874
1100 1879
1132 1876
1162 1868
1193 1860
1225 1854
1256 1847
1288 1841
1285 1863
1259 1882
1233 1901
1206 1918
1177 1931
1145 1938
1112 1940
1077 1940
1044 1938
1011 1934
980 1926
951 1915
923 1901
894 1887
1225 1357
1244 1341
1269 1338
1295 1340
1322 1339
1348 1339
1372 1335
1395 1328
1419 1321
1442 1315
1465 1312
1443 1322
1419 1328
1397 1335
1374 1343
1349 1345
1322 1345
1296 1344
1271 1342
1246 1347
908 1391
891 1393
873 1397
855 1401
838 1405
821 1409
803 1413
784 1414
765 1413
746 1413
727 1414
746 1412
765 1413
784 1413
803 1411
821 1408
838 1403
855 1399
873 1395
890 1389
1191 1239
1208 1212
1237 1197
1268 1187
1298 1177
1327 1165
1357 1153
1386 1140
1420 1137
1454 1138
1484 1152
1467 1174
1434 1180
1405 1192
1376 1206
1347 1222
1318 1236
1288 1247
1255 1251
1220 1252
937 1278
918 1264
897 1256
875 1250
852 1244
829 1241
806 1246
782 1249
762 1260
746 1278
738 1299
739 1324
759 1314
780 1304
803 1299
825 1294
849 1291
875 1292
899 1293
924 1294
