40 641
46 657
51 673
56 689
63 706
70 722
77 736
87 752
97 764
110 777
123 788
137 798
151 807
164 818
177 831
191 840
207 848
222 853
240 858
256 858
274 859
290 856
307 851
323 844
338 836
351 825
362 812
371 796
379 782
388 767
396 752
403 735
409 721
414 704
419 687
425 671
429 654
433 638
437 620
440 604
443 586
182 647
173 657
168 671
173 685
186 692
200 693
215 691
230 688
244 686
259 685
273 681
287 679
301 676
311 665
310 650
303 637
295 624
171 749
183 744
195 738
207 732
220 727
233 724
247 723
261 722
276 722
289 724
303 726
318 727
332 728
335 741
332 754
325 766
316 777
305 786
293 792
281 796
267 799
253 798
240 795
227 790
215 784
203 778
192 770
181 760
183 752
193 750
203 748
214 747
224 745
234 744
244 743
255 741
265 740
275 739
286 738
296 736
306 734
316 732
324 735
316 741
307 745
297 748
287 750
277 751
267 753
257 755
246 756
236 756
225 755
214 755
203 755
192 756
290 558
295 551
302 545
310 541
317 538
326 536
334 535
343 536
351 538
359 542
366 545
365 553
358 558
350 561
342 563
333 563
324 564
315 564
306 564
298 561
167 579
160 572
153 566
145 563
135 562
126 562
117 564
108 566
99 569
91 573
84 580
91 587
99 591
107 594
117 594
126 594
135 592
144 589
152 586
161 583
293 498
296 487
306 482
316 476
327 471
338 467
349 465
361 464
373 466
383 471
391 480
389 489
377 488
367 484
355 481
343 482
333 488
323 494
313 500
302 504
149 522
140 513
130 507
118 503
106 501
94 500
82 502
71 507
61 515
51 521
41 530
54 532
64 526
75 521
87 518
99 516
112 516
124 519
134 526
145 531
