793 1393
784 1431
780 1476
785 1515
798 1558
806 1600
816 1638
832 1680
852 1718
871 1756
887 1794
902 1835
915 1875
925 1915
940 1956
965 1991
994 2016
1032 2036
1075 2044
1116 2044
1157 2044
1202 2041
1245 2035
1286 2028
1327 2016
1366 1999
1403 1980
1440 1961
1481 1945
1517 1926
1558 1912
1595 1894
1631 1872
1666 1848
1692 1816
1716 1781
1735 1742
1753 1705
1774 1666
1792 1626
1805 1586
982 1384
954 1412
923 1438
900 1469
903 1511
935 1535
972 1552
1012 1564
1051 1575
1091 1575
1132 1572
1171 1563
1205 1541
1226 1508
1216 1469
1193 1431
1170 1397
916 1642
945 1627
978 1622
1009 1630
1041 1638
1075 1636
1111 1637
1143 1643
1174 1652
1206 1661
1236 1671
1265 1684
1291 1707
1272 1734
1246 1757
1218 1776
1189 1790
1159 1802
1128 1811
1096 1818
1063 1824
1028 1823
997 1814
970 1794
954 1765
943 1735
932 1705
923 1674
927 1646
954 1652
980 1657
1006 1664
1031 1672
1059 1674
1087 1673
1116 1672
1144 1671
1173 1672
1201 1673
1230 1673
1255 1681
1276 1700
1256 1721
1232 1732
1207 1740
1181 1746
1153 1749
1126 1753
1099 1756
1070 1757
1042 1753
1017 1746
993 1734
972 1714
955 1692
940 1670
1225 1276
1238 1258
1254 1241
1272 1229
1292 1222
1315 1219
1337 1221
1359 1225
1379 1233
1398 1244
1415 1260
1428 1278
1407 1284
1384 1285
1360 1285
1338 1287
1314 1287
1292 1285
1269 1283
1246 1280
1018 1243
1016 1228
1006 1215
993 1203
980 1194
966 1187
950 1184
934 1183
917 1185
903 1191
890 1203
883 1216
891 1230
904 1240
918 1245
934 1247
952 1248
969 1247
985 1246
1002 1247
1131 1106
1165 1077
1204 1064
1247 1059
1292 1060
1334 1066
1375 1076
1413 1094
1447 1120
1480 1152
1506 1186
1490 1212
1455 1188
1418 1167
1379 1154
1338 1145
1294 1142
1248 1142
1204 1143
1160 1140
1025 1137
1026 1112
1010 1091
990 1076
968 1064
945 1055
921 1048
894 1047
871 1056
858 1077
850 1101
845 1126
840 1151
859 1133
879 1115
903 1108
930 1109
954 1114
979 1120
1002 1129
