580 754
583 774
582 795
582 818
584 839
587 859
597 880
606 898
616 917
631 934
645 950
658 965
672 982
685 999
699 1016
713 1033
729 1047
744 1062
761 1075
782 1083
802 1087
823 1087
845 1086
867 1084
887 1075
903 1062
918 1046
930 1027
941 1010
952 992
965 973
979 957
992 939
1004 922
1017 905
1027 887
1035 867
1043 846
1047 826
1050 805
1053 782
770 729
754 740
743 758
742 777
760 785
779 793
797 801
814 811
833 823
853 820
871 810
889 805
911 802
926 792
931 772
920 753
904 741
699 844
720 848
740 853
762 857
783 859
805 861
827 863
850 863
872 862
895 862
918 863
940 863
941 884
931 903
920 921
908 939
893 955
876 968
855 972
833 974
812 970
793 962
776 947
761 931
744 916
728 900
714 883
704 864
706 851
724 855
742 860
760 863
777 869
794 875
812 880
831 883
850 881
869 879
888 878
906 874
924 869
941 865
929 879
914 892
899 905
885 917
869 927
851 932
831 931
814 926
797 919
781 909
766 899
750 890
735 877
720 865
901 634
915 634
926 638
938 642
951 644
964 645
977 646
990 645
1003 644
1016 642
1025 644
1014 649
1001 650
987 651
974 651
961 652
948 651
935 649
923 645
912 640
773 633
766 629
755 631
745 632
734 634
724 635
713 636
702 636
691 636
680 637
670 639
679 643
689 645
700 645
711 644
721 642
732 641
742 639
752 637
762 635
904 600
909 584
925 577
941 572
958 569
975 567
992 564
1009 560
1026 558
1042 562
1056 573
1055 591
1040 598
1021 598
1004 595
986 595
969 598
953 603
937 607
919 608
774 587
761 575
746 569
730 563
715 558
698 555
681 554
663 556
647 560
632 567
618 577
632 588
649 586
665 582
683 581
700 583
716 587
732 592
747 598
764 600
