220 435
222 445
224 457
226 467
229 478
234 487
239 497
245 507
251 516
257 527
264 535
271 543
279 551
287 559
296 567
304 574
312 580
323 585
333 587
344 589
356 590
367 588
378 586
389 584
399 580
409 574
418 569
427 562
436 554
443 546
450 537
458 529
464 519
470 510
476 501
481 491
485 481
489 470
492 460
494 449
495 437
312 417
306 425
300 433
299 443
303 453
312 457
321 461
331 463
342 463
352 461
361 457
371 454
380 449
385 440
384 430
379 421
370 414
296 491
305 490
315 488
324 488
334 488
344 487
354 486
363 485
372 483
382 483
392 482
401 481
400 490
396 498
393 507
389 515
384 523
377 530
369 533
360 536
350 536
340 536
331 533
323 529
316 522
309 515
304 507
301 499
310 494
317 494
324 494
331 494
338 494
345 494
352 493
358 492
365 490
371 489
378 488
385 487
392 487
397 489
392 494
386 497
380 500
375 504
369 507
363 510
357 512
351 514
344 514
337 512
331 511
325 508
319 504
314 499
382 356
384 353
387 352
391 351
394 351
397 350
401 350
404 350
408 351
411 352
414 353
414 355
410 356
407 356
403 356
399 356
396 356
392 356
389 356
385 356
294 359
291 357
287 357
284 356
280 355
276 355
272 355
268 355
264 356
261 358
258 360
261 362
265 363
268 364
272 364
276 364
280 363
284 363
288 363
292 362
349 314
357 309
366 306
376 304
385 301
394 299
404 297
414 297
423 301
431 306
439 313
439 322
428 322
419 320
409 319
399 318
388 319
378 319
367 319
357 318
295 316
290 309
282 305
274 302
265 300
256 301
246 301
239 305
232 311
226 318
222 326
219 333
227 333
236 331
244 328
252 325
261 323
270 322
279 322
288 321
