512 1335
519 1410
526 1496
534 1569
550 1650
572 1729
595 1807
618 1886
649 1961
692 2022
754 2079
818 2129
886 2178
951 2216
1029 2249
1102 2271
1175 2300
1255 2320
1337 2334
1419 2343
1499 2334
1575 2310
1645 2282
1713 2239
1763 2176
1797 2096
1822 2023
1842 1942
1863 1869
1876 1789
1894 1705
1913 1630
1930 1554
1945 1477
1972 1393
1975 1316
1995 1236
2003 1154
2003 1079
1978 998
1939 925
1299 1087
1284 1143
1269 1203
1256 1267
1286 1317
1343 1316
1405 1308
1466 1314
1529 1307
1589 1290
1646 1272
1707 1248
1736 1200
1721 1139
1672 1099
1627 1061
1579 1015
1154 1698
1187 1641
1231 1588
1284 1544
1337 1501
1393 1466
1455 1445
1520 1432
1584 1418
1651 1407
1716 1420
1769 1465
1796 1523
1795 1594
1785 1661
1772 1726
1768 1796
1754 1860
1707 1912
1648 1936
1583 1951
1515 1957
1449 1946
1389 1920
1332 1888
1276 1852
1223 1810
1177 1758
1176 1684
1198 1635
1243 1602
1292 1579
1343 1562
1395 1547
1450 1539
1505 1529
1559 1518
1613 1507
1668 1498
1726 1500
1768 1541
1779 1595
1776 1653
1764 1706
1743 1756
1703 1799
1657 1827
1608 1850
1555 1864
1496 1864
1443 1852
1390 1838
1340 1820
1291 1799
1243 1771
1200 1733
1540 865
1543 838
1557 815
1577 794
1600 780
1624 768
1648 759
1674 753
1703 752
1729 759
1751 774
1760 799
1740 819
1718 836
1696 850
1671 860
1646 868
1620 874
1592 875
1563 876
1140 918
1131 894
1110 879
1087 869
1061 863
1034 862
1006 862
982 869
959 881
939 898
922 919
905 940
933 940
961 940
989 939
1015 942
1042 946
1069 946
1096 943
1121 938
1524 712
1518 675
1545 645
1572 616
1602 590
1632 567
1664 546
1700 538
1739 542
1774 552
1806 571
1828 602
1794 598
1755 596
1718 604
1684 616
1652 634
1622 659
1590 680
1560 703
1207 701
1171 654
1114 639
1056 626
997 615
935 609
874 616
819 637
770 673
731 721
703 774
707 837
749 791
794 746
845 714
902 698
965 695
1028 697
1090 702
1151 711
