329 447
330 461
332 474
333 488
334 502
335 516
338 530
343 543
347 556
354 568
359 581
361 594
366 608
374 619
386 624
398 632
411 634
425 638
439 642
452 642
467 640
480 639
495 638
508 636
521 632
534 626
546 618
556 609
566 600
576 591
587 581
596 571
604 559
610 547
617 534
622 521
626 508
629 494
630 480
632 467
634 453
393 421
388 430
382 438
377 448
376 458
384 466
394 467
405 470
415 472
426 474
437 474
447 471
457 466
459 456
455 446
451 437
446 426
371 505
375 497
384 494
394 492
403 494
413 495
423 495
432 497
441 500
451 502
460 504
468 508
477 510
478 520
470 526
462 532
454 536
446 541
437 544
428 546
419 548
409 549
399 549
390 546
382 541
376 533
374 524
373 514
374 511
381 510
388 511
395 511
402 511
409 512
416 511
423 512
430 512
437 512
444 513
451 513
458 514
465 514
463 519
456 521
450 523
443 524
437 526
430 527
424 528
417 528
410 529
402 529
396 527
390 524
385 520
380 514
465 386
469 381
474 377
479 375
485 372
490 371
497 371
503 372
508 374
513 377
518 381
520 387
514 389
508 389
502 390
496 390
489 390
483 390
477 389
471 388
410 380
408 375
403 372
399 369
393 368
387 368
381 369
376 370
371 372
366 375
362 380
366 384
371 387
376 389
382 390
387 391
393 391
399 391
405 390
409 386
468 338
473 329
483 327
494 328
504 330
515 332
524 335
533 341
541 347
550 354
557 362
554 370
545 365
536 360
527 356
517 354
506 352
496 351
486 348
476 345
391 334
387 329
382 326
375 325
369 326
363 328
358 332
354 337
351 343
350 349
348 355
350 362
354 358
355 351
358 346
363 342
370 341
377 341
383 340
389 339
