51 2792
58 2887
71 2991
98 3086
134 3182
171 3276
209 3370
245 3464
283 3557
332 3652
399 3721
460 3803
545 3863
634 3896
731 3935
824 3972
918 4025
1003 4064
1099 4099
1197 4140
1290 4172
1395 4170
1492 4174
1581 4127
1663 4068
1746 4014
1831 3956
1916 3894
1994 3828
2079 3767
2154 3713
2233 3638
2278 3549
2318 3458
2356 3365
2389 3269
2423 3168
2455 3071
2489 2978
2527 2887
2559 2785
1333 2921
1323 3001
1245 3042
1193 3113
1175 3202
1202 3281
1290 3300
1384 3289
1469 3299
1560 3309
1652 3319
1741 3330
1818 3295
1840 3209
1817 3118
1760 3051
1757 2964
1124 3666
1170 3642
1216 3621
1262 3600
1308 3577
1352 3549
1395 3520
1442 3500
1491 3513
1542 3525
1591 3512
1638 3531
1679 3568
1710 3610
1732 3656
1718 3705
1678 3744
1640 3784
1594 3806
1546 3824
1496 3834
1441 3836
1389 3828
1340 3813
1294 3793
1250 3766
1209 3731
1166 3699
1130 3670
1172 3643
1216 3621
1260 3601
1304 3579
1346 3553
1391 3533
1444 3535
1497 3537
1545 3526
1596 3520
1637 3549
1677 3583
1709 3623
1717 3672
1702 3718
1666 3757
1626 3790
1582 3811
1536 3826
1487 3835
1433 3834
1383 3826
1337 3812
1292 3792
1250 3766
1211 3732
1170 3702
1862 2702
1888 2662
1927 2632
1969 2611
2014 2598
2060 2586
2108 2578
2159 2577
2208 2583
2251 2601
2278 2641
2247 2679
2211 2715
2172 2747
2131 2770
2084 2780
2034 2777
1988 2766
1944 2749
1903 2725
1173 2662
1174 2609
1136 2572
1092 2553
1047 2538
999 2526
947 2523
895 2522
844 2525
797 2539
754 2560
791 2597
826 2636
864 2671
905 2698
951 2714
999 2723
1049 2730
1097 2722
1141 2701
1924 2449
1955 2388
2012 2346
2073 2315
2135 2287
2198 2264
2264 2245
2328 2222
2394 2203
2465 2211
2506 2267
2525 2333
2478 2388
2410 2401
2337 2398
2265 2405
2202 2428
2138 2450
2068 2461
1996 2454
1339 2401
1308 2320
1233 2271
1153 2235
1070 2206
983 2184
895 2167
807 2149
711 2146
629 2177
567 2248
532 2328
628 2330
723 2334
820 2334
913 2342
1003 2356
1091 2375
1175 2401
1257 2431
