385 512
385 528
385 544
385 561
386 577
387 595
388 610
389 628
391 644
397 660
407 672
421 682
434 691
448 702
459 715
473 724
487 733
501 742
514 751
530 757
546 760
562 760
580 759
596 757
612 752
627 745
640 736
653 725
666 715
682 708
697 702
711 693
723 681
731 666
737 652
743 636
748 620
753 603
757 588
760 571
763 554
558 507
548 515
540 525
535 537
540 548
550 556
563 561
574 566
586 571
599 571
612 570
626 569
637 564
646 555
646 541
640 530
635 518
500 610
511 605
523 603
535 602
547 601
560 601
572 603
585 604
597 605
609 607
620 610
631 615
641 621
650 629
644 639
635 647
625 653
614 658
603 662
591 663
578 661
567 658
556 654
546 649
535 643
526 636
516 628
507 619
500 610
511 608
523 609
534 609
545 611
556 612
567 614
577 616
588 617
600 618
611 619
621 621
632 623
641 628
644 637
635 641
624 643
613 643
601 643
590 642
579 640
568 639
558 637
547 634
538 631
528 627
518 622
509 617
651 466
656 464
661 461
666 458
671 457
677 457
683 457
689 459
694 461
698 464
703 468
701 473
695 474
690 475
683 475
678 474
672 473
666 472
661 471
656 469
540 452
535 448
530 444
524 440
518 438
512 437
505 437
499 438
492 440
487 442
481 445
486 450
491 453
498 454
504 456
510 456
517 457
524 457
531 457
538 457
639 426
643 414
653 408
666 407
680 407
693 406
706 408
718 411
729 417
740 424
748 434
749 446
737 444
726 439
715 433
703 429
690 428
677 429
663 430
650 430
575 412
563 401
550 394
537 389
522 386
507 385
492 386
477 389
464 395
452 403
442 414
457 415
471 409
484 404
499 403
514 406
527 411
541 416
554 421
569 423
