396 479
396 495
393 511
391 528
390 545
390 562
390 579
390 597
392 613
396 631
401 647
406 663
413 678
422 692
435 704
448 714
463 722
479 730
493 736
510 742
527 744
544 747
560 750
579 748
595 745
610 737
625 728
639 721
652 711
666 700
679 688
688 675
698 659
706 645
712 629
717 612
722 596
727 580
729 563
735 547
741 531
520 494
513 505
502 512
492 522
492 535
501 545
511 554
524 558
537 560
551 561
565 560
578 561
590 558
597 546
596 533
588 521
587 508
446 590
458 582
473 581
488 578
502 580
516 583
530 587
544 589
559 591
573 594
586 600
598 608
611 613
622 623
612 635
601 644
589 652
575 657
561 659
546 659
531 657
516 655
503 651
490 645
478 637
467 627
457 616
450 603
455 590
467 590
478 591
489 594
499 598
509 602
520 606
531 608
542 609
553 612
564 614
575 616
586 619
597 621
598 631
588 635
576 636
564 637
552 637
540 637
529 637
517 635
507 631
497 627
487 622
478 615
468 608
460 600
615 466
621 461
626 456
632 453
639 451
646 452
653 454
659 458
665 462
669 468
673 474
675 481
669 483
661 483
654 482
647 481
640 480
633 478
627 474
621 470
514 446
513 439
508 433
503 428
497 424
491 421
484 419
477 418
470 420
464 422
458 426
453 432
459 437
465 440
471 443
478 444
486 445
493 443
500 444
507 445
612 423
619 414
630 412
642 411
653 412
665 413
676 415
687 418
696 423
705 431
711 440
708 449
698 444
689 438
678 434
668 431
657 429
645 428
633 429
621 429
518 401
511 394
503 388
494 384
485 380
475 377
465 375
455 376
445 378
436 382
427 386
435 394
445 393
454 390
465 390
475 393
484 397
493 401
502 404
512 406
