206 500
210 514
212 528
213 542
215 557
217 571
221 586
224 600
229 614
236 626
244 639
254 649
268 656
282 662
294 667
309 673
322 677
336 682
349 687
365 688
379 688
394 689
408 686
423 683
437 679
450 674
462 667
476 659
489 651
501 644
512 634
521 622
528 610
536 597
542 584
549 571
554 557
558 543
560 528
562 514
565 499
326 477
320 485
314 494
310 506
316 515
326 519
338 518
349 519
360 520
371 520
383 520
394 520
405 516
408 506
405 495
400 485
394 475
293 579
302 572
311 565
320 558
330 553
342 552
353 554
364 553
376 553
387 557
397 561
407 566
417 571
427 574
437 577
427 582
417 587
408 593
398 598
387 601
377 605
365 607
354 606
343 604
332 601
322 596
312 590
303 584
308 578
315 575
321 573
328 572
335 571
343 569
350 569
358 569
365 568
373 569
380 570
387 571
394 572
401 574
408 575
406 577
398 578
390 578
383 577
375 578
368 578
360 579
353 579
345 579
338 579
330 578
323 578
316 579
410 440
414 433
419 427
425 422
432 418
440 417
448 417
455 420
461 423
468 427
474 433
477 439
471 443
464 445
456 446
448 446
440 446
432 445
424 444
417 442
321 439
319 432
314 426
308 421
301 419
292 419
284 418
276 420
269 423
263 428
257 434
252 440
259 442
266 444
274 446
282 446
290 447
299 446
307 446
314 445
397 379
405 368
418 366
432 367
445 368
458 370
471 372
483 377
494 384
503 394
510 405
507 413
497 405
486 398
474 394
461 391
448 390
435 388
421 386
409 384
314 380
308 370
296 367
283 367
271 369
259 371
247 375
237 381
229 391
223 402
221 414
223 426
228 416
233 405
242 396
253 390
265 387
277 386
290 385
303 384
