188 330
188 348
189 365
189 383
193 401
197 421
202 437
206 456
215 472
227 486
237 500
251 514
263 528
275 541
289 554
302 566
315 578
330 590
347 596
365 598
383 595
400 589
416 580
430 568
444 556
456 542
471 530
484 519
497 506
509 491
519 476
529 459
533 442
537 424
541 406
544 389
547 370
549 352
550 334
550 315
551 296
324 391
316 405
306 419
299 434
297 450
310 460
327 464
344 466
359 468
376 467
393 465
410 461
419 448
417 432
410 416
405 399
398 383
274 492
289 493
305 493
319 494
334 495
349 496
363 498
378 496
393 495
408 495
422 493
437 495
441 508
433 520
424 531
414 542
403 553
392 561
379 567
366 571
351 570
337 566
325 560
313 551
302 541
294 529
288 517
281 505
282 500
294 501
304 504
315 507
325 511
336 514
347 515
359 515
370 514
381 511
392 509
403 507
414 504
425 502
422 510
413 516
403 522
394 528
384 532
374 536
362 536
351 535
340 532
329 529
319 525
310 520
301 513
292 506
412 345
415 337
422 331
429 327
437 323
445 321
454 320
462 321
470 324
477 328
484 333
485 341
478 346
470 349
462 352
454 353
444 353
436 352
428 350
420 347
301 338
295 332
289 327
282 324
275 322
267 320
259 320
251 321
244 323
237 326
230 329
236 335
242 341
249 344
256 346
264 347
273 346
280 345
288 344
296 343
394 302
398 289
409 280
421 274
434 269
448 267
463 265
478 265
491 268
504 275
514 286
518 299
504 297
491 291
478 288
463 288
449 291
435 294
422 297
409 302
317 302
316 289
306 281
296 275
285 270
273 268
260 267
247 267
236 271
226 278
217 287
212 298
225 298
235 292
247 288
260 288
272 291
283 295
294 299
305 304
