828 338
824 373
822 408
822 442
821 478
827 512
834 546
843 583
852 616
864 650
880 680
894 714
909 744
929 774
943 808
960 836
976 870
992 902
1016 926
1044 948
1075 966
1109 977
1143 977
1178 970
1211 958
1241 941
1272 921
1303 905
1334 890
1363 870
1388 845
1416 822
1441 800
1469 775
1495 751
1516 725
1538 697
1562 668
1583 640
1601 611
1620 578
1117 374
1101 405
1082 434
1072 466
1077 502
1099 527
1130 541
1164 555
1197 566
1234 570
1270 574
1302 569
1325 543
1332 506
1329 471
1324 437
1314 401
1008 707
1023 678
1048 654
1076 639
1109 636
1140 646
1168 660
1199 669
1232 673
1261 686
1277 714
1284 746
1282 780
1278 813
1266 843
1249 870
1224 895
1197 912
1167 922
1134 927
1100 924
1070 914
1043 894
1026 866
1015 837
1007 805
1002 773
1001 739
1020 698
1036 674
1061 661
1091 659
1118 667
1143 679
1170 688
1199 693
1228 697
1251 714
1266 739
1276 765
1276 796
1268 824
1255 849
1236 872
1213 890
1187 902
1158 906
1128 904
1099 899
1073 888
1051 866
1038 841
1029 814
1022 787
1018 757
1016 727
1370 302
1376 281
1388 263
1406 248
1426 239
1448 237
1470 241
1490 250
1509 260
1526 275
1542 292
1555 310
1537 323
1517 331
1496 336
1472 337
1450 334
1429 329
1408 322
1388 315
1142 244
1139 223
1135 202
1126 183
1114 165
1097 151
1077 144
1055 142
1034 145
1014 152
996 163
981 179
991 198
1004 215
1020 231
1039 241
1058 249
1079 254
1101 255
1124 255
1391 138
1423 140
1452 147
1482 152
1511 158
1541 164
1569 174
1595 186
1621 202
1640 226
1649 254
1625 264
1599 247
1573 233
1547 219
1519 209
1489 204
1463 191
1435 181
1410 162
1154 104
1157 85
1132 72
1107 61
1080 54
1052 51
1022 51
994 54
966 59
938 64
914 75
897 98
920 112
950 113
978 109
1007 106
1036 104
1065 102
1095 101
1124 102
