286 658
290 686
293 714
298 744
305 772
315 803
325 830
337 856
354 882
369 905
388 928
405 953
424 974
447 994
468 1017
489 1038
513 1054
539 1064
571 1069
599 1072
627 1064
656 1065
685 1059
714 1049
741 1038
768 1025
791 1008
813 987
831 962
847 937
866 914
883 890
903 868
918 845
926 815
939 788
947 762
946 730
945 701
946 673
947 641
515 492
504 519
490 548
483 576
507 596
534 606
567 610
597 611
628 613
660 615
689 618
720 617
749 604
766 581
754 551
734 527
716 502
395 708
426 689
459 676
492 665
528 659
566 660
604 658
642 656
680 655
718 656
755 661
789 671
822 683
847 710
826 740
798 766
769 787
737 803
704 815
672 830
637 839
600 842
562 841
526 834
495 818
466 794
440 766
415 738
426 716
452 707
482 703
511 706
541 708
571 709
600 714
629 716
659 713
687 709
716 705
746 703
777 703
803 712
796 737
773 756
748 767
721 775
693 781
664 785
635 789
606 792
576 790
548 784
521 776
495 767
469 756
445 739
714 371
726 363
740 359
754 357
769 354
784 354
800 355
814 358
826 365
838 375
842 388
829 393
815 398
801 401
786 403
771 404
756 402
742 397
729 392
717 385
499 393
489 386
477 382
465 380
452 379
439 381
427 384
416 388
405 393
394 400
385 410
396 414
409 416
422 417
435 417
448 416
461 415
473 412
485 409
497 405
638 286
647 260
672 250
699 244
728 240
757 239
786 242
813 247
841 252
868 259
892 270
889 296
860 299
831 296
802 296
773 299
745 302
716 305
688 308
659 306
542 312
530 288
503 280
474 275
444 272
413 275
384 280
358 291
335 310
318 335
306 361
298 388
322 373
345 351
368 332
395 321
424 316
455 316
485 319
516 321
