443 619
445 637
449 654
454 671
462 688
471 704
481 720
491 735
501 750
513 764
525 777
537 791
553 801
565 813
580 824
593 837
608 846
627 850
645 848
662 843
682 840
699 837
717 833
734 827
752 820
767 812
782 802
797 790
811 778
820 763
827 746
832 728
837 710
840 693
839 673
839 656
838 637
838 620
838 600
840 583
837 564
542 583
540 599
534 615
528 631
533 648
547 659
562 665
579 664
595 658
613 654
629 650
645 641
657 630
655 613
643 600
630 589
616 578
526 699
541 694
558 691
574 687
591 685
607 683
624 681
642 680
659 682
676 682
694 683
711 685
723 696
717 711
708 725
696 738
683 749
669 757
654 764
639 769
623 773
606 775
589 774
575 767
562 754
552 741
542 727
533 713
537 708
551 709
564 706
577 709
591 707
604 705
616 702
630 701
642 696
655 695
668 693
682 691
695 690
709 691
701 701
690 709
679 716
668 721
656 726
643 729
631 732
619 737
606 740
592 740
579 738
567 734
556 727
548 717
646 522
650 515
656 509
663 504
671 501
678 498
687 497
695 498
704 498
712 500
718 505
721 513
713 515
705 515
696 516
688 517
679 518
671 518
662 517
654 520
532 530
529 524
525 518
519 515
513 513
507 511
500 511
493 512
487 514
482 518
476 523
473 529
478 533
484 534
492 534
499 534
505 534
512 532
518 530
525 529
614 454
624 442
638 436
653 432
668 429
683 426
699 425
715 426
729 430
743 437
755 446
755 458
740 456
725 453
709 451
693 450
677 452
661 454
645 455
629 456
518 461
511 456
504 450
495 448
486 447
476 446
467 447
459 449
451 454
444 461
440 468
447 473
456 471
464 468
473 467
483 467
491 469
500 472
508 474
516 470
