63 630
67 663
79 697
96 730
108 764
119 797
131 830
146 865
162 896
188 921
214 946
239 969
269 991
301 1010
332 1024
368 1035
400 1044
436 1054
472 1061
508 1065
542 1068
579 1063
611 1047
638 1024
665 1000
691 978
721 954
743 929
767 900
788 873
810 842
827 812
839 776
846 742
847 706
847 671
848 636
852 600
857 564
860 528
860 490
412 591
403 619
389 645
373 674
371 703
388 727
420 733
448 732
481 732
512 728
541 726
572 715
590 692
591 662
577 634
560 609
542 584
368 843
387 837
405 830
424 825
443 818
462 813
483 814
503 810
522 805
544 805
564 809
583 813
604 816
624 820
620 839
604 853
588 866
571 878
554 890
536 897
516 901
495 900
474 897
455 892
437 885
419 875
402 864
386 852
426 833
437 829
449 826
462 825
475 824
488 824
501 824
514 823
527 823
540 822
553 821
566 820
579 818
592 817
596 818
583 820
571 822
559 825
547 828
536 832
524 836
512 839
500 841
487 841
474 838
463 835
451 832
438 831
559 474
563 459
573 447
586 438
600 432
615 428
631 426
647 427
662 431
676 436
689 445
698 458
684 464
670 469
656 473
639 475
623 476
607 475
590 475
574 476
348 483
337 476
325 470
312 467
298 465
284 465
270 468
258 474
246 481
235 489
224 498
236 505
249 509
263 510
277 509
290 506
303 502
317 500
331 498
344 495
502 380
508 348
534 328
568 324
603 324
637 322
671 321
705 322
736 330
765 344
791 366
794 393
762 387
731 379
698 374
663 376
632 382
600 389
566 391
532 390
366 386
349 372
329 367
307 367
284 367
263 369
244 376
226 387
209 400
193 415
177 431
197 435
216 427
234 419
256 417
278 418
300 416
321 413
343 412
363 406
