224 1149
240 1194
251 1239
261 1285
266 1334
266 1380
274 1429
283 1473
304 1519
327 1562
353 1600
386 1634
425 1665
455 1698
482 1741
510 1777
552 1802
599 1818
643 1828
691 1831
739 1825
784 1807
824 1784
864 1755
908 1734
946 1707
981 1673
1011 1640
1040 1598
1065 1560
1087 1514
1108 1471
1126 1431
1142 1385
1156 1340
1170 1290
1176 1243
1184 1198
1193 1151
1196 1103
1198 1052
538 1212
535 1242
513 1267
501 1295
505 1328
528 1352
558 1361
592 1364
620 1353
652 1343
685 1348
717 1350
740 1330
742 1296
729 1267
709 1240
691 1212
440 1555
450 1531
473 1518
498 1509
521 1497
544 1485
572 1483
598 1488
625 1486
650 1478
676 1482
700 1491
724 1501
748 1510
772 1519
776 1538
750 1544
726 1552
701 1560
674 1565
647 1567
619 1568
591 1566
564 1562
537 1558
513 1549
489 1539
461 1538
476 1520
495 1511
516 1506
539 1506
561 1509
584 1510
606 1513
627 1518
650 1516
671 1512
694 1510
716 1511
738 1515
758 1521
778 1528
759 1523
738 1517
717 1513
694 1512
673 1516
651 1519
628 1519
606 1517
584 1513
562 1510
540 1507
518 1510
498 1516
737 1015
747 997
762 983
779 973
798 967
818 965
839 964
860 963
881 965
900 969
919 975
914 994
899 1008
881 1016
861 1020
841 1022
820 1022
799 1021
778 1018
758 1015
490 1006
474 994
457 984
438 978
417 977
397 980
379 989
361 996
342 1001
324 1008
308 1021
326 1028
344 1034
365 1037
386 1036
406 1033
425 1027
445 1023
466 1023
487 1023
644 962
656 931
684 910
715 897
749 892
785 892
820 897
854 902
890 905
924 910
955 922
954 951
918 954
881 954
845 954
809 956
773 958
738 962
704 968
673 980
502 971
488 944
460 933
431 924
400 917
369 913
336 911
304 914
275 924
248 938
225 962
214 990
245 995
278 995
311 993
343 990
375 987
408 984
441 984
474 985
