238 353
241 367
244 381
246 395
247 410
251 424
256 439
261 452
266 466
274 478
282 491
292 502
300 514
310 525
321 534
332 546
342 556
354 564
366 572
381 574
396 574
410 572
424 570
439 564
452 557
465 549
476 540
486 529
496 518
506 510
518 498
528 488
535 476
542 462
548 449
554 435
560 422
565 408
570 395
574 380
578 365
370 368
367 379
359 390
356 401
361 413
374 413
388 417
395 426
408 428
419 422
432 417
443 422
454 416
454 403
447 392
439 382
435 369
337 461
345 458
353 456
362 454
370 452
379 451
388 451
397 453
405 456
414 455
423 455
431 458
439 462
447 466
454 472
447 478
439 479
430 480
421 481
412 482
403 482
394 481
385 480
376 478
368 476
360 474
352 470
344 467
339 462
346 459
355 459
363 458
372 458
381 458
388 461
395 464
403 466
412 465
420 464
428 465
436 468
443 472
450 475
443 478
435 479
427 480
418 481
410 480
401 479
393 477
385 476
377 475
369 473
361 471
354 467
347 464
457 322
463 319
468 314
473 311
480 310
486 309
493 310
499 311
505 314
511 317
516 320
516 327
510 328
503 328
496 328
489 328
483 327
476 326
470 325
463 324
360 314
359 308
355 304
350 300
344 298
339 296
332 295
326 295
320 297
315 299
310 302
305 307
310 309
316 311
322 313
328 313
334 314
341 314
347 314
354 314
467 265
477 263
487 261
497 260
508 259
519 259
529 260
538 264
547 270
555 277
562 285
554 288
545 283
536 278
527 275
516 274
505 276
495 275
484 274
473 274
364 266
355 259
346 254
336 251
325 250
314 249
303 251
292 253
283 258
274 264
267 273
278 272
287 268
297 265
308 263
320 263
331 264
341 267
351 270
361 274
