13 236
14 264
15 292
19 323
23 350
30 381
39 408
49 433
62 463
76 486
90 511
104 540
120 562
139 585
157 607
175 633
191 655
211 675
236 692
265 704
292 710
322 709
352 706
379 697
406 684
429 668
453 649
476 633
501 616
522 598
542 578
564 557
585 536
604 515
623 490
640 466
653 441
667 414
681 389
692 364
702 333
300 280
290 301
267 315
256 340
254 365
273 387
294 400
314 420
338 432
365 428
391 421
417 417
439 403
450 378
442 354
428 330
421 302
184 494
206 491
227 486
248 481
271 479
291 484
311 492
333 496
355 494
376 500
395 509
414 519
433 530
451 540
437 558
420 574
402 587
383 596
361 599
338 599
315 597
293 595
273 588
254 578
236 565
219 549
206 531
196 512
205 499
221 504
236 509
252 515
267 521
282 527
298 532
314 536
332 537
350 537
367 538
384 540
401 543
419 544
436 543
420 542
402 541
385 539
368 537
350 536
333 535
315 534
298 532
283 526
268 520
252 514
237 508
222 503
481 167
494 153
508 142
524 134
540 129
558 126
575 130
590 139
604 150
618 164
628 178
633 194
616 197
598 200
579 201
562 198
545 194
528 189
512 181
497 174
303 138
297 121
288 106
278 91
265 77
250 67
232 63
213 62
195 66
179 72
164 81
150 94
163 108
177 119
193 126
210 131
229 133
248 134
267 133
285 135
489 81
499 57
520 39
544 30
573 30
598 36
625 40
650 47
673 60
694 78
710 99
718 124
697 107
675 91
651 82
623 81
596 85
570 90
542 91
515 87
329 36
318 13
296 0
272 -5
245 -7
219 -10
194 -14
168 -18
141 -17
117 -11
93 -4
120 -5
146 -3
170 2
194 11
216 23
238 34
261 44
284 52
310 55
