483 656
485 676
492 695
498 713
503 735
507 755
515 773
524 790
535 808
547 825
559 842
573 856
586 870
598 889
611 905
626 916
646 923
667 925
686 922
704 914
725 906
743 898
760 887
776 875
793 863
809 850
827 839
844 828
859 816
874 801
886 784
895 767
903 748
910 728
916 709
917 688
914 669
911 648
909 627
906 608
903 587
580 645
574 660
566 677
561 692
565 709
576 723
591 734
607 737
626 736
643 733
660 728
674 719
685 706
689 689
684 672
675 657
669 639
549 772
562 767
576 769
590 773
604 778
617 781
631 784
646 784
660 780
675 778
689 775
703 772
717 769
732 768
730 780
717 787
705 793
692 800
680 807
667 812
653 816
638 816
623 814
610 809
598 803
585 795
573 787
561 780
550 771
563 772
575 775
588 777
600 780
613 783
625 785
639 786
652 785
665 783
678 781
690 779
703 777
716 775
721 779
710 784
698 788
686 791
673 793
660 794
647 796
634 797
621 795
608 792
596 789
584 785
572 782
561 777
703 555
706 545
715 538
725 533
735 530
747 530
758 531
769 534
779 536
789 541
798 548
796 559
786 563
776 567
766 570
754 571
743 570
732 569
721 567
711 563
572 567
573 561
565 557
558 554
550 551
542 549
534 547
525 546
517 546
509 548
502 553
499 560
505 566
513 570
521 572
529 571
538 570
547 569
555 568
564 568
652 528
660 511
676 500
693 492
711 486
729 480
746 473
764 468
784 468
802 475
815 490
814 507
796 503
777 499
757 500
739 505
722 512
705 520
688 528
670 533
589 535
585 522
574 512
562 505
549 501
535 497
522 494
509 489
495 486
480 487
467 489
471 502
483 511
496 514
509 519
522 523
535 527
548 532
562 535
575 538
