677 974
689 1002
702 1030
715 1057
730 1087
744 1113
757 1141
769 1171
784 1200
800 1225
820 1249
842 1272
865 1293
888 1313
913 1332
938 1350
965 1367
993 1379
1026 1385
1056 1387
1088 1382
1119 1380
1148 1373
1178 1364
1206 1351
1232 1332
1251 1307
1268 1281
1285 1255
1302 1228
1317 1201
1326 1171
1334 1140
1337 1110
1339 1078
1341 1048
1342 1015
1345 984
1348 953
1350 921
1350 890
1019 930
1007 950
997 970
989 992
990 1016
1003 1034
1025 1044
1048 1042
1070 1033
1095 1031
1118 1028
1141 1027
1156 1009
1161 986
1156 964
1142 945
1127 925
951 1175
968 1162
986 1151
1004 1140
1023 1132
1042 1124
1061 1116
1083 1115
1105 1112
1127 1111
1148 1115
1168 1120
1189 1125
1208 1134
1207 1156
1194 1173
1182 1191
1165 1205
1146 1213
1126 1218
1105 1223
1085 1228
1063 1231
1042 1228
1021 1224
1003 1215
985 1204
967 1191
969 1178
984 1173
999 1168
1014 1163
1029 1157
1044 1153
1059 1149
1075 1146
1091 1142
1107 1141
1124 1139
1140 1137
1158 1137
1174 1138
1189 1144
1179 1154
1165 1161
1149 1164
1134 1168
1118 1171
1102 1175
1086 1177
1069 1179
1053 1177
1036 1177
1019 1179
1003 1181
986 1180
1128 829
1139 818
1151 807
1162 796
1175 786
1187 778
1201 772
1216 769
1231 772
1244 778
1257 787
1262 801
1249 810
1235 815
1221 819
1205 820
1190 821
1174 824
1158 824
1143 827
945 842
933 835
921 829
908 824
894 821
879 821
865 823
852 829
840 836
829 845
820 857
832 864
846 868
860 869
875 868
889 866
903 862
916 859
930 856
945 855
1105 770
1112 748
1129 730
1149 717
1170 707
1192 700
1214 694
1238 691
1263 692
1284 701
1298 719
1305 741
1288 751
1268 741
1243 740
1218 742
1194 744
1170 748
1149 756
1128 765
995 781
979 754
949 746
916 743
883 740
850 739
817 741
788 752
761 769
741 794
731 823
728 856
752 837
777 815
805 800
834 791
866 786
900 786
933 788
966 791
