1047 1561
1061 1608
1072 1657
1081 1705
1092 1756
1105 1802
1125 1848
1149 1896
1173 1940
1198 1984
1226 2025
1257 2064
1288 2101
1325 2135
1364 2172
1399 2204
1441 2232
1488 2250
1535 2256
1589 2258
1640 2253
1688 2240
1731 2222
1776 2192
1815 2164
1852 2126
1883 2091
1916 2049
1942 2007
1965 1961
1987 1921
2012 1878
2034 1831
2055 1785
2072 1735
2084 1690
2092 1639
2100 1589
2107 1537
2114 1487
2117 1437
1487 1501
1471 1537
1455 1574
1439 1608
1444 1649
1481 1654
1515 1675
1552 1695
1590 1703
1629 1692
1667 1679
1700 1660
1731 1633
1725 1596
1700 1564
1681 1530
1663 1490
1331 1840
1365 1830
1402 1835
1437 1843
1474 1846
1513 1848
1550 1852
1588 1853
1625 1848
1663 1847
1702 1847
1739 1842
1774 1833
1811 1829
1805 1857
1774 1876
1742 1891
1709 1905
1676 1917
1641 1925
1604 1929
1565 1929
1527 1925
1492 1919
1458 1908
1426 1893
1396 1871
1368 1845
1388 1839
1418 1843
1447 1848
1476 1854
1503 1862
1531 1871
1558 1879
1588 1883
1617 1878
1645 1871
1673 1864
1702 1859
1731 1853
1759 1846
1786 1840
1759 1847
1730 1854
1702 1861
1673 1866
1644 1872
1616 1879
1587 1884
1557 1881
1529 1874
1502 1866
1473 1860
1444 1854
1416 1847
1714 1257
1728 1234
1746 1213
1766 1192
1787 1173
1810 1158
1834 1149
1861 1145
1889 1148
1913 1159
1929 1181
1933 1208
1926 1234
1907 1255
1881 1262
1853 1265
1825 1264
1798 1259
1770 1257
1741 1259
1413 1244
1397 1221
1379 1199
1356 1182
1332 1170
1304 1165
1275 1166
1248 1171
1223 1182
1200 1199
1181 1221
1190 1246
1212 1264
1238 1274
1265 1279
1295 1279
1323 1276
1351 1273
1381 1272
1411 1272
1666 1124
1682 1083
1717 1049
1757 1030
1802 1021
1849 1017
1896 1020
1943 1026
1984 1043
2021 1070
2050 1107
2055 1151
2019 1122
1980 1098
1938 1085
1890 1082
1843 1084
1797 1090
1753 1101
1712 1119
1400 1096
1369 1075
1334 1067
1295 1064
1256 1064
1218 1062
1180 1067
1146 1079
1114 1096
1085 1120
1061 1149
1098 1143
1133 1134
1168 1125
1205 1119
1243 1115
1281 1113
1320 1116
1355 1124
1393 1128
