15 1002
27 1038
39 1076
54 1109
71 1143
86 1178
102 1216
118 1253
134 1288
145 1324
156 1359
173 1397
192 1429
216 1461
246 1485
280 1506
311 1525
349 1539
385 1549
423 1558
462 1563
498 1563
539 1556
577 1550
614 1537
647 1516
664 1484
686 1450
698 1414
711 1379
725 1343
732 1303
735 1264
742 1226
750 1187
763 1151
771 1113
781 1078
795 1040
805 1003
804 962
432 977
420 1001
406 1028
403 1058
419 1081
446 1094
472 1102
503 1103
532 1100
559 1092
585 1077
601 1052
629 1043
638 1016
629 991
607 969
586 947
410 1278
429 1251
457 1234
485 1219
512 1201
540 1185
569 1173
597 1158
630 1152
655 1175
667 1204
677 1234
690 1263
704 1292
715 1321
718 1355
713 1387
698 1416
673 1437
643 1449
611 1444
582 1431
554 1416
526 1399
501 1377
475 1354
450 1331
427 1305
420 1282
439 1262
461 1247
483 1231
505 1216
529 1204
554 1197
579 1190
602 1177
625 1190
643 1211
658 1233
670 1256
681 1280
692 1304
702 1328
697 1354
681 1376
659 1390
632 1385
609 1374
586 1361
563 1347
540 1335
516 1325
490 1319
465 1311
442 1299
591 821
604 810
616 797
627 785
639 773
653 765
668 761
685 762
700 767
714 774
724 787
728 802
722 816
707 820
691 823
675 824
658 823
642 820
625 821
608 821
364 817
356 799
344 782
328 767
310 759
289 756
268 758
248 763
231 773
215 787
201 803
190 820
208 828
227 835
247 839
268 841
290 842
311 840
332 837
352 834
580 757
595 735
617 721
640 710
664 703
688 693
713 687
740 685
765 691
787 705
792 731
787 756
778 732
757 717
730 718
705 724
678 728
652 732
629 741
606 754
402 738
385 705
352 689
318 677
281 671
241 670
205 678
170 688
137 703
108 729
93 762
83 798
115 780
145 756
177 739
213 731
252 728
291 727
328 735
364 742
