506 676
504 692
503 711
504 730
507 748
511 766
515 784
519 802
524 820
530 838
538 855
546 869
557 884
572 897
587 906
603 914
622 920
640 924
658 926
676 928
695 929
713 931
730 934
748 937
767 938
785 937
804 933
819 925
834 913
847 900
857 885
867 869
875 852
881 834
885 818
890 800
895 782
899 763
902 745
904 727
906 708
702 653
695 666
689 678
685 691
687 706
699 714
714 717
729 717
742 718
757 721
771 723
786 725
800 724
808 712
809 697
805 683
797 670
670 797
677 787
684 777
694 771
705 765
715 760
727 756
740 756
752 758
765 758
776 761
787 766
796 774
805 784
811 794
815 805
806 814
796 820
785 824
773 826
760 827
747 827
735 825
725 820
714 815
703 811
693 804
682 799
672 795
682 794
691 791
700 788
710 787
720 786
730 786
741 786
751 786
762 786
772 786
781 788
790 792
799 796
804 797
796 791
787 787
778 784
769 782
758 781
748 782
738 783
728 783
718 782
708 782
698 784
689 787
680 791
793 610
800 606
807 602
815 599
823 598
832 597
841 598
849 600
856 603
863 609
868 616
863 623
856 626
847 627
839 628
830 627
822 625
814 622
807 619
800 615
691 593
686 585
678 579
670 573
661 569
652 568
641 568
632 570
623 575
615 580
607 586
613 594
621 599
629 603
639 605
648 607
659 607
669 606
678 604
688 602
780 522
788 511
799 500
811 495
826 495
839 500
851 506
862 516
871 527
879 539
887 550
898 561
884 559
872 553
860 545
849 536
838 528
825 523
810 523
795 523
721 504
716 487
700 478
681 475
662 474
642 475
625 480
609 489
593 500
578 513
568 529
563 546
579 538
594 526
610 516
627 510
645 506
665 504
684 506
703 509
