368 374
368 391
370 408
372 426
373 444
374 462
375 479
377 497
381 513
388 531
397 545
410 557
422 569
439 576
457 576
474 576
492 575
509 574
527 573
544 570
562 568
580 564
597 559
614 555
630 551
647 547
664 543
681 538
697 530
711 518
721 504
728 488
733 470
734 452
733 436
734 419
735 401
737 383
739 366
740 348
739 329
430 336
430 347
431 360
433 373
435 385
444 393
456 396
466 388
477 384
489 387
502 391
514 392
525 387
529 376
529 363
526 351
521 339
425 460
428 452
432 444
437 436
442 429
450 424
460 424
469 425
477 421
486 422
494 426
501 431
509 436
517 440
525 444
533 448
529 454
520 456
511 458
502 460
494 462
486 465
477 468
468 469
459 470
450 469
442 466
434 462
434 452
439 450
444 447
449 444
455 443
461 442
467 441
472 440
478 440
484 440
490 441
497 441
503 441
508 443
514 445
510 446
504 445
499 444
492 444
486 444
480 445
475 445
468 446
462 446
456 447
451 448
445 449
440 451
547 291
553 284
559 278
566 272
573 268
581 266
590 265
599 264
607 265
615 268
621 275
625 282
616 282
608 285
600 287
591 287
582 287
573 288
565 289
556 290
455 297
452 291
447 287
440 285
434 284
427 285
421 287
415 290
409 295
407 301
404 308
402 314
408 316
415 316
422 316
429 314
435 312
442 310
448 308
453 304
522 238
532 224
546 219
563 216
580 214
597 214
614 215
630 219
644 226
657 236
666 249
654 247
640 237
626 230
610 228
595 235
580 240
564 244
548 248
532 251
473 258
469 248
460 241
450 238
438 237
426 238
416 241
405 243
395 248
386 255
380 264
375 274
386 273
396 269
406 265
417 262
429 261
440 260
452 259
463 262
