260 752
268 774
274 796
279 818
284 840
289 862
294 883
300 907
309 927
318 948
326 970
337 990
353 1007
370 1023
390 1033
413 1040
434 1047
457 1051
480 1050
503 1045
526 1043
549 1044
571 1040
592 1030
610 1019
628 1004
642 985
655 966
669 948
683 929
686 908
688 884
691 861
694 839
697 815
699 793
701 769
705 746
709 724
708 702
708 678
394 712
393 733
375 747
365 765
370 787
390 798
413 799
435 800
457 795
480 789
500 783
522 776
540 762
544 740
529 722
508 715
497 696
385 922
388 905
394 890
404 877
420 871
437 871
454 868
470 864
486 859
502 856
519 858
536 859
552 864
566 872
575 886
570 901
557 914
544 925
530 935
516 943
501 950
486 956
470 960
453 962
435 962
419 959
405 949
393 936
390 924
402 920
413 915
424 909
435 903
446 897
457 892
469 889
482 887
495 885
508 884
521 882
534 881
547 882
559 885
553 894
540 896
528 899
517 904
505 909
493 912
481 914
468 916
455 918
443 920
429 921
417 922
404 924
510 619
516 609
526 601
536 594
547 589
557 584
569 582
582 580
594 581
606 583
618 586
617 597
606 601
594 604
582 607
571 609
559 612
547 614
535 616
522 617
386 649
377 645
367 644
356 642
345 642
335 644
325 645
315 649
307 655
299 661
292 670
302 673
313 673
322 670
332 668
342 666
351 663
361 661
371 659
381 656
448 529
467 522
487 516
508 513
530 512
552 512
575 512
597 511
619 513
639 517
645 533
625 538
603 539
581 541
560 542
538 544
516 545
495 547
475 552
453 549
368 575
355 570
340 571
326 575
313 581
299 586
287 593
274 600
262 608
250 619
244 632
258 629
271 623
284 615
297 609
311 606
325 602
338 597
352 592
365 588
