65 359
67 370
69 382
71 393
74 404
77 415
80 425
84 437
89 448
93 458
98 468
105 477
113 484
124 490
135 494
146 498
156 502
166 507
177 511
188 514
199 516
211 516
223 515
234 513
245 509
255 505
264 498
272 490
281 482
289 475
299 468
304 458
309 447
313 436
316 425
318 415
320 403
321 392
322 380
322 368
323 357
185 347
181 356
176 363
171 371
170 380
176 387
185 388
194 390
204 390
213 391
222 390
231 386
238 381
238 372
235 363
230 356
228 346
148 429
156 426
165 425
173 425
182 424
190 426
198 427
207 426
215 425
224 424
233 424
241 424
250 424
256 429
250 435
243 441
237 446
230 451
223 455
215 457
206 458
198 457
190 456
182 453
175 449
168 445
161 439
155 433
156 429
163 429
170 430
177 431
184 431
191 432
199 432
206 431
213 431
220 430
227 430
234 429
241 428
248 427
247 432
241 435
235 437
229 439
222 441
215 442
208 443
201 443
194 443
187 441
180 440
174 438
168 435
162 432
235 315
237 312
240 309
244 306
248 304
252 303
256 302
261 303
265 304
269 306
272 309
275 312
271 314
267 315
262 315
258 316
253 316
249 316
244 316
239 316
158 315
155 311
151 309
147 308
143 307
139 307
135 309
131 311
128 314
124 317
121 320
124 323
128 325
133 326
137 325
142 325
146 324
150 323
154 321
158 319
225 286
230 279
236 274
243 269
251 267
260 266
268 266
277 267
285 269
292 273
299 279
294 280
287 277
278 276
270 277
261 279
254 282
247 285
239 288
232 291
177 289
169 283
160 280
150 277
140 276
130 277
121 279
111 281
103 285
95 292
90 300
98 297
107 292
116 290
127 290
137 291
146 293
156 295
166 296
176 298
