580 554
579 588
579 623
579 659
578 694
577 729
582 764
585 798
590 836
602 867
615 900
629 932
646 964
670 991
694 1016
723 1037
754 1054
784 1071
816 1086
851 1089
886 1091
924 1091
958 1085
991 1073
1022 1056
1051 1040
1083 1019
1109 997
1136 976
1166 954
1191 932
1210 903
1223 867
1229 834
1236 798
1243 766
1250 730
1258 694
1265 661
1273 625
1280 589
776 597
763 614
753 636
741 656
737 679
747 701
765 713
790 717
813 718
837 722
860 723
882 717
900 702
904 679
901 655
896 632
891 609
706 845
713 831
722 817
732 803
746 792
760 785
776 782
793 785
810 786
825 792
839 800
852 810
865 822
878 834
889 847
898 861
888 874
873 880
858 885
843 890
826 892
808 892
792 889
777 884
762 878
747 872
732 866
717 858
733 845
737 835
744 826
754 820
764 816
775 814
787 814
798 816
809 818
820 820
830 823
840 828
849 834
859 840
867 847
876 855
868 861
857 858
846 856
836 854
824 852
813 851
802 849
791 848
779 847
767 846
756 847
744 847
963 526
974 517
987 511
999 506
1013 504
1028 504
1042 507
1055 511
1067 518
1078 528
1087 540
1083 552
1069 554
1055 556
1040 555
1026 553
1012 550
999 546
987 540
974 535
783 508
786 494
779 482
768 472
756 466
743 462
729 461
715 463
701 465
689 470
676 476
665 482
677 488
688 496
700 502
713 507
726 510
740 512
755 511
769 510
944 489
952 469
971 459
992 452
1013 447
1035 444
1057 446
1079 451
1099 457
1119 466
1137 480
1144 499
1122 495
1100 491
1078 488
1056 485
1033 483
1010 481
988 483
966 488
799 450
801 432
785 417
765 408
745 402
724 397
704 392
682 388
660 388
639 392
621 404
610 423
628 434
650 437
671 432
693 430
715 432
737 434
759 437
779 443
