48 679
56 733
56 786
59 840
66 899
76 953
86 1005
106 1061
142 1104
179 1145
218 1188
258 1224
301 1260
342 1298
389 1329
432 1359
482 1389
535 1401
588 1409
649 1416
701 1417
759 1415
813 1414
867 1406
923 1396
978 1384
1032 1369
1080 1336
1120 1297
1157 1259
1191 1210
1218 1164
1244 1117
1266 1062
1286 1014
1304 959
1324 904
1345 852
1368 801
1382 749
1385 691
826 669
795 697
769 729
760 771
774 808
811 833
853 844
893 855
931 869
973 881
1013 867
1054 862
1093 850
1110 812
1094 770
1073 735
1057 693
672 1014
702 1006
734 1002
765 997
797 992
827 985
858 978
889 973
922 975
951 984
983 989
1017 988
1045 1000
1067 1024
1074 1054
1054 1079
1028 1098
999 1108
966 1111
934 1108
902 1103
871 1097
841 1090
811 1081
782 1071
755 1058
727 1044
699 1031
703 1016
729 1018
755 1020
782 1021
808 1022
834 1025
859 1028
886 1030
912 1031
937 1036
961 1041
987 1044
1013 1045
1039 1047
1065 1050
1038 1049
1012 1048
986 1045
961 1041
935 1039
909 1037
883 1034
858 1030
832 1029
806 1027
780 1025
754 1022
729 1019
1066 511
1079 496
1097 490
1115 486
1134 482
1154 484
1172 489
1189 496
1206 503
1223 511
1240 520
1241 529
1223 525
1204 523
1183 523
1164 521
1145 517
1126 513
1106 512
1085 513
808 457
794 442
778 429
761 419
743 413
723 411
702 411
681 411
660 411
639 412
620 416
637 426
654 435
671 443
689 450
709 453
729 455
749 456
769 459
789 461
1078 315
1109 301
1144 294
1182 296
1216 303
1250 311
1287 310
1318 324
1346 349
1363 379
1371 413
1355 440
1327 419
1298 397
1266 385
1233 375
1199 368
1166 357
1133 349
1097 345
866 244
829 223
789 211
749 199
707 191
664 186
621 193
583 210
548 235
512 260
477 283
518 293
561 286
601 275
642 264
686 260
730 263
772 271
813 280
859 281
