410 538
413 554
417 572
423 590
430 607
436 624
443 640
452 656
460 671
469 689
479 703
492 716
506 727
521 738
536 748
551 758
565 769
580 780
595 789
613 796
630 800
647 802
666 803
684 798
699 789
714 777
728 766
741 754
750 739
760 723
768 707
776 690
782 672
788 656
793 640
798 622
798 603
799 584
798 567
797 549
795 530
615 544
608 553
602 566
603 579
609 589
621 593
634 595
647 600
659 603
671 604
684 600
694 591
703 583
709 571
710 559
703 549
693 540
578 667
587 657
599 651
611 647
624 644
637 641
650 639
664 639
678 637
690 635
705 635
718 638
730 643
733 655
725 665
718 677
712 688
706 700
695 708
683 713
670 716
657 713
645 709
633 703
622 697
610 690
599 684
587 677
590 666
599 663
609 661
618 659
628 658
639 657
650 657
660 657
670 655
680 653
689 650
699 648
709 646
719 646
721 655
713 660
704 666
696 670
687 675
678 678
668 679
657 680
647 680
637 679
627 678
617 676
607 674
598 671
691 477
694 471
700 467
706 464
712 462
718 461
725 460
732 460
739 461
745 463
750 466
751 473
745 476
739 479
733 480
726 480
718 480
711 480
705 479
698 478
584 482
577 478
569 475
561 474
553 474
545 475
537 477
529 480
522 483
515 487
509 493
516 496
524 498
532 498
541 497
549 496
557 494
565 493
573 491
581 489
672 441
676 429
685 419
697 413
709 410
722 409
735 410
747 412
759 416
771 421
781 430
783 443
772 444
762 436
750 432
737 434
725 437
712 439
699 439
685 439
600 448
598 434
585 426
570 423
554 422
539 424
525 428
511 434
498 440
485 446
473 456
464 469
478 465
493 461
507 457
522 454
537 451
553 451
569 451
584 450
