482 641
486 659
490 680
494 698
500 718
506 736
515 755
527 772
538 788
550 802
565 818
577 833
591 848
605 862
619 876
637 887
652 898
670 909
688 909
709 906
729 901
748 897
768 891
785 885
804 876
822 868
838 858
856 847
869 831
884 817
894 801
900 781
904 762
903 743
902 721
901 701
903 683
902 662
900 641
901 623
899 601
613 630
605 645
596 659
591 676
598 691
613 698
630 701
647 709
662 707
674 695
692 690
709 691
721 679
721 663
714 646
698 640
691 626
602 786
610 777
621 772
631 767
642 762
653 760
666 760
678 758
689 755
701 753
713 754
725 755
738 756
750 754
761 757
752 767
742 772
732 776
721 780
710 783
698 786
687 788
675 790
663 792
650 792
638 792
625 792
613 790
607 783
616 777
626 774
636 771
647 770
658 770
670 770
681 769
691 767
702 766
713 765
723 763
734 762
745 761
756 760
746 764
736 767
726 769
715 771
705 773
694 775
684 777
674 780
663 781
652 782
641 781
630 781
618 782
709 546
713 537
719 529
727 521
736 516
745 512
756 511
766 512
775 517
784 522
792 529
796 538
790 546
780 551
770 553
760 554
749 555
739 553
729 551
719 549
584 561
576 555
568 550
559 546
550 544
539 544
529 545
520 548
512 552
505 560
502 569
509 576
517 581
526 584
537 585
546 583
556 581
565 579
574 576
582 570
685 500
694 487
707 479
721 472
735 466
749 462
765 460
782 460
797 462
813 466
826 473
821 483
805 481
789 480
773 481
757 483
742 486
728 491
714 498
700 503
572 512
561 506
549 502
538 498
525 496
512 495
499 496
487 500
476 506
466 516
464 529
476 531
487 524
498 518
510 515
523 516
536 519
548 523
561 525
574 523
