482 574
492 588
503 601
513 615
524 628
536 641
549 654
562 664
577 675
589 687
600 700
613 713
624 727
636 739
651 749
667 752
684 750
701 746
718 741
735 737
752 730
766 723
781 713
794 702
808 690
820 677
831 665
842 649
850 635
861 622
872 608
881 593
886 575
888 558
890 541
891 524
894 506
893 489
890 473
888 455
884 437
553 501
551 514
549 527
552 542
561 552
573 559
586 561
601 560
614 555
626 550
638 543
647 531
656 522
665 510
661 497
649 489
637 483
557 600
570 588
586 584
604 584
621 582
636 577
652 572
668 568
685 565
701 561
717 557
733 553
749 556
744 572
735 586
725 600
714 614
702 627
691 640
678 652
663 661
647 664
630 666
613 664
599 655
588 641
578 627
568 614
580 604
591 598
604 597
618 598
630 596
641 590
653 584
664 579
676 575
688 571
700 567
712 564
724 562
734 566
728 577
721 588
711 597
701 605
690 613
680 620
668 625
657 631
645 635
633 637
619 636
607 633
596 625
588 615
643 408
643 399
646 390
650 383
657 376
665 372
674 369
684 369
693 370
702 371
711 374
718 379
711 385
704 391
696 396
688 399
679 402
670 404
661 405
653 407
547 430
542 425
535 422
528 421
520 421
512 422
506 424
499 428
493 432
488 438
486 445
492 449
499 451
507 452
514 451
521 449
528 446
535 444
542 442
548 437
590 360
594 347
605 339
617 332
629 325
641 320
654 316
667 313
682 312
696 313
708 318
700 325
686 326
672 328
658 331
646 336
635 344
624 353
613 362
601 369
515 386
507 381
499 379
490 378
481 379
473 381
465 383
457 387
451 394
449 402
450 410
455 404
460 397
467 394
476 394
485 395
493 398
501 400
510 399
517 394
