90 243
88 257
89 272
92 288
94 302
97 317
99 332
103 347
108 361
112 375
117 390
123 403
135 415
144 426
156 434
170 443
183 451
197 453
211 457
227 455
242 453
257 452
271 447
285 443
300 440
315 437
330 433
343 428
356 419
369 410
379 398
386 385
390 371
394 357
399 343
405 327
412 314
418 300
424 286
428 272
428 256
204 256
199 266
191 276
184 287
183 300
191 309
203 313
215 316
228 316
239 318
252 320
264 317
274 310
279 298
277 285
272 275
265 263
182 369
184 360
189 352
195 344
204 340
214 340
224 342
233 344
242 347
250 352
258 359
265 366
271 374
274 384
272 393
268 402
263 410
255 416
246 420
236 422
226 423
216 422
207 419
199 414
192 407
187 398
186 388
183 379
191 367
193 361
196 356
201 354
207 352
212 353
217 356
223 355
229 353
235 353
240 356
244 359
249 363
254 367
256 372
256 378
252 382
247 385
241 386
235 386
229 385
224 384
218 383
212 382
207 381
201 380
196 377
193 372
280 212
283 205
291 201
298 198
307 196
316 196
324 198
332 201
339 205
346 211
351 218
347 225
339 228
331 231
323 232
314 231
306 229
298 227
290 224
283 220
194 211
191 204
188 197
183 191
177 186
170 183
162 182
154 184
148 187
141 192
136 198
131 204
136 211
142 216
149 219
157 221
165 221
173 220
181 219
188 217
255 151
268 144
285 143
300 146
315 149
330 151
346 154
360 158
373 165
385 176
395 188
384 191
370 186
356 182
342 176
328 171
313 168
298 165
283 163
267 161
205 155
200 144
189 138
177 134
165 131
152 130
140 133
129 139
118 147
108 156
100 166
95 177
106 174
117 169
129 164
141 160
154 159
167 160
181 161
194 160
