379 472
378 488
377 506
379 524
383 541
391 558
400 573
410 587
421 601
434 615
446 628
459 640
472 651
485 663
499 676
515 683
532 686
550 690
568 692
586 690
602 685
620 682
636 678
654 673
670 666
685 657
700 645
713 633
725 620
736 607
746 591
750 575
753 556
754 539
754 521
752 502
751 484
752 467
752 450
749 432
747 413
533 443
527 453
521 465
519 477
521 488
532 496
543 498
556 498
569 498
581 496
594 492
606 491
617 486
623 476
622 464
616 452
607 442
507 574
511 563
519 553
529 545
540 540
551 535
563 533
576 533
589 531
601 530
614 532
626 534
638 537
650 539
657 549
653 560
645 570
635 578
624 584
613 590
602 594
590 596
577 597
564 596
551 595
539 593
528 588
517 583
525 567
531 560
539 555
547 551
556 548
565 546
575 546
584 545
594 544
604 543
613 543
623 542
633 543
642 544
648 551
643 559
635 563
626 566
617 567
608 569
598 571
589 572
579 573
570 574
560 574
550 575
541 576
532 574
608 395
611 389
616 383
622 378
628 374
635 371
643 370
650 370
658 371
665 374
671 378
672 385
666 388
659 391
652 393
645 394
637 396
630 397
622 398
615 399
510 410
505 406
499 402
494 399
488 396
482 395
476 394
469 395
463 398
458 402
454 407
451 412
457 413
464 413
471 413
478 412
484 412
491 413
498 414
504 413
613 354
612 345
619 340
626 337
634 335
643 334
651 335
660 336
667 339
674 342
681 347
685 354
678 356
670 355
662 352
653 352
645 353
637 354
629 356
620 357
515 376
512 364
501 358
489 356
476 357
463 358
451 360
439 364
428 370
419 379
412 390
408 401
419 397
429 391
440 385
451 380
463 377
477 376
489 379
502 379
