695 513
688 546
684 580
682 612
680 646
680 680
681 716
682 749
693 783
703 815
714 850
728 882
741 912
752 943
763 979
775 1011
790 1040
815 1065
845 1081
876 1095
908 1110
942 1108
974 1101
1006 1087
1037 1070
1067 1052
1095 1036
1125 1019
1156 1003
1188 990
1216 972
1244 952
1273 931
1297 907
1319 880
1338 854
1359 824
1376 793
1391 764
1408 735
1427 703
909 666
891 689
866 705
847 724
841 754
861 773
891 781
910 803
936 815
964 815
994 817
1019 832
1047 822
1054 795
1050 767
1042 736
1038 706
794 863
815 863
836 862
856 859
877 860
893 874
910 882
930 878
948 885
964 896
982 905
999 914
1017 922
1033 935
1023 952
1005 960
986 964
966 968
946 971
925 973
904 972
885 968
867 959
852 945
838 930
825 913
814 897
804 880
802 864
818 871
833 879
848 887
863 895
878 906
892 917
909 921
927 919
946 920
962 924
979 929
997 931
1015 930
1031 935
1014 937
996 937
978 934
960 932
941 932
923 933
905 930
890 922
876 911
861 901
846 894
830 886
816 877
1090 645
1103 639
1117 634
1131 631
1147 629
1162 631
1176 636
1188 643
1200 652
1212 664
1223 675
1213 686
1199 689
1183 689
1168 686
1155 681
1141 676
1128 670
1115 663
1102 657
927 586
920 573
912 561
902 550
890 540
878 534
864 530
849 528
834 529
819 530
804 531
813 542
822 554
833 564
845 572
858 578
871 582
885 586
900 588
914 591
1080 577
1103 568
1129 566
1154 571
1178 578
1201 585
1225 591
1249 598
1271 607
1293 619
1311 638
1290 648
1266 642
1243 633
1219 626
1195 621
1170 616
1146 611
1121 606
1098 596
964 524
950 505
930 492
910 480
891 466
872 453
850 445
828 439
803 440
781 446
759 453
778 468
797 482
818 491
841 496
864 500
886 507
907 517
926 531
947 540
