302 828
301 859
303 890
310 923
318 953
325 983
335 1015
343 1042
356 1072
371 1101
385 1130
400 1156
418 1183
435 1212
452 1237
471 1264
495 1282
524 1296
556 1303
586 1305
620 1304
649 1296
678 1281
705 1265
730 1248
759 1232
786 1214
810 1193
833 1172
854 1150
876 1124
896 1102
916 1077
934 1048
947 1022
961 992
974 962
984 934
993 905
1001 872
1007 839
520 801
501 820
483 842
468 868
474 896
497 913
526 926
551 939
578 941
606 930
634 924
663 913
687 897
693 868
683 843
664 821
640 800
431 1014
457 1007
484 1002
511 998
540 999
569 1001
598 1001
627 1000
654 1003
681 1009
707 1015
732 1026
749 1047
732 1069
714 1091
697 1114
676 1133
653 1147
628 1156
600 1159
571 1158
544 1154
520 1144
496 1130
475 1112
460 1089
448 1065
437 1040
441 1015
462 1021
484 1023
508 1024
531 1025
553 1028
575 1031
598 1029
622 1029
644 1031
668 1032
691 1032
714 1034
733 1041
715 1055
696 1066
677 1075
657 1085
637 1092
615 1095
592 1096
570 1093
548 1088
527 1083
508 1074
489 1063
471 1049
455 1032
698 742
709 735
721 729
733 725
746 723
759 722
773 723
786 725
799 727
811 731
823 736
816 746
804 749
791 752
778 753
764 753
750 752
737 750
724 748
711 745
508 726
498 719
487 715
476 710
465 706
454 703
442 701
430 700
418 700
406 703
396 708
404 717
414 724
425 728
437 728
450 728
463 728
475 729
487 731
499 732
657 641
678 625
701 614
726 608
754 606
781 608
807 611
833 617
855 629
876 647
893 667
874 683
850 675
827 663
802 657
775 655
749 658
723 662
697 667
671 663
530 650
528 629
510 614
491 604
472 595
451 588
430 583
407 581
385 586
367 599
352 616
342 635
363 640
383 630
402 620
426 620
446 627
466 634
486 642
507 649
