603 742
612 765
623 787
635 809
648 830
658 853
666 876
677 900
688 921
700 942
717 964
732 984
745 1003
759 1023
775 1043
796 1058
817 1069
841 1076
867 1077
891 1075
917 1070
941 1062
961 1051
983 1036
1002 1020
1020 1002
1038 983
1053 964
1066 942
1074 920
1082 896
1091 872
1100 849
1108 826
1115 800
1119 778
1122 751
1124 728
1125 703
1121 676
1113 652
730 771
730 790
727 808
725 827
730 847
744 861
760 868
779 869
796 859
810 845
827 839
847 843
859 829
854 810
841 797
828 783
818 765
739 955
747 944
758 936
769 928
781 923
794 926
808 927
820 921
834 921
847 923
860 926
874 928
888 928
902 927
901 940
891 950
881 960
869 968
858 974
846 981
834 986
821 989
807 990
792 990
779 989
766 984
755 977
745 967
748 943
757 939
767 936
777 936
789 936
800 936
810 935
821 933
831 932
842 933
853 933
864 933
875 933
886 932
892 932
882 935
872 936
861 936
850 935
840 934
829 933
818 935
808 937
798 939
789 936
778 936
767 937
757 939
827 653
834 643
844 634
854 627
865 623
877 620
890 619
903 620
915 622
927 625
934 635
928 646
918 655
908 661
897 666
885 669
872 669
859 668
846 667
835 663
721 670
716 660
707 655
696 652
685 651
673 652
662 654
652 658
643 664
634 672
627 681
634 690
643 695
653 698
665 699
676 698
687 695
697 692
707 687
716 680
773 612
782 592
799 577
819 567
839 560
861 556
884 554
907 552
931 552
953 556
973 565
971 581
948 578
924 579
902 583
882 589
861 596
839 601
818 607
796 610
671 617
667 609
655 607
642 605
629 603
617 599
605 596
592 596
580 601
571 611
565 622
563 635
574 640
585 635
595 626
607 622
620 621
633 623
647 623
660 621
