808 691
810 725
813 763
817 800
819 838
823 872
827 911
831 946
844 983
851 1017
859 1057
873 1089
891 1120
910 1152
930 1185
949 1215
984 1230
1020 1239
1054 1230
1090 1222
1127 1214
1163 1204
1199 1190
1232 1179
1268 1166
1300 1149
1329 1126
1360 1104
1391 1084
1421 1059
1448 1035
1477 1011
1501 986
1520 953
1531 917
1540 880
1548 846
1556 808
1562 771
1566 736
1568 697
956 675
944 698
931 724
922 749
915 775
932 797
954 814
980 827
1007 824
1032 817
1060 816
1088 813
1111 799
1124 773
1124 746
1116 719
1111 691
904 925
907 901
918 881
938 869
961 866
983 874
1004 882
1027 878
1049 873
1071 880
1091 890
1112 900
1132 912
1152 924
1167 942
1154 961
1133 971
1112 979
1091 989
1070 997
1048 1003
1024 1006
1000 1008
976 1006
955 999
935 986
919 968
911 947
908 922
925 927
944 927
962 928
980 930
998 931
1016 934
1034 935
1053 935
1071 936
1089 938
1107 941
1125 943
1142 946
1158 951
1142 946
1124 943
1106 940
1089 937
1071 935
1052 935
1034 933
1017 930
999 929
980 930
962 928
944 927
925 927
1141 607
1150 594
1164 587
1178 582
1195 580
1211 582
1226 585
1241 590
1255 596
1270 601
1283 609
1283 624
1267 626
1250 627
1234 625
1218 623
1202 620
1187 617
1171 614
1156 611
995 576
996 562
987 550
976 540
964 533
951 529
937 526
922 526
908 529
896 536
885 547
877 558
887 570
898 578
911 585
924 587
940 588
954 587
969 585
982 581
1094 522
1126 507
1163 503
1201 506
1238 513
1273 520
1309 528
1344 537
1376 552
1406 576
1434 602
1404 614
1371 601
1338 586
1304 574
1270 564
1235 555
1199 549
1163 542
1127 535
1004 493
997 475
981 461
963 453
944 448
923 445
903 443
882 441
861 441
844 452
837 471
835 491
852 496
868 483
888 479
909 480
929 483
949 487
968 493
987 498
