209 394
213 409
217 426
222 442
225 460
228 477
233 493
238 509
245 524
253 540
264 554
276 566
287 578
299 590
312 602
327 611
339 623
354 633
369 639
386 643
403 646
420 645
437 642
454 638
467 629
479 615
491 603
503 591
514 578
522 563
530 549
539 532
544 517
547 500
551 482
556 466
559 450
563 433
566 416
570 399
574 382
388 399
384 412
379 425
373 440
369 454
379 464
393 470
407 471
421 474
435 471
449 467
463 462
472 451
470 436
462 424
455 411
449 397
350 539
354 529
365 524
375 518
385 513
395 509
407 507
418 510
428 515
439 509
449 504
461 505
471 511
480 519
487 528
490 539
485 549
475 555
462 554
452 550
441 546
431 542
419 540
407 541
395 542
384 545
372 545
359 545
361 535
367 530
375 527
383 525
391 524
400 523
408 523
417 524
426 524
434 523
442 521
451 520
459 521
467 522
475 526
471 531
462 531
454 530
445 532
437 533
428 534
420 534
411 533
403 532
394 531
386 532
377 532
369 534
465 332
468 325
474 319
481 315
487 311
495 309
503 308
511 309
518 311
525 314
530 320
532 327
525 330
518 333
511 336
504 337
496 338
487 338
480 336
472 335
368 332
361 325
353 320
345 316
337 314
328 313
318 313
310 316
301 319
294 323
286 327
293 332
301 336
310 338
319 339
328 341
337 341
347 341
357 341
366 341
459 294
462 284
471 279
480 275
490 273
501 273
512 273
523 273
534 274
544 276
554 280
554 288
543 287
532 287
521 286
510 286
500 288
489 290
480 293
470 295
384 290
373 283
361 280
347 279
334 280
321 279
307 278
294 279
281 281
270 286
259 292
271 296
284 296
297 295
311 295
325 295
338 295
351 296
364 298
377 299
