794 1055
792 1088
791 1122
795 1155
803 1188
813 1220
825 1252
840 1283
855 1312
871 1342
890 1370
913 1394
939 1418
964 1437
991 1459
1018 1481
1043 1501
1072 1520
1101 1534
1134 1547
1168 1554
1202 1557
1236 1553
1268 1544
1299 1530
1328 1513
1355 1494
1380 1474
1406 1449
1429 1425
1453 1400
1476 1374
1495 1349
1512 1317
1526 1287
1539 1258
1552 1225
1562 1193
1572 1160
1581 1127
1589 1094
1194 1089
1180 1111
1164 1136
1158 1164
1165 1190
1187 1207
1213 1217
1241 1224
1267 1231
1296 1233
1323 1223
1349 1210
1372 1195
1377 1169
1366 1144
1347 1122
1340 1094
1116 1329
1134 1318
1152 1308
1171 1298
1190 1288
1209 1280
1229 1275
1252 1277
1272 1281
1293 1286
1313 1292
1331 1304
1348 1319
1363 1336
1375 1353
1359 1369
1341 1381
1322 1389
1304 1399
1284 1405
1263 1410
1240 1409
1219 1406
1200 1398
1181 1389
1164 1375
1147 1362
1130 1346
1146 1335
1160 1332
1174 1327
1189 1325
1205 1325
1220 1327
1235 1330
1249 1334
1264 1336
1280 1335
1296 1334
1312 1334
1327 1336
1342 1339
1355 1344
1343 1341
1328 1339
1312 1338
1296 1337
1280 1337
1264 1337
1249 1335
1235 1331
1220 1328
1205 1325
1190 1326
1175 1329
1161 1333
1378 984
1389 971
1403 962
1418 957
1434 954
1450 952
1467 954
1482 960
1495 968
1508 979
1517 992
1513 1007
1498 1014
1482 1017
1466 1015
1450 1011
1434 1009
1418 1006
1403 1002
1387 997
1158 952
1148 939
1135 927
1121 918
1106 913
1089 911
1071 910
1055 912
1039 917
1025 925
1011 933
1024 943
1038 952
1053 958
1069 962
1086 964
1103 966
1120 967
1137 968
1155 968
1339 927
1357 903
1382 890
1410 885
1439 882
1469 880
1499 876
1529 877
1555 888
1576 909
1589 934
1592 960
1569 939
1543 929
1515 924
1486 919
1456 918
1427 922
1398 926
1368 929
1235 869
1203 845
1168 830
1131 820
1092 812
1051 810
1012 816
976 830
943 851
915 882
896 915
929 896
961 873
996 857
1037 853
1075 861
1112 873
1148 885
1185 896
1224 902
