333 185
332 198
332 212
335 226
336 240
339 254
344 267
351 280
354 293
361 305
367 318
376 330
385 340
393 352
400 364
409 376
418 386
429 395
441 403
454 409
467 413
482 414
496 412
509 409
522 403
533 396
544 386
555 378
566 368
577 359
587 350
598 340
607 329
615 318
623 306
629 294
630 280
629 266
629 250
628 237
628 222
410 203
408 215
403 229
396 241
395 255
407 261
421 262
433 270
447 271
461 266
473 265
488 261
497 251
500 237
493 226
480 221
473 208
384 297
396 292
411 291
425 292
440 293
454 292
468 290
481 286
495 285
509 287
523 290
535 295
539 307
535 320
529 332
521 344
512 355
501 363
488 366
474 369
460 369
446 367
434 361
422 355
412 344
406 332
399 320
390 309
392 300
402 303
412 307
423 309
435 309
447 308
458 307
469 305
481 304
492 302
503 300
515 299
527 299
537 302
531 311
522 319
513 325
503 330
493 334
482 337
471 338
459 339
448 336
438 333
428 327
419 321
410 314
400 307
495 165
499 159
503 153
509 148
515 145
522 143
529 142
537 143
544 144
551 146
557 149
559 155
553 159
547 162
540 165
533 166
526 167
518 166
511 165
503 165
407 168
403 163
398 159
393 157
388 155
381 154
375 154
369 155
364 157
358 160
353 164
356 169
361 173
367 175
373 176
379 177
386 177
392 175
398 174
403 173
456 125
462 113
475 109
488 107
502 105
516 103
530 102
545 101
558 104
571 109
583 116
578 126
564 124
550 122
536 123
522 124
508 127
495 129
481 131
467 133
416 134
414 125
406 119
397 116
386 116
376 116
366 116
356 118
346 119
337 123
331 131
328 140
337 138
347 135
357 134
367 134
377 134
387 135
397 136
407 137
