473 742
475 766
482 788
495 811
508 831
522 851
536 871
552 890
566 909
582 929
597 950
610 971
620 993
633 1013
647 1033
662 1052
680 1071
698 1086
719 1096
743 1102
768 1101
792 1095
815 1084
835 1071
853 1056
872 1037
888 1020
902 1000
917 979
932 959
946 939
956 919
966 896
975 872
983 850
991 826
996 801
998 778
999 752
1000 728
1000 703
590 734
578 749
571 766
574 785
587 798
605 806
624 809
643 804
662 803
681 806
700 808
719 807
733 796
737 778
728 760
716 745
696 740
598 885
614 871
632 867
651 871
670 866
689 863
708 868
726 873
747 874
767 875
786 880
795 897
792 916
786 935
779 952
771 969
758 985
742 996
724 1005
706 1009
685 1009
668 1001
654 986
645 969
639 951
631 934
622 917
611 900
616 892
630 887
645 883
661 882
678 882
694 883
711 884
726 886
742 887
759 887
775 886
790 888
788 904
782 918
774 931
765 943
754 956
742 965
728 972
713 976
698 979
682 977
669 970
659 957
652 944
644 930
635 917
626 905
723 610
725 601
730 591
735 583
744 577
753 573
764 573
775 574
785 578
794 582
802 588
807 597
801 606
792 611
783 614
773 617
763 618
752 619
741 618
731 616
583 619
579 611
574 603
567 596
559 592
551 589
542 586
534 584
524 582
515 583
509 591
512 599
516 607
522 614
530 619
538 623
547 625
556 625
566 625
576 625
672 543
676 526
692 517
708 510
725 505
743 500
761 497
779 495
798 497
814 504
829 516
834 532
815 530
799 525
779 524
760 526
742 528
724 532
708 540
691 545
563 535
557 531
551 526
545 521
538 518
531 516
523 515
515 515
507 515
499 516
493 519
499 525
505 530
511 533
518 535
525 536
533 536
541 536
549 536
556 537
