568 516
567 539
567 567
569 592
572 618
576 643
581 668
586 694
591 720
599 745
611 766
622 789
637 812
652 832
666 854
683 875
703 888
727 901
752 907
777 911
803 910
829 906
855 901
880 893
904 883
926 871
946 857
966 841
985 823
1002 804
1016 780
1028 758
1042 736
1052 712
1060 687
1067 663
1073 639
1078 613
1083 587
1085 560
1084 534
688 512
681 532
673 553
664 573
663 597
673 615
689 632
711 638
733 637
756 635
778 631
797 619
799 599
793 575
786 555
777 533
768 512
661 706
672 703
683 699
695 697
706 700
717 702
730 701
742 702
753 705
764 709
775 712
786 714
798 716
809 719
817 723
806 726
795 730
784 732
772 733
760 734
748 735
736 735
724 733
712 733
700 732
689 729
679 722
670 714
674 702
683 705
692 706
701 709
710 711
720 712
729 713
740 713
749 712
759 714
768 716
777 717
787 718
797 719
806 720
797 718
787 717
778 716
768 715
759 713
749 712
739 712
729 713
719 712
711 710
701 709
692 706
683 704
821 448
829 442
838 438
847 435
857 433
867 431
877 433
886 437
894 442
902 448
909 456
909 466
898 467
888 467
877 466
868 464
858 461
849 458
839 456
829 455
691 438
689 430
682 424
675 419
667 416
658 414
649 415
641 417
633 420
625 423
618 429
613 436
621 439
629 442
638 443
647 444
656 444
665 444
674 443
683 442
755 391
760 365
788 361
815 366
841 371
870 372
899 373
926 378
952 384
976 394
994 415
994 444
965 443
941 429
917 419
891 412
863 409
835 407
806 407
778 405
708 388
699 374
685 365
670 360
654 358
637 359
621 363
603 363
589 370
578 383
575 399
573 416
587 411
600 400
615 396
633 396
650 396
668 398
684 400
701 402
