457 647
461 663
467 678
473 693
481 710
489 723
499 738
507 752
516 765
526 779
536 792
546 806
557 820
568 832
580 843
593 854
606 865
620 873
637 879
653 881
670 881
685 879
703 877
718 872
734 865
749 858
763 848
775 837
788 825
799 813
809 799
820 786
829 771
836 757
844 742
852 728
860 712
866 697
870 680
872 663
872 646
622 616
616 629
610 644
606 660
611 675
625 681
641 685
657 688
673 689
688 684
701 676
715 666
726 656
725 640
716 627
706 615
696 602
578 724
592 723
606 725
620 725
634 724
648 723
663 723
678 723
691 720
704 717
717 714
730 711
743 708
750 717
742 727
733 738
724 749
713 757
701 763
688 766
675 768
660 768
647 766
634 762
623 755
612 747
601 738
590 730
600 725
611 727
622 729
633 730
644 732
655 734
665 737
677 737
687 734
697 730
707 725
717 720
727 717
737 713
746 709
736 713
727 718
717 722
706 725
697 730
687 735
676 737
665 738
654 736
643 734
632 732
621 730
610 728
702 539
707 531
713 524
720 518
727 512
734 507
742 503
751 501
760 500
769 503
776 508
779 517
771 522
763 526
755 529
747 532
738 534
729 535
721 538
712 540
606 555
600 548
592 541
585 536
576 531
567 527
558 525
548 526
539 529
531 533
523 540
519 549
528 552
537 555
546 556
556 557
566 557
577 557
587 556
597 557
675 488
690 481
706 475
722 470
738 465
753 458
768 450
785 446
802 448
818 454
830 464
812 465
794 465
777 468
762 475
746 481
731 487
716 495
700 502
683 503
626 497
611 487
593 482
575 479
557 477
538 475
519 472
500 473
483 479
468 490
457 504
474 499
491 494
510 493
528 497
545 501
563 505
581 509
599 512
618 513
