325 422
325 436
326 451
325 465
326 480
327 494
330 510
334 523
341 537
348 549
357 562
366 573
377 583
389 593
400 603
411 612
423 620
436 628
450 632
465 635
479 636
494 635
508 633
523 627
535 621
549 613
561 604
573 596
585 588
597 579
607 569
616 557
624 544
630 530
634 517
638 502
640 488
642 473
645 458
647 444
650 428
457 439
450 448
445 460
439 471
438 484
447 492
459 495
472 497
484 498
497 497
510 497
522 495
532 488
533 475
528 464
522 454
513 443
411 532
421 531
432 530
442 529
452 527
462 526
472 528
482 529
493 529
504 529
514 530
524 531
534 533
544 535
543 543
534 547
525 550
516 554
506 557
496 558
486 558
475 557
465 555
456 553
447 549
438 546
429 542
420 538
418 534
426 534
434 536
441 536
449 536
458 536
465 537
473 538
481 539
489 539
497 539
505 540
513 540
521 541
526 542
518 543
510 544
502 544
494 545
486 545
478 544
471 543
463 542
455 542
447 541
440 540
432 538
425 536
534 387
539 382
544 377
550 374
556 371
563 370
571 370
578 371
584 374
589 378
595 383
596 389
590 392
583 394
576 394
568 394
561 394
554 392
547 392
540 390
439 386
435 381
430 376
425 373
419 370
412 369
405 369
399 370
392 371
386 374
381 378
386 382
392 386
398 389
404 391
410 392
417 393
424 393
431 393
438 393
523 360
528 352
537 347
546 343
556 341
566 341
577 340
587 341
597 344
605 350
612 358
610 366
601 362
591 360
581 359
571 357
560 357
551 360
541 364
532 365
464 355
454 347
442 344
430 341
417 340
405 337
392 336
379 339
368 344
358 351
347 359
361 360
374 359
386 356
399 355
412 356
424 358
437 361
449 364
461 366
