902 964
909 998
920 1035
930 1069
943 1104
956 1139
969 1176
983 1210
998 1245
1013 1277
1030 1314
1044 1346
1064 1379
1084 1409
1105 1442
1133 1468
1165 1483
1203 1490
1241 1487
1278 1480
1310 1470
1348 1455
1381 1444
1416 1431
1448 1413
1476 1389
1505 1363
1533 1337
1562 1314
1589 1289
1611 1256
1628 1226
1648 1192
1666 1161
1682 1129
1699 1094
1710 1059
1719 1020
1729 986
1732 948
1729 909
1039 983
1031 1008
1025 1035
1020 1061
1031 1083
1052 1100
1077 1113
1102 1121
1128 1115
1155 1108
1180 1101
1204 1088
1225 1070
1234 1044
1219 1022
1205 1001
1190 976
1040 1207
1051 1188
1072 1181
1096 1182
1117 1189
1138 1181
1162 1184
1184 1188
1206 1193
1228 1199
1249 1206
1271 1212
1292 1219
1304 1237
1286 1253
1268 1269
1249 1282
1230 1294
1210 1305
1190 1315
1166 1317
1142 1317
1119 1313
1099 1303
1082 1287
1070 1267
1063 1246
1058 1224
1080 1217
1094 1220
1108 1222
1122 1225
1137 1225
1152 1223
1166 1220
1180 1218
1195 1218
1210 1216
1225 1217
1239 1219
1253 1222
1267 1224
1269 1231
1255 1235
1242 1238
1228 1241
1213 1244
1199 1246
1185 1249
1171 1252
1156 1253
1141 1252
1127 1250
1114 1245
1102 1236
1090 1228
1211 835
1216 818
1223 801
1233 785
1247 771
1264 763
1285 763
1304 766
1321 771
1339 777
1356 784
1373 792
1358 802
1341 810
1324 817
1306 823
1288 828
1270 832
1251 834
1231 836
1057 846
1053 833
1042 822
1031 811
1019 800
1007 792
993 788
979 785
964 788
952 795
941 806
936 820
938 834
950 845
964 848
979 849
995 850
1011 850
1027 849
1042 849
1132 720
1159 692
1192 677
1226 665
1263 657
1300 652
1340 651
1377 657
1411 668
1444 684
1453 703
1417 694
1380 687
1343 683
1305 687
1271 698
1238 712
1205 727
1173 746
1140 756
999 748
988 737
977 725
966 713
953 705
938 702
923 699
908 696
891 696
878 703
871 716
884 724
899 727
914 726
928 732
941 739
954 747
967 756
981 761
997 763
