477 686
481 706
486 726
492 746
498 767
504 787
512 807
520 827
530 845
542 864
556 881
570 895
587 910
604 923
621 933
642 939
663 942
684 943
706 940
726 935
747 927
766 919
784 909
803 899
821 889
840 878
858 864
871 850
885 833
900 817
912 801
918 780
922 759
930 738
933 717
932 696
933 675
935 653
934 632
931 611
927 589
595 658
589 670
584 685
586 699
597 708
611 712
626 717
641 718
654 714
669 710
684 708
697 702
706 690
709 676
705 662
698 649
689 636
577 784
589 774
602 766
615 757
631 753
647 753
663 751
678 747
694 746
711 745
727 744
744 744
760 747
773 753
762 766
754 779
746 792
735 805
721 812
707 816
691 819
676 822
660 823
643 823
627 821
612 816
599 808
587 797
590 786
600 778
613 775
626 774
639 772
652 770
665 769
677 766
690 764
703 761
716 759
729 759
742 758
755 756
761 762
750 769
738 774
727 778
715 783
703 787
691 791
679 794
666 795
653 797
639 798
626 797
613 794
601 791
704 570
710 562
717 553
726 546
735 541
744 539
755 537
766 538
776 539
785 543
794 550
793 560
784 566
775 571
766 575
756 577
745 578
734 578
723 577
713 575
578 588
571 582
563 579
555 578
546 578
538 581
530 584
523 587
516 592
511 599
507 607
514 610
523 611
532 612
541 612
550 612
558 611
566 607
573 603
579 596
662 530
670 514
684 501
700 491
717 484
736 481
755 480
775 479
795 480
812 485
828 497
825 511
808 504
789 502
769 503
751 506
733 511
715 516
698 521
681 528
579 530
566 526
552 527
537 529
522 529
508 529
494 533
483 541
475 553
471 565
468 579
473 567
483 557
497 554
511 553
526 552
540 551
554 549
568 546
581 542
