450 419
445 438
441 459
439 480
440 501
443 523
447 544
452 564
458 586
463 605
477 621
491 638
505 652
523 666
539 679
555 693
571 707
588 721
605 732
623 742
644 749
666 750
687 751
708 748
727 741
744 727
758 711
772 694
789 681
806 669
823 657
841 645
859 633
871 617
880 597
889 578
897 558
904 538
909 519
914 497
918 475
650 491
636 501
621 515
609 530
610 549
619 564
637 572
654 582
671 591
691 592
709 588
727 582
747 579
758 566
760 545
756 527
745 510
555 582
573 584
590 590
607 597
623 602
641 607
659 612
676 617
695 616
714 615
733 614
752 611
771 611
780 625
766 639
751 651
736 661
720 669
703 674
684 676
665 675
647 671
630 665
615 655
601 641
589 626
576 612
563 598
572 597
585 602
598 608
612 613
625 618
639 622
653 626
667 629
680 633
695 635
710 635
724 632
738 629
753 626
757 632
744 637
731 642
717 646
703 650
688 651
673 651
658 649
644 646
631 641
618 634
607 625
597 614
585 605
764 440
769 430
778 421
788 416
799 413
811 411
823 410
835 411
846 412
858 415
868 420
869 431
858 436
848 439
836 441
824 441
812 440
800 441
788 440
776 439
626 414
618 404
608 396
597 390
585 387
572 385
559 383
546 383
533 385
520 388
508 391
519 397
531 402
543 406
555 409
567 412
579 415
592 417
605 419
617 423
762 407
767 393
781 388
794 383
808 378
823 374
837 370
852 366
867 364
883 366
896 374
898 388
882 390
867 392
852 394
837 397
822 401
807 403
791 405
777 410
631 377
622 365
609 359
595 355
581 352
566 349
551 348
535 348
521 350
506 352
491 355
504 361
520 361
536 361
550 364
564 368
578 371
592 375
606 380
619 384
