588 797
595 817
607 837
619 858
631 878
643 895
656 916
669 934
683 951
698 971
708 991
719 1011
729 1032
741 1051
755 1069
776 1080
799 1084
821 1084
844 1082
866 1075
886 1066
906 1053
924 1039
942 1023
958 1007
974 992
990 977
1008 960
1025 943
1038 926
1051 906
1064 887
1073 866
1080 846
1088 822
1094 801
1100 779
1103 756
1103 732
1103 710
1103 686
665 724
658 740
652 757
648 773
646 792
657 805
674 810
690 812
709 810
726 806
744 802
760 798
776 792
787 778
783 761
773 745
764 730
674 869
691 858
712 856
733 857
755 857
774 861
794 864
815 866
835 868
854 874
870 887
873 907
869 927
863 945
855 963
844 980
830 995
812 1004
793 1009
772 1010
753 1002
737 991
725 974
717 957
711 938
702 920
691 904
682 887
693 881
707 874
724 875
741 875
756 872
772 870
789 869
806 870
822 872
839 873
855 875
867 886
871 901
869 917
862 931
850 943
838 955
825 964
810 968
793 968
776 968
760 966
745 961
734 949
725 935
717 922
708 909
700 895
783 656
788 647
795 639
804 633
813 628
823 626
834 625
845 625
855 627
865 629
875 632
876 641
866 643
855 644
845 646
835 648
824 649
814 650
803 651
793 654
663 668
661 662
655 657
649 654
643 652
636 652
628 652
622 653
616 656
610 660
605 665
602 671
608 674
615 674
622 675
629 675
637 675
643 674
651 673
658 673
728 597
726 573
746 563
769 559
793 557
817 555
842 555
865 559
887 566
907 577
926 592
938 610
917 601
896 594
872 591
849 588
824 589
800 591
776 594
752 596
639 607
634 599
626 594
617 592
607 592
597 593
588 594
579 598
574 606
571 615
570 625
568 634
576 630
581 623
589 617
598 614
608 613
618 614
627 616
637 616
