227 1241
229 1305
236 1372
255 1439
279 1506
304 1573
324 1640
353 1696
384 1763
413 1823
448 1886
479 1941
514 2002
546 2065
573 2131
620 2179
676 2220
729 2254
796 2284
863 2293
933 2291
1002 2287
1067 2278
1134 2263
1197 2233
1261 2199
1319 2172
1384 2141
1446 2107
1507 2079
1571 2049
1630 2024
1696 1990
1742 1946
1789 1888
1828 1837
1866 1776
1897 1713
1923 1649
1944 1583
1963 1516
586 1279
553 1323
537 1373
550 1429
595 1457
633 1499
683 1530
737 1541
794 1539
849 1540
905 1539
959 1529
1009 1502
1034 1449
1020 1397
981 1358
943 1313
479 1652
534 1661
592 1664
645 1676
696 1692
750 1703
805 1713
856 1728
906 1747
957 1764
1009 1778
1063 1789
1117 1800
1098 1845
1054 1878
1009 1911
963 1941
914 1965
859 1973
802 1977
744 1973
692 1958
645 1931
602 1893
578 1844
563 1793
546 1742
520 1694
526 1691
563 1704
600 1718
637 1732
675 1745
712 1759
752 1767
795 1770
837 1772
880 1775
922 1778
964 1783
1006 1788
1046 1794
1043 1818
1003 1825
962 1831
922 1839
883 1849
843 1858
800 1857
762 1845
724 1834
685 1822
649 1805
617 1778
587 1746
559 1714
1057 1055
1081 1030
1109 1014
1139 1004
1171 999
1206 998
1239 1003
1269 1012
1298 1026
1325 1045
1351 1065
1337 1093
1307 1104
1276 1112
1241 1112
1208 1108
1175 1105
1143 1098
1114 1084
1086 1069
647 966
637 941
618 918
596 900
572 885
547 873
519 867
491 863
463 869
440 885
416 899
426 925
442 948
460 971
484 984
512 990
541 993
570 991
600 992
629 988
1035 739
1077 699
1126 682
1181 675
1237 677
1292 686
1342 701
1392 719
1440 741
1486 768
1530 801
1513 836
1459 828
1405 818
1355 802
1307 779
1258 759
1206 747
1151 741
1093 740
648 680
642 647
619 620
590 600
560 585
529 569
495 563
459 559
424 563
393 577
367 603
343 631
375 643
407 654
440 646
474 652
510 655
546 658
581 664
612 676
