501 879
510 915
522 950
535 985
547 1019
558 1054
567 1089
578 1126
592 1161
611 1193
636 1222
663 1245
696 1264
730 1277
768 1289
804 1299
839 1308
876 1317
914 1324
948 1329
985 1335
1025 1338
1061 1340
1098 1343
1135 1345
1171 1343
1207 1328
1235 1304
1259 1274
1280 1244
1299 1212
1317 1179
1333 1144
1344 1109
1352 1073
1360 1036
1362 1000
1362 961
1360 925
1357 889
1351 849
1038 827
1025 849
1007 871
996 897
1000 924
1020 940
1049 935
1076 939
1102 944
1129 949
1158 952
1184 952
1209 936
1220 913
1208 888
1190 867
1169 846
938 1077
951 1058
972 1050
994 1044
1016 1038
1037 1029
1057 1022
1080 1016
1102 1021
1124 1026
1148 1024
1172 1026
1193 1034
1212 1048
1223 1068
1222 1092
1203 1106
1182 1114
1161 1121
1138 1125
1114 1126
1090 1124
1067 1119
1046 1113
1024 1106
1001 1102
978 1099
958 1089
955 1080
972 1073
991 1072
1011 1071
1030 1069
1049 1067
1069 1065
1089 1066
1108 1066
1128 1066
1148 1066
1168 1067
1187 1070
1205 1074
1222 1079
1204 1077
1186 1074
1167 1071
1147 1071
1128 1070
1109 1067
1089 1066
1069 1066
1050 1067
1031 1070
1012 1073
993 1076
974 1077
1158 711
1169 700
1183 696
1197 694
1212 692
1227 691
1242 691
1257 694
1270 699
1281 708
1290 720
1286 733
1271 733
1257 730
1244 726
1230 722
1215 722
1200 723
1184 723
1169 722
970 713
953 705
935 702
916 700
896 701
877 704
859 708
842 713
826 721
810 730
795 742
814 742
834 742
854 742
874 742
894 742
913 741
932 738
950 734
968 730
1118 606
1133 595
1149 588
1164 580
1180 572
1196 567
1214 564
1233 564
1252 565
1268 571
1283 580
1271 589
1252 589
1234 591
1216 595
1200 600
1183 606
1167 612
1150 616
1132 618
1004 592
985 579
965 569
944 563
920 563
896 565
873 568
851 573
831 583
813 596
796 613
816 622
838 617
860 611
883 608
907 608
931 609
954 612
977 616
1000 613
