431 484
432 503
434 524
436 545
439 565
441 587
445 606
450 626
456 646
465 664
475 683
486 700
498 717
510 734
524 750
539 763
552 779
567 792
588 797
608 800
630 801
651 800
671 797
690 790
707 778
720 762
732 745
745 729
757 713
770 697
781 679
787 659
796 640
801 620
802 599
805 579
808 559
811 538
814 517
817 498
821 477
597 535
588 546
577 558
572 573
574 587
584 598
599 605
614 608
629 609
644 607
660 603
675 600
685 589
684 574
677 560
669 546
662 532
572 655
581 651
591 651
601 651
610 653
619 657
628 658
638 657
649 657
659 658
669 658
679 657
689 657
698 659
691 666
683 672
675 678
667 684
659 687
649 688
639 688
629 687
619 686
609 685
600 682
592 678
585 670
579 662
578 658
585 657
593 658
600 659
607 661
614 662
621 664
629 664
637 663
645 663
653 663
661 663
668 662
676 662
684 662
676 662
668 663
661 663
653 664
645 664
637 664
629 664
622 664
615 663
607 661
600 660
593 659
585 658
675 468
678 461
684 455
691 452
698 450
706 449
715 449
723 450
731 451
738 454
745 457
743 464
736 468
729 470
721 472
714 474
706 475
697 474
689 474
682 472
571 471
565 465
558 461
551 459
544 457
536 457
528 457
521 459
514 462
507 465
500 468
506 473
513 477
520 480
528 481
536 481
544 480
552 480
560 479
567 477
652 458
662 446
675 437
689 430
703 424
718 419
732 414
749 413
765 415
780 417
794 425
791 439
775 442
758 442
742 444
726 445
711 448
696 452
681 457
667 462
581 449
570 440
557 435
543 433
529 431
514 429
501 426
487 423
472 423
459 429
453 441
464 451
478 450
492 446
506 447
520 449
534 453
547 456
561 460
576 460
