344 425
346 439
348 454
352 469
355 482
359 496
364 511
368 525
373 539
378 553
383 567
387 581
390 596
396 609
404 622
414 632
425 642
438 650
452 655
467 658
481 659
496 659
511 657
526 653
539 648
551 640
561 629
569 616
577 603
587 592
596 581
603 568
608 554
614 540
619 526
624 513
629 498
636 485
641 471
643 457
647 441
454 432
444 441
436 451
436 465
443 476
453 485
466 490
479 492
493 495
506 496
519 493
533 494
545 488
548 476
544 464
535 453
527 442
415 544
422 534
431 526
443 522
455 520
468 521
481 520
494 520
507 521
518 525
529 529
539 536
550 542
550 555
545 566
538 576
530 586
520 594
510 601
498 604
485 605
473 604
461 601
450 595
442 585
434 575
427 565
421 555
427 539
437 538
446 537
455 537
465 537
473 539
482 541
492 540
501 539
510 539
520 539
529 540
538 541
545 546
539 553
532 558
524 562
516 565
507 568
499 570
490 571
480 571
472 568
463 566
455 562
448 558
441 552
434 546
537 371
542 367
548 365
554 365
561 365
567 366
573 367
579 368
585 370
591 372
596 375
591 378
585 380
579 381
572 380
566 379
560 379
554 377
548 375
542 374
438 372
437 368
434 364
431 362
427 361
423 360
418 360
414 361
410 362
406 364
403 367
401 371
405 373
408 374
413 375
417 375
421 375
426 376
430 376
434 375
518 355
526 349
537 348
548 349
558 350
569 351
579 352
589 354
599 356
610 357
618 363
610 366
600 364
590 363
579 362
569 360
558 360
548 361
537 361
527 360
471 346
463 340
455 338
446 335
437 333
428 333
419 336
410 338
402 342
395 348
387 353
396 354
405 350
413 346
422 346
432 347
441 347
451 348
460 350
468 353
