558 807
563 825
572 843
583 860
594 876
607 891
619 906
634 918
650 930
665 943
680 954
698 966
715 976
730 988
745 999
762 1011
779 1021
797 1026
817 1027
836 1025
855 1021
873 1014
890 1004
905 990
917 974
926 958
931 939
939 920
949 903
960 886
969 870
978 853
986 834
990 815
995 795
1000 776
1001 757
999 738
997 717
994 699
990 678
733 713
731 733
728 753
724 773
735 789
753 794
775 791
794 791
815 791
834 782
850 771
866 757
877 741
870 723
856 707
842 692
827 677
687 854
704 846
724 842
744 840
765 837
784 834
805 833
825 829
843 820
860 812
878 805
897 800
916 794
916 815
912 834
903 852
892 868
878 884
862 898
845 908
827 915
808 920
789 915
770 909
752 902
735 892
719 881
702 868
698 853
714 852
731 853
748 852
764 851
779 848
794 844
810 842
826 839
840 834
854 828
868 821
882 816
895 807
891 820
883 833
872 845
861 857
848 865
834 871
819 876
803 878
787 878
771 876
756 872
741 868
726 863
712 858
829 617
838 613
847 611
856 610
866 610
875 607
883 604
892 600
900 595
908 592
917 589
909 594
901 598
893 603
884 606
875 608
867 611
858 614
848 614
838 615
702 651
691 650
682 653
672 657
662 660
652 663
642 665
632 668
621 669
610 671
600 669
609 674
620 673
631 671
641 669
651 664
661 662
671 659
680 654
691 653
802 579
811 564
824 551
838 540
854 533
869 526
885 520
902 516
920 518
935 525
945 539
933 550
917 543
900 540
884 547
869 553
853 559
838 569
825 581
811 593
695 598
680 592
662 590
645 592
627 591
609 593
593 599
578 606
563 614
549 627
542 642
560 642
576 636
592 630
608 625
626 624
644 623
662 622
680 619
696 614
