627 674
622 702
622 729
629 755
638 785
644 813
651 839
660 866
673 892
690 916
712 934
733 951
757 970
783 983
807 996
833 1004
864 1005
893 1003
921 1001
948 998
978 993
1006 988
1034 983
1060 976
1087 963
1111 948
1134 930
1154 910
1170 887
1187 865
1208 843
1223 819
1235 795
1244 766
1249 740
1252 711
1246 682
1238 654
1232 625
1226 599
1214 571
811 631
799 656
786 682
778 710
792 733
820 736
846 745
872 757
901 755
929 748
955 740
977 718
986 692
983 665
958 647
934 635
920 608
788 826
801 807
820 796
841 789
865 788
887 791
910 788
931 781
952 775
975 773
999 772
1022 770
1045 766
1068 764
1071 786
1056 804
1040 821
1021 835
1002 846
981 853
959 857
937 862
914 866
891 868
868 864
847 857
827 847
808 836
801 812
820 809
840 808
860 809
880 812
900 814
920 815
940 813
959 809
977 803
995 798
1013 792
1030 785
1047 776
1061 774
1045 784
1027 791
1009 796
992 802
974 809
957 816
939 822
919 824
899 823
879 821
860 819
840 817
820 816
961 528
965 515
975 504
987 497
999 489
1011 481
1024 476
1038 474
1052 477
1065 482
1078 488
1083 501
1072 511
1060 517
1047 522
1033 525
1019 527
1004 529
989 530
975 531
789 548
786 537
774 530
761 524
749 519
735 516
722 513
707 512
693 515
681 520
672 532
670 546
679 557
692 561
706 563
721 562
734 558
747 554
761 553
776 551
936 453
939 433
953 417
971 409
990 403
1009 398
1028 392
1048 389
1069 388
1089 390
1107 399
1106 413
1086 409
1065 406
1044 406
1024 410
1006 417
989 428
972 439
955 449
770 463
759 455
747 449
734 445
720 443
706 442
692 439
679 438
665 440
654 448
646 459
657 466
669 460
683 459
697 462
710 465
723 468
736 471
750 473
764 474
