131 662
140 697
148 734
152 770
163 805
173 839
190 873
209 906
231 935
253 962
278 990
305 1015
332 1038
362 1065
387 1090
416 1115
447 1132
481 1146
517 1150
554 1151
591 1150
622 1131
657 1112
687 1093
718 1073
748 1050
776 1026
804 1004
833 983
861 955
881 927
899 894
916 860
927 823
933 789
938 750
943 715
948 678
953 641
958 604
962 567
381 746
377 772
369 797
366 823
370 849
394 858
423 855
450 857
476 858
502 849
528 843
555 845
578 835
583 810
583 781
573 758
557 733
342 952
365 944
388 935
411 927
437 925
464 925
490 922
516 921
543 920
570 921
595 926
619 932
642 939
666 946
649 960
628 973
608 991
589 1008
569 1026
547 1037
520 1037
496 1031
473 1021
451 1012
427 1005
404 996
383 984
363 968
359 963
379 962
398 966
418 968
439 968
459 970
480 970
500 969
521 967
540 964
560 962
580 960
600 957
620 955
631 958
612 961
592 964
572 967
553 971
534 975
516 980
496 982
475 983
455 982
435 979
416 974
397 970
378 967
579 600
591 584
603 568
617 552
633 540
651 534
671 531
692 532
710 537
727 546
744 558
752 576
735 586
718 596
700 604
681 609
660 609
640 606
620 603
600 601
373 610
367 595
353 586
339 579
323 574
307 570
290 571
274 575
258 580
244 589
231 599
235 615
246 628
261 636
278 636
296 636
313 634
330 632
346 628
361 623
532 521
555 499
581 485
608 473
636 466
666 461
697 457
729 457
759 461
788 468
813 485
793 501
761 501
729 502
697 502
667 506
639 515
611 523
583 533
555 541
327 549
318 534
300 525
282 518
262 512
242 510
220 509
198 510
178 514
161 524
149 541
143 560
161 552
181 548
201 543
221 540
243 541
264 543
285 545
306 548
