335 424
334 437
333 451
333 465
334 478
336 493
338 506
342 520
345 532
350 546
356 558
364 568
374 579
384 589
394 598
406 606
417 612
430 616
444 619
458 622
471 624
484 627
498 628
511 627
524 623
538 618
551 612
563 606
573 597
581 587
588 575
593 561
597 549
602 535
605 522
608 508
609 495
610 481
611 468
613 453
612 440
445 413
438 423
431 433
425 445
425 457
434 467
446 470
459 472
471 473
485 473
497 474
510 474
518 464
520 451
513 440
505 432
503 419
398 503
408 499
418 496
429 493
441 492
452 493
462 497
474 498
485 496
498 496
509 498
520 500
530 504
540 509
537 519
528 527
519 533
509 538
498 540
487 542
474 542
463 540
452 538
441 535
431 532
421 528
411 521
404 512
404 504
413 502
423 503
432 505
441 507
450 508
459 510
468 511
478 511
488 511
497 510
507 509
516 509
526 509
531 516
523 519
514 521
504 522
494 522
485 522
475 522
466 520
457 519
448 517
439 515
429 514
421 512
412 508
518 378
521 373
527 369
533 366
539 363
546 363
552 364
558 367
564 370
569 375
572 381
573 387
567 391
561 393
554 394
547 393
541 391
535 389
529 386
523 383
439 376
436 371
432 366
427 361
421 358
416 356
410 354
403 354
397 356
391 360
387 365
384 370
389 375
395 379
401 380
408 379
414 378
421 378
428 379
434 380
514 348
519 341
527 338
535 336
543 335
552 334
561 334
570 336
578 338
585 342
591 349
588 355
580 351
572 348
564 346
555 346
546 347
537 348
529 351
521 352
446 347
445 338
438 331
430 326
421 323
412 322
402 323
392 322
384 325
376 330
370 338
367 346
376 345
384 342
393 340
403 339
413 339
421 342
429 346
438 350
