1041 1171
1041 1209
1040 1245
1050 1284
1056 1323
1062 1361
1075 1398
1083 1438
1095 1473
1115 1508
1138 1537
1166 1567
1188 1600
1214 1624
1244 1654
1271 1682
1304 1701
1340 1717
1375 1727
1416 1729
1457 1731
1493 1732
1533 1731
1571 1722
1603 1704
1635 1676
1660 1648
1687 1617
1709 1589
1728 1554
1750 1521
1770 1488
1786 1451
1800 1414
1816 1378
1827 1341
1838 1304
1847 1266
1854 1227
1859 1188
1867 1149
1380 1055
1372 1090
1359 1123
1343 1158
1325 1189
1331 1222
1361 1242
1400 1239
1437 1239
1474 1239
1510 1236
1543 1223
1556 1188
1545 1156
1523 1127
1507 1091
1491 1056
1299 1402
1319 1392
1339 1383
1361 1378
1384 1376
1408 1375
1430 1379
1453 1382
1475 1377
1497 1372
1521 1371
1544 1374
1566 1378
1587 1387
1587 1409
1569 1423
1549 1433
1529 1440
1508 1447
1487 1454
1465 1458
1441 1459
1417 1456
1394 1454
1372 1449
1351 1444
1331 1435
1312 1421
1326 1403
1342 1399
1360 1400
1379 1400
1396 1401
1414 1403
1431 1406
1449 1407
1467 1406
1485 1404
1502 1401
1518 1397
1535 1393
1552 1391
1569 1394
1553 1394
1536 1396
1520 1401
1503 1405
1486 1408
1468 1409
1451 1411
1433 1410
1416 1407
1398 1406
1380 1405
1362 1404
1344 1402
1574 934
1588 923
1602 912
1617 903
1633 898
1650 895
1669 896
1685 900
1701 907
1715 916
1727 930
1719 945
1705 954
1688 959
1671 962
1654 964
1636 962
1619 958
1603 953
1587 948
1323 936
1309 924
1294 912
1278 903
1262 896
1244 893
1225 893
1206 896
1190 902
1174 913
1163 928
1175 942
1191 952
1207 959
1225 964
1243 966
1262 965
1281 962
1298 958
1315 952
1503 827
1535 809
1567 793
1602 783
1638 776
1677 774
1715 777
1749 786
1782 801
1809 828
1822 861
1797 882
1768 858
1736 839
1700 834
1663 840
1628 849
1592 855
1555 861
1516 860
1364 845
1360 809
1329 790
1292 782
1253 782
1213 783
1175 779
1138 785
1104 798
1078 827
1067 861
1056 895
1086 873
1115 848
1148 832
1185 826
1222 832
1257 842
1293 851
1330 856
