970 1066
976 1107
979 1145
982 1186
986 1229
995 1270
1006 1307
1019 1348
1032 1384
1046 1423
1066 1461
1083 1497
1106 1533
1132 1564
1158 1594
1189 1622
1223 1646
1259 1665
1298 1676
1337 1683
1381 1686
1421 1682
1460 1676
1500 1666
1539 1649
1574 1628
1603 1601
1631 1569
1655 1536
1677 1503
1699 1465
1714 1431
1732 1391
1752 1357
1770 1322
1782 1279
1794 1241
1803 1201
1811 1162
1824 1124
1830 1079
1324 1080
1318 1109
1304 1135
1287 1160
1273 1186
1285 1214
1311 1227
1341 1234
1372 1236
1402 1234
1433 1230
1461 1224
1490 1212
1495 1182
1488 1153
1474 1125
1464 1096
1220 1369
1244 1366
1269 1366
1294 1364
1318 1361
1342 1359
1365 1363
1388 1368
1410 1363
1433 1359
1458 1358
1484 1358
1508 1358
1532 1360
1525 1381
1506 1396
1486 1408
1465 1416
1442 1422
1419 1426
1395 1428
1370 1428
1346 1426
1323 1421
1302 1413
1282 1400
1262 1387
1242 1377
1267 1372
1286 1373
1304 1376
1322 1379
1340 1382
1358 1386
1376 1390
1394 1392
1413 1391
1431 1389
1449 1385
1467 1381
1484 1377
1502 1373
1516 1371
1499 1377
1482 1381
1464 1384
1446 1388
1429 1392
1410 1395
1392 1396
1372 1396
1354 1393
1337 1389
1320 1385
1302 1381
1284 1377
1504 935
1519 920
1536 909
1553 897
1571 887
1590 881
1611 879
1631 883
1650 888
1668 899
1683 914
1684 935
1667 948
1648 953
1627 954
1605 953
1585 950
1565 946
1545 942
1525 938
1281 937
1281 918
1266 904
1251 890
1235 879
1217 870
1198 866
1178 866
1159 870
1141 878
1126 890
1114 906
1128 921
1144 930
1162 937
1181 941
1202 942
1221 938
1240 934
1260 935
1488 834
1501 804
1531 789
1563 779
1596 772
1632 770
1668 772
1701 779
1732 792
1759 816
1774 846
1774 881
1745 872
1719 846
1690 829
1653 829
1618 831
1585 839
1554 851
1517 851
1317 833
1302 802
1270 791
1236 784
1203 774
1169 765
1134 760
1099 766
1067 779
1040 804
1026 835
1018 869
1045 845
1074 825
1107 816
1145 817
1180 822
1215 829
1250 834
1284 841
