423 485
422 505
424 524
426 543
427 563
429 582
429 602
432 624
436 643
442 662
451 679
460 698
470 716
482 732
496 746
509 760
523 776
535 790
551 804
567 814
585 823
604 831
623 834
642 835
662 833
683 831
701 825
719 814
735 803
752 792
770 781
785 768
797 753
807 736
816 718
825 699
833 680
842 663
850 645
858 626
864 607
626 560
612 572
600 584
592 601
589 620
603 634
621 639
640 641
659 643
678 646
697 649
715 651
732 646
734 627
729 609
724 591
719 571
559 691
572 685
586 683
600 680
614 677
630 677
643 682
657 684
672 685
686 689
699 694
712 701
724 709
733 721
735 735
724 746
711 752
696 754
681 754
665 753
650 753
636 751
622 746
610 738
598 731
585 724
573 716
563 705
575 698
584 701
594 703
605 703
616 704
626 706
637 708
647 709
657 712
667 715
677 717
687 719
697 722
707 724
716 724
706 725
696 723
686 720
676 717
666 715
656 713
646 710
637 708
626 707
615 705
605 704
594 703
584 701
745 534
749 526
757 520
766 516
775 514
785 514
794 516
804 519
812 523
819 530
824 538
825 548
817 551
807 553
797 554
787 553
778 551
769 548
760 546
751 541
611 501
605 492
599 484
593 477
585 470
576 467
566 466
555 465
545 467
536 470
527 473
530 482
536 490
543 496
552 500
562 502
571 505
581 506
592 505
602 504
747 456
759 445
774 443
791 443
807 444
822 446
837 450
851 455
864 466
873 478
879 492
876 504
863 494
851 483
838 475
824 469
809 466
793 465
776 465
760 464
636 415
624 405
611 399
597 395
583 390
568 388
552 386
536 387
522 390
508 397
496 404
508 414
524 413
540 413
555 415
570 417
586 418
600 421
614 425
629 428
