425 621
428 636
431 651
434 668
436 683
439 700
445 715
452 729
460 743
471 755
483 766
495 777
506 788
519 798
534 807
547 815
563 820
579 823
595 826
610 826
627 824
643 822
659 818
673 813
689 808
704 802
717 793
730 783
741 771
752 760
763 748
773 734
781 720
787 706
793 690
797 675
801 659
806 643
810 628
812 612
816 596
617 544
614 557
607 568
600 581
599 594
609 603
622 609
635 613
649 615
663 613
674 606
686 600
700 598
705 586
701 572
694 561
688 547
564 669
574 664
585 660
596 657
607 654
618 651
629 649
641 651
653 652
665 650
677 651
687 655
698 659
708 664
709 675
700 681
690 688
680 694
670 699
659 703
648 704
636 703
626 699
615 694
605 690
594 686
584 682
574 676
565 669
575 669
586 669
596 669
607 669
618 669
628 670
638 671
648 672
659 671
669 671
680 671
690 671
701 671
709 672
699 673
688 673
678 674
667 675
657 675
647 673
637 672
627 671
617 670
606 669
596 669
586 670
575 670
700 492
707 489
715 486
724 485
732 484
741 484
750 486
758 488
766 491
773 496
778 503
771 507
763 509
755 511
746 511
737 511
729 510
721 506
713 502
706 499
588 489
582 485
575 483
568 482
560 482
552 482
544 483
536 484
529 486
522 488
515 491
522 494
529 496
536 498
544 499
552 499
559 498
567 496
574 494
582 493
683 458
688 446
700 440
713 435
726 432
740 430
754 429
768 430
780 435
791 444
801 454
800 466
787 463
775 456
762 452
748 452
735 454
722 458
709 462
695 463
604 436
592 427
580 421
566 417
551 416
536 418
522 421
509 426
497 434
486 444
476 455
491 455
504 450
517 445
532 442
547 442
562 444
575 449
588 453
603 451
