277 368
278 378
280 389
283 399
286 410
291 420
296 429
302 438
309 446
317 454
324 463
330 471
337 480
343 489
348 498
356 506
364 512
374 517
386 518
397 519
407 519
419 518
429 515
438 511
447 504
454 496
462 489
469 480
476 472
484 464
490 454
493 444
498 435
503 425
508 416
511 405
515 395
519 385
523 375
527 364
528 353
348 355
343 365
336 372
333 384
336 393
347 395
359 395
368 399
379 400
389 397
397 390
409 391
419 390
426 380
425 370
415 365
407 356
323 434
333 430
343 426
353 423
365 422
377 422
388 422
400 421
412 422
423 424
434 425
446 425
457 423
456 433
450 442
443 451
434 459
425 466
416 472
406 476
395 478
383 480
372 479
362 475
352 469
344 462
336 453
329 444
333 435
340 431
349 431
358 432
368 432
377 432
386 432
395 431
404 432
413 430
422 429
431 430
441 430
450 430
443 436
436 442
428 446
421 450
413 453
405 456
396 458
387 459
378 459
369 459
360 456
353 453
345 448
338 442
418 318
421 313
424 308
429 304
434 301
439 300
445 298
451 298
457 299
463 300
468 303
470 308
465 311
459 313
454 314
448 315
442 316
436 317
430 317
424 318
344 317
341 313
337 309
333 307
328 305
322 305
317 305
312 306
307 307
302 309
298 313
301 317
305 320
310 322
315 323
321 323
326 323
332 323
337 322
342 322
395 280
402 273
411 269
420 267
429 266
439 264
448 262
457 261
466 264
473 270
480 277
478 284
468 283
458 282
448 283
439 284
429 285
420 286
410 287
401 288
351 279
345 273
337 270
328 269
319 270
310 271
302 269
293 270
286 274
280 280
274 287
281 292
289 289
297 286
305 287
314 287
323 288
332 286
341 287
350 288
