130 449
131 465
131 483
133 499
136 517
140 533
145 549
149 567
153 582
159 598
169 612
181 625
192 636
206 647
221 657
234 666
247 677
262 686
277 694
293 702
308 711
323 713
340 714
358 709
372 702
387 691
399 680
411 668
424 656
436 644
447 632
458 617
466 603
475 588
483 573
489 557
493 542
498 526
501 509
503 492
504 473
315 484
304 494
292 505
287 519
290 534
303 544
318 543
335 540
347 549
363 545
377 538
391 543
407 539
414 524
411 510
398 500
390 487
264 598
274 592
285 588
298 586
310 585
323 585
336 585
348 587
361 587
374 586
386 587
398 590
410 594
418 603
411 613
402 623
392 631
382 637
371 642
359 644
346 645
333 643
322 640
311 635
301 628
290 622
280 616
270 609
266 602
276 601
286 600
297 600
307 602
317 604
328 604
338 604
349 604
360 604
371 604
381 603
392 603
402 603
410 606
400 608
390 609
380 610
369 611
359 611
348 611
338 610
327 610
317 609
307 607
296 606
286 604
276 604
396 436
403 429
410 425
418 422
426 420
435 418
444 417
453 417
462 418
469 422
475 429
473 437
466 443
457 445
448 445
439 444
430 444
421 443
412 442
403 441
298 427
290 419
282 413
274 408
265 404
255 403
244 403
234 404
225 407
216 411
207 415
215 423
223 429
232 432
242 434
252 436
262 436
273 436
283 435
294 435
386 383
396 374
407 371
420 370
433 371
446 371
459 372
471 374
482 378
492 385
499 395
491 400
481 395
470 390
457 390
445 393
433 394
420 395
407 395
397 389
320 379
306 372
290 368
275 363
260 358
244 356
226 355
210 357
195 362
181 371
172 385
187 380
204 377
221 377
238 377
255 378
270 382
285 389
300 393
317 393
