256 328
257 340
259 353
261 365
264 379
266 391
269 403
274 416
280 427
286 438
295 448
303 459
313 466
320 477
325 489
334 497
344 505
356 511
369 515
380 520
394 521
405 519
417 514
428 507
438 499
449 490
458 481
465 471
471 459
476 447
479 435
483 423
488 411
495 399
501 389
507 377
513 366
518 354
522 341
524 329
525 315
336 356
331 365
326 374
322 383
324 392
334 396
344 398
353 399
364 401
374 400
384 398
395 396
404 392
411 385
410 375
404 366
399 357
310 433
320 431
330 427
340 424
351 423
363 423
374 422
386 421
397 422
408 423
419 424
430 426
441 427
440 438
433 447
425 454
416 461
407 468
398 473
388 476
377 478
365 478
354 477
345 473
335 468
326 461
318 453
313 443
318 436
325 430
335 429
344 429
354 429
364 430
374 431
383 431
393 430
402 429
412 429
422 429
432 428
441 430
436 437
428 442
420 446
412 451
404 456
396 458
386 460
377 460
367 460
358 458
349 455
341 452
333 448
325 442
405 315
407 310
411 306
416 303
421 301
427 299
432 299
438 298
444 299
449 301
454 304
455 309
450 312
445 313
439 315
433 315
428 316
422 317
416 317
410 317
332 315
328 310
323 307
318 305
312 305
305 305
299 305
293 307
288 308
282 311
277 314
283 317
288 319
294 321
300 322
306 322
313 322
319 322
325 322
331 321
394 272
399 266
407 265
415 264
424 264
432 263
440 262
449 262
457 265
463 269
469 275
466 282
458 281
450 280
441 281
433 282
424 282
416 282
408 281
400 279
333 290
333 283
327 278
321 275
314 273
306 272
299 271
291 271
284 273
278 276
273 282
268 287
275 291
281 288
288 288
296 289
304 289
311 290
318 291
326 291
