550 613
548 639
544 663
541 690
543 716
546 743
548 768
553 795
566 816
582 837
600 856
619 875
639 893
659 910
679 927
702 940
724 953
748 966
772 974
799 977
823 980
850 983
877 980
902 975
924 961
945 946
962 926
980 907
999 887
1015 868
1033 848
1051 830
1068 809
1082 786
1092 762
1099 736
1107 712
1116 687
1122 661
1119 636
1115 608
859 568
846 589
836 613
829 639
823 663
828 688
852 696
877 701
901 701
929 697
953 688
977 681
991 660
986 634
976 610
962 590
946 568
734 777
753 762
775 757
799 757
824 757
848 757
873 757
897 756
922 755
946 754
969 751
992 747
1016 750
1014 772
999 791
984 809
967 827
951 845
933 862
913 873
888 873
867 866
845 860
825 850
805 840
786 827
767 812
752 794
743 782
759 777
777 775
795 774
814 773
832 772
851 772
870 773
888 774
907 774
925 773
943 771
961 768
978 765
982 772
966 779
951 787
935 795
920 803
902 806
883 806
865 805
846 804
828 802
810 800
793 797
775 794
758 789
978 505
981 494
990 484
1000 478
1012 474
1024 471
1036 470
1048 472
1060 475
1071 481
1081 488
1085 499
1074 506
1063 511
1051 513
1039 514
1026 515
1013 514
1001 512
989 510
788 506
777 497
765 490
753 485
740 483
726 483
712 485
699 488
687 493
675 499
664 505
676 511
688 516
701 519
714 521
728 522
742 522
756 520
770 518
783 516
952 440
961 423
976 411
994 404
1012 399
1032 398
1052 396
1072 395
1090 399
1106 411
1117 426
1119 445
1101 439
1084 432
1064 432
1044 434
1025 437
1005 439
986 443
969 449
842 453
841 427
819 416
794 412
768 411
741 410
715 411
689 414
666 422
646 437
630 457
619 479
639 462
661 452
685 447
712 447
739 446
765 445
791 446
817 448
