549 673
544 695
539 716
531 737
531 761
535 783
540 804
549 825
559 846
572 864
584 881
600 899
617 915
632 931
646 948
660 967
673 985
691 998
713 1007
735 1011
758 1010
780 1006
800 1000
822 990
840 978
857 963
874 947
889 932
903 914
916 894
929 877
941 858
953 838
966 819
977 800
986 778
993 756
1001 735
1006 714
1008 691
1009 668
732 674
722 686
713 698
707 714
714 728
727 739
740 748
753 757
769 763
784 762
798 755
811 745
824 735
833 722
830 707
821 692
811 678
679 812
689 805
701 802
713 800
725 798
738 799
750 803
762 805
774 803
786 801
800 801
812 803
824 805
837 807
847 815
837 824
827 829
815 832
802 833
788 833
776 832
762 831
750 831
737 830
724 827
713 824
702 820
691 815
700 810
708 808
716 811
724 814
732 816
740 815
749 816
757 818
766 818
775 818
783 817
792 816
801 816
809 814
818 816
810 816
801 816
793 817
784 818
775 819
767 819
758 819
749 818
741 817
732 816
724 814
716 811
708 809
830 604
839 600
848 594
856 589
865 584
875 580
884 577
895 577
906 578
915 583
921 592
921 603
912 609
903 612
892 614
881 613
871 612
860 611
850 609
840 607
704 603
702 597
695 590
688 583
681 576
673 571
664 569
654 569
644 570
636 573
628 578
622 586
629 593
637 597
646 600
655 602
665 603
675 603
685 602
695 602
815 530
830 521
848 524
866 527
883 531
900 536
917 541
934 545
950 555
962 568
972 583
956 584
939 578
923 572
906 567
889 563
872 558
854 554
836 552
819 547
728 531
723 515
708 508
690 505
673 503
654 503
636 504
618 507
601 511
586 519
576 534
572 551
589 547
605 541
622 537
640 535
657 533
676 531
694 532
712 535
