68 386
66 403
68 419
70 436
74 453
79 468
85 485
93 500
102 514
111 527
122 540
134 552
147 564
160 576
172 586
186 596
201 604
216 609
233 611
250 611
268 609
284 606
300 601
315 594
329 585
343 573
354 562
365 549
376 535
385 523
396 509
405 494
414 480
421 466
426 449
429 432
431 415
432 399
433 381
432 364
430 347
204 350
196 362
187 373
183 388
188 401
200 409
216 410
231 408
245 408
261 406
276 406
290 404
300 394
299 378
292 366
281 355
270 343
180 477
189 472
197 466
205 460
214 456
224 455
234 456
244 457
254 455
264 454
274 455
284 458
293 461
302 464
311 467
307 474
297 475
287 476
278 479
269 482
260 486
250 488
240 487
230 485
220 484
210 482
199 482
189 481
182 476
190 473
199 471
207 469
217 469
227 469
236 469
246 469
255 468
265 468
274 467
283 466
293 467
302 468
311 470
302 469
293 468
284 467
274 467
265 468
255 469
246 469
236 469
226 469
217 469
208 469
199 471
190 474
283 285
289 278
296 274
303 270
311 268
318 266
327 265
335 265
343 267
350 270
357 276
356 285
349 289
341 291
332 291
324 290
316 289
307 288
299 288
291 286
187 289
180 287
173 285
165 284
157 284
149 284
142 286
135 290
129 294
123 299
118 305
124 308
132 309
140 309
148 307
155 305
162 302
168 299
176 296
183 294
260 234
270 222
283 215
298 212
312 209
327 206
343 206
357 209
370 216
381 227
389 239
378 245
365 239
351 234
336 236
322 240
308 244
294 248
279 249
263 248
206 248
201 235
188 229
173 227
158 226
142 225
127 227
113 231
101 237
89 248
82 261
80 276
92 270
104 260
117 254
133 253
148 255
162 257
178 257
194 256
