71 371
74 380
77 390
79 399
83 408
86 417
91 425
94 434
99 443
104 452
108 460
114 467
120 475
127 482
133 489
140 496
148 502
156 506
166 508
176 508
186 507
195 507
204 505
214 503
222 499
231 493
238 487
244 479
249 471
254 463
260 455
265 447
271 439
276 431
280 422
284 413
287 404
289 394
291 385
294 376
296 366
166 330
164 340
160 349
152 357
151 366
155 376
164 380
176 380
186 382
197 382
207 381
217 378
224 370
223 359
218 350
209 344
209 333
143 423
150 420
156 417
164 415
171 414
179 414
186 414
194 415
202 415
210 416
217 417
225 417
233 417
231 423
228 430
224 436
219 442
212 447
206 450
199 451
191 452
183 452
176 451
169 449
162 446
156 441
150 436
146 430
154 425
157 423
161 422
166 422
170 421
175 421
179 421
184 421
188 421
193 421
197 421
202 420
206 420
211 420
213 423
210 425
206 426
202 428
198 429
193 429
189 429
184 429
180 429
175 429
170 429
166 429
162 427
158 426
216 281
219 276
224 272
229 270
234 267
240 266
246 266
252 267
257 269
263 271
267 275
268 281
263 284
257 285
251 286
245 287
239 287
233 287
227 286
221 284
149 280
146 275
141 272
136 269
131 267
125 268
119 269
114 271
109 273
105 277
102 282
105 287
109 291
114 293
120 293
126 293
132 292
137 290
142 288
147 285
201 261
207 253
217 250
227 248
238 247
248 246
259 245
269 246
280 247
289 251
296 258
292 266
282 263
273 260
262 259
252 260
241 262
231 263
221 265
210 266
160 252
151 247
142 245
132 243
122 243
112 243
102 242
92 243
83 247
76 253
72 262
80 266
89 263
97 259
107 256
117 256
127 258
136 259
146 261
156 260
