148 305
150 323
153 343
156 363
159 384
161 404
167 423
176 441
184 458
195 475
206 491
217 507
229 524
244 539
257 552
276 563
292 571
311 580
329 586
350 592
370 594
389 591
408 587
429 580
447 573
464 563
480 549
493 534
506 520
520 506
536 492
547 477
556 458
563 440
569 420
574 402
579 382
582 363
587 343
591 324
595 302
308 328
302 343
294 358
283 372
278 388
284 405
301 406
317 411
334 414
352 412
369 408
385 403
399 393
398 376
387 364
377 350
371 333
277 458
289 458
300 457
311 458
322 460
332 461
344 461
354 459
365 457
376 456
387 456
398 455
409 454
413 462
405 470
397 478
389 486
380 491
370 495
360 498
349 500
338 500
328 499
318 495
309 489
300 483
292 475
286 466
283 461
292 464
301 466
310 468
319 471
328 473
337 475
347 474
356 472
365 470
374 468
383 466
392 464
401 462
410 459
402 462
393 464
384 466
374 468
365 469
356 472
347 474
337 474
328 473
319 470
310 467
301 465
292 463
398 279
403 272
408 265
414 259
422 255
430 254
439 254
448 256
456 257
464 260
471 264
476 271
467 272
458 273
450 274
440 274
431 274
423 276
415 278
406 280
275 279
270 273
264 268
258 264
250 262
243 261
234 261
227 262
220 265
213 269
208 275
214 279
221 283
228 285
236 286
244 286
252 285
260 285
268 286
275 287
381 241
391 230
405 226
420 224
434 221
448 218
463 216
478 216
493 219
506 225
518 233
514 245
499 244
484 241
469 241
453 242
438 243
423 244
408 247
394 248
290 256
287 244
275 237
262 233
248 229
234 227
219 226
205 224
190 225
177 230
166 241
159 253
173 250
188 249
202 248
217 247
232 248
247 249
262 251
275 255
