468 628
469 649
470 671
471 692
475 715
479 736
485 758
490 778
497 799
507 820
520 837
534 853
551 869
566 884
584 898
602 908
624 918
643 926
665 934
685 941
707 947
729 945
749 943
771 938
792 933
814 924
833 914
851 901
868 886
881 871
894 852
905 831
914 812
922 792
928 770
933 749
938 728
942 707
946 685
951 664
955 640
724 643
721 658
707 667
695 679
696 695
708 708
725 707
741 707
757 714
773 718
789 713
806 714
822 711
829 696
825 681
815 666
805 651
655 775
669 770
683 765
696 761
711 758
728 758
744 758
759 760
774 762
790 761
806 762
820 765
834 769
848 774
847 789
835 799
822 806
809 813
795 817
779 819
764 820
748 819
734 815
720 810
706 806
693 799
680 791
668 783
666 774
679 773
692 771
705 771
719 771
732 772
745 771
759 770
772 770
786 770
799 771
812 772
825 774
837 777
847 780
835 784
823 787
810 788
796 788
782 788
769 788
755 788
742 786
730 784
717 782
704 780
691 779
678 777
813 585
821 580
830 577
841 576
851 577
861 578
870 580
879 583
888 586
897 589
906 592
902 595
892 595
882 594
871 594
861 594
851 594
841 593
831 592
822 590
697 574
688 571
678 568
668 565
658 563
647 562
636 560
625 560
615 562
605 565
596 568
605 571
616 573
626 575
637 576
647 578
658 579
669 580
680 579
691 579
825 513
830 503
840 500
852 500
864 500
875 500
886 502
897 506
906 511
915 518
922 527
921 537
910 535
899 533
889 530
878 527
868 524
857 521
846 520
834 519
708 496
699 490
689 486
677 485
666 486
655 489
645 492
635 497
626 503
617 510
607 517
617 513
628 511
640 509
650 507
662 505
673 504
685 504
696 505
708 505
