270 502
267 516
266 534
265 550
264 566
263 582
264 596
267 613
269 629
273 645
279 659
286 674
293 688
302 702
311 715
320 728
331 740
344 750
358 759
372 765
388 770
404 773
418 773
436 771
451 768
466 764
482 758
496 753
511 745
524 736
536 726
547 714
559 702
569 690
578 678
586 664
594 649
600 634
605 619
610 604
615 588
400 515
391 525
381 535
374 547
377 561
386 571
396 582
407 591
419 598
433 596
447 592
460 588
472 582
483 572
483 559
477 546
469 533
321 594
335 587
350 591
365 596
380 601
395 608
410 614
425 618
441 620
458 622
475 624
491 626
506 630
506 647
493 658
480 668
467 677
453 685
437 690
420 688
405 684
390 680
375 674
362 664
350 651
340 638
333 624
327 609
335 597
349 600
362 603
375 608
387 613
399 620
411 626
425 628
440 627
454 627
469 626
483 627
496 629
507 637
497 648
485 654
473 659
459 663
446 665
431 665
417 664
404 660
391 656
379 651
367 643
357 632
349 621
342 609
497 481
504 480
511 479
519 479
526 480
533 481
540 482
546 484
553 486
559 489
565 493
559 493
552 492
545 490
538 489
531 487
524 486
518 484
511 483
504 482
397 456
391 452
385 449
378 446
371 444
364 443
357 442
349 442
342 443
335 445
328 447
335 450
342 451
349 451
357 451
365 450
372 450
380 451
387 453
393 455
495 451
501 441
510 436
520 433
531 433
541 436
551 439
560 443
570 447
580 450
589 457
591 464
581 460
571 457
560 456
549 455
537 455
526 456
515 457
505 456
419 422
414 413
405 406
395 401
384 398
373 396
362 394
351 391
340 391
329 394
320 401
332 400
344 400
354 403
364 408
374 413
384 419
393 425
403 429
414 431
