204 273
207 288
210 305
212 322
212 339
214 355
217 371
224 387
235 400
246 411
259 424
271 435
282 448
294 458
307 467
323 476
336 484
352 494
365 502
380 509
395 516
412 517
429 516
446 512
461 504
472 492
481 477
489 463
497 449
507 436
519 423
529 411
539 397
547 381
553 367
559 351
563 335
566 318
568 301
569 284
571 267
394 284
386 297
380 311
376 325
378 340
390 348
404 353
419 356
434 358
449 358
463 349
473 340
484 328
480 314
472 302
463 288
456 275
323 375
337 379
352 382
366 385
381 387
396 389
411 390
427 390
441 388
455 383
468 378
482 373
495 367
498 377
490 389
481 401
472 413
463 424
451 433
437 438
422 439
408 436
394 431
382 424
370 416
358 406
346 396
335 385
329 378
342 381
355 384
368 387
381 390
394 393
407 396
421 397
435 396
447 392
459 387
471 381
483 375
495 369
494 378
485 389
474 399
463 407
452 413
439 418
426 419
412 417
399 414
387 410
374 406
362 400
351 394
339 387
470 216
475 212
480 208
485 204
491 201
497 199
504 199
510 199
516 201
522 204
527 207
527 213
521 215
515 217
509 218
502 219
495 220
489 220
482 219
476 219
366 221
358 217
351 213
344 209
336 207
327 207
319 208
311 212
304 216
297 221
289 224
297 229
304 231
313 233
321 234
330 234
339 234
348 233
356 231
364 229
467 194
470 184
476 175
485 169
494 165
504 162
513 159
524 157
535 158
545 160
554 164
556 172
545 172
534 171
523 172
514 175
504 180
495 184
486 189
477 193
375 185
363 175
350 170
335 167
320 166
304 166
289 167
274 170
261 175
249 185
240 197
251 188
265 182
279 178
294 176
310 177
324 179
338 183
352 188
365 194
