216 411
220 424
225 438
230 453
235 467
241 481
247 495
255 507
264 518
274 528
284 539
293 551
302 563
312 574
325 584
338 590
353 594
368 596
381 599
397 600
411 600
426 599
441 596
455 592
468 585
479 575
489 564
498 552
507 539
515 527
521 514
528 501
535 489
543 475
550 462
557 448
563 435
568 420
572 406
576 392
579 377
376 390
369 404
359 416
356 432
354 447
364 459
377 464
393 465
409 462
425 462
441 462
457 458
466 447
468 432
460 417
454 402
451 387
342 513
353 508
365 509
377 510
389 509
402 508
414 507
426 506
438 504
450 502
461 500
472 497
484 495
485 505
478 515
471 524
463 533
454 542
443 547
433 551
421 553
409 554
397 553
386 550
375 546
365 540
356 532
348 523
349 512
359 512
369 515
378 518
388 520
398 520
409 520
419 519
429 517
438 515
447 512
457 509
466 506
474 502
481 499
472 504
463 508
454 513
446 516
436 519
427 522
417 523
407 524
396 524
386 523
377 520
367 518
358 515
461 320
463 313
467 307
473 301
480 297
486 294
494 293
502 293
510 294
517 297
523 301
526 307
520 311
513 315
507 318
500 320
492 321
484 322
476 322
468 322
341 331
337 325
331 319
324 315
317 313
309 313
302 315
295 317
288 321
282 325
275 330
281 336
288 340
295 344
302 346
310 346
318 345
325 343
333 342
340 339
462 259
470 252
480 249
490 246
499 243
509 240
520 238
531 239
540 243
549 249
555 258
549 265
538 267
528 269
517 269
506 269
495 268
484 268
474 271
463 270
344 283
334 275
323 272
311 271
299 273
287 274
276 276
265 280
255 285
246 294
240 304
250 311
261 314
273 311
284 308
295 304
305 300
316 297
328 295
340 293
