370 455
369 469
369 484
369 499
370 514
371 529
374 544
378 557
383 572
389 586
396 598
404 611
412 623
421 635
428 648
437 661
447 672
457 681
471 689
484 694
498 698
513 700
527 700
544 698
558 695
572 694
587 692
602 688
616 683
628 675
640 665
651 656
661 646
671 634
680 623
688 610
695 596
701 583
709 570
716 556
722 543
520 485
511 494
501 502
493 512
491 526
497 538
509 543
521 546
534 548
548 552
560 556
573 557
585 552
588 541
586 526
582 514
577 501
460 585
471 584
481 583
491 581
502 581
512 582
521 587
530 590
540 587
550 589
559 593
567 599
576 605
584 611
578 620
569 625
560 630
551 633
541 636
531 637
520 636
510 634
501 630
492 625
484 619
477 611
471 603
466 594
468 588
475 590
483 592
490 595
497 598
505 601
512 604
519 607
527 608
535 609
543 611
552 611
560 612
569 612
576 614
568 612
560 613
551 612
543 611
535 610
527 609
519 607
511 605
504 602
497 599
489 596
482 593
475 591
603 446
609 441
615 437
622 433
630 432
638 432
646 433
653 435
660 438
667 441
672 448
667 454
660 458
653 461
646 461
638 460
630 459
623 457
616 454
609 451
511 419
508 412
502 407
496 402
490 399
483 397
475 395
468 394
460 395
453 397
447 402
452 408
457 413
463 418
470 420
478 421
485 422
493 423
500 424
508 425
619 396
629 391
639 388
651 387
663 388
674 390
684 394
694 399
703 406
711 414
716 424
712 431
704 423
694 417
684 413
674 410
663 406
652 404
640 403
628 403
521 365
511 358
501 353
490 349
479 344
468 340
456 340
444 342
433 346
423 351
413 358
426 359
438 358
450 357
462 358
474 360
486 363
497 366
508 371
519 374
