342 472
344 487
346 501
345 515
345 530
346 544
348 558
353 572
360 585
369 595
380 606
391 614
401 624
413 634
424 642
437 648
450 654
464 660
478 665
492 669
506 672
519 676
534 678
548 676
562 671
575 665
587 657
600 650
613 643
625 636
637 627
648 617
656 607
663 594
669 580
672 566
674 551
675 538
676 523
677 508
678 493
512 468
508 477
500 483
495 494
495 505
503 512
514 515
525 518
534 524
544 530
555 527
565 523
575 518
583 510
582 500
575 491
572 480
440 543
452 540
465 540
478 540
491 541
504 542
518 542
530 544
543 545
556 546
569 548
581 551
594 553
603 559
594 569
584 577
574 583
562 588
550 591
538 592
524 593
512 591
499 588
488 583
477 577
467 569
457 562
447 554
447 547
458 546
469 547
480 548
490 550
500 553
510 555
521 557
532 558
543 558
554 558
565 558
577 557
588 558
592 565
582 568
571 569
560 570
549 571
538 571
527 571
516 569
506 567
495 566
484 564
474 562
464 560
454 556
578 425
583 419
588 414
594 411
600 408
608 408
615 408
621 410
628 413
634 416
639 421
642 426
635 427
628 428
621 429
613 429
606 429
599 428
592 427
585 426
488 410
483 405
478 402
472 400
466 398
460 398
454 399
448 400
442 402
436 404
431 406
434 412
439 415
445 416
451 416
458 416
464 416
470 415
476 414
482 413
586 379
592 371
600 366
609 364
619 364
629 366
639 367
648 371
656 375
665 380
672 387
670 392
662 387
654 382
645 379
635 377
625 378
615 379
605 381
595 382
496 358
487 352
477 349
466 349
456 350
445 352
435 354
425 358
417 365
410 373
403 382
413 378
422 373
431 368
441 365
452 364
463 365
472 368
483 370
494 368
