632 805
637 830
644 856
650 882
656 910
664 935
672 963
679 988
688 1013
699 1037
707 1063
719 1090
732 1115
748 1135
770 1151
796 1162
823 1160
850 1158
875 1157
903 1156
929 1150
956 1141
981 1136
1008 1126
1031 1112
1058 1102
1083 1097
1111 1089
1136 1083
1163 1076
1187 1068
1212 1056
1228 1035
1235 1008
1241 981
1247 955
1250 926
1253 899
1257 874
1263 847
1268 818
814 712
805 738
794 762
784 788
784 815
796 837
821 846
849 839
873 833
901 832
928 826
953 814
966 791
955 769
940 743
928 721
913 695
798 938
805 923
813 909
824 895
837 884
853 878
871 878
886 870
902 866
919 869
934 875
949 881
964 888
979 896
992 907
996 924
982 934
967 941
951 945
933 946
915 947
898 950
882 954
866 958
849 961
832 963
814 963
799 956
812 953
818 941
828 932
838 924
850 919
863 915
875 912
888 911
902 909
915 908
929 908
943 909
957 910
970 912
982 916
973 916
960 914
947 913
933 911
920 910
906 911
892 912
879 914
866 916
854 921
843 927
832 935
822 943
952 637
957 627
966 618
976 612
986 607
997 604
1008 602
1020 603
1032 605
1042 609
1052 615
1054 625
1044 630
1034 634
1023 637
1012 639
1000 640
988 641
975 640
963 640
790 672
788 662
779 658
769 655
758 654
747 655
737 657
727 661
718 666
710 674
705 683
702 693
711 696
722 697
733 697
744 696
754 693
763 689
773 685
782 679
903 557
910 537
930 529
953 527
976 526
999 527
1022 528
1044 532
1065 539
1084 550
1100 566
1100 585
1080 578
1060 570
1039 565
1016 562
993 563
970 561
948 558
925 555
784 579
776 566
762 560
745 561
730 569
717 579
703 588
689 594
676 606
668 620
662 635
656 650
673 648
686 638
699 627
713 618
727 611
742 604
756 596
769 587
