175 400
171 425
171 450
169 476
170 502
173 528
181 551
191 574
203 598
217 621
230 641
245 662
261 682
277 703
293 723
309 744
325 763
343 780
365 797
388 808
412 812
439 811
464 804
486 795
509 782
530 768
553 753
576 740
597 729
620 716
643 703
662 689
682 671
698 651
712 628
724 605
734 582
743 558
750 533
757 509
765 483
450 487
432 494
414 504
406 521
403 542
415 558
433 569
450 579
469 586
488 590
508 591
530 594
549 593
568 584
575 565
571 547
566 526
347 634
363 632
378 638
394 640
411 642
427 645
442 650
457 655
474 658
491 658
508 659
524 662
540 665
556 670
550 682
535 689
520 694
505 699
490 704
473 706
456 706
439 704
424 699
410 692
397 681
384 669
373 656
360 644
364 640
378 643
391 647
404 652
417 657
430 662
442 668
455 674
469 676
483 674
497 671
511 669
526 670
541 671
555 673
541 673
526 672
512 671
497 672
483 675
468 676
454 675
441 670
429 664
416 658
403 653
390 649
377 645
594 416
601 406
610 396
620 388
631 382
643 380
656 379
668 381
680 385
689 393
697 403
697 416
689 426
678 431
665 433
652 434
640 434
627 431
616 428
605 423
443 374
438 361
431 350
422 338
411 329
398 325
384 323
369 323
355 325
341 329
330 338
337 350
346 361
357 370
369 377
382 382
395 385
409 387
424 388
438 387
595 327
610 320
626 315
643 313
660 311
678 310
696 309
713 306
729 309
743 319
752 334
748 348
732 343
715 342
697 341
679 340
661 339
644 337
626 338
609 338
481 291
464 279
447 270
429 260
412 251
394 243
375 236
354 234
335 238
317 246
300 259
320 262
341 261
362 263
382 268
400 276
418 284
436 291
454 299
473 304
