350 376
351 389
354 404
356 417
359 431
365 445
370 458
376 471
384 484
391 496
400 508
407 519
415 531
423 544
432 554
443 564
456 572
469 578
483 580
497 581
512 582
526 583
540 583
554 579
566 571
577 562
588 553
600 545
613 539
626 532
637 524
646 512
652 499
657 485
659 472
663 457
666 443
669 430
673 416
676 402
680 387
482 373
473 381
466 392
465 406
471 418
484 418
497 420
510 424
522 429
533 425
547 424
560 426
573 428
578 416
577 403
574 390
567 378
437 468
448 466
460 465
471 464
483 463
495 465
506 467
518 468
530 467
542 468
554 467
566 469
577 471
588 474
584 484
574 490
564 496
554 500
543 502
531 503
519 504
507 504
496 502
485 499
474 495
464 490
455 482
446 475
455 471
464 472
472 473
481 474
489 476
498 478
506 479
515 480
524 480
533 480
542 479
551 479
560 479
569 479
577 478
569 479
559 480
550 479
541 479
533 480
524 481
515 480
506 479
498 478
489 476
481 475
471 475
463 474
570 316
576 311
582 308
588 305
596 304
603 303
611 302
618 303
625 305
631 309
635 315
633 322
627 325
620 327
612 326
605 325
597 324
590 323
583 322
576 319
470 308
465 304
459 301
453 299
446 298
440 296
432 296
426 297
419 298
413 301
408 306
414 310
420 313
426 314
432 316
439 316
446 316
453 315
459 314
466 312
557 278
560 265
568 254
580 247
595 247
609 249
623 250
637 251
650 255
663 259
674 266
680 277
667 281
653 279
639 278
625 279
611 281
597 282
582 283
568 284
499 274
494 260
481 251
467 246
452 243
436 242
420 242
403 242
388 245
374 249
361 257
374 265
390 266
406 266
421 269
436 274
449 279
464 284
477 289
493 287
