326 439
329 450
332 462
336 474
341 486
345 498
349 510
355 522
360 533
368 544
375 553
384 562
394 570
404 578
414 586
424 593
435 601
445 607
457 611
470 612
482 611
495 608
505 601
515 594
525 586
534 577
543 568
552 558
559 549
567 537
573 528
580 516
585 505
589 493
590 479
589 467
590 455
591 442
591 429
590 417
592 404
419 413
417 424
415 436
411 446
411 458
418 467
430 469
441 468
453 467
464 466
474 460
483 454
491 445
489 434
482 426
472 418
465 409
412 514
415 507
422 502
429 499
436 496
444 494
453 494
461 492
468 490
476 487
484 485
492 484
501 484
509 486
514 492
511 499
505 505
498 510
491 514
484 517
476 519
468 521
460 521
451 522
443 522
434 522
426 520
419 518
419 511
426 510
432 509
438 507
445 506
451 505
458 505
465 504
471 501
477 500
484 499
490 497
496 496
502 494
508 491
502 492
495 494
489 496
483 497
477 500
471 501
464 503
458 504
451 505
444 506
438 507
432 508
425 510
476 371
478 367
482 363
486 361
491 359
495 357
500 356
505 355
510 356
515 358
519 360
519 364
514 366
509 367
505 368
500 369
495 370
490 371
485 372
480 372
410 379
405 376
400 374
395 374
389 374
384 375
379 377
375 379
370 382
366 386
362 390
367 391
372 392
378 391
383 391
389 390
394 389
399 388
404 386
408 384
452 346
460 337
471 331
482 326
493 322
504 317
515 312
528 312
539 316
549 324
557 333
555 344
544 339
533 334
520 334
508 337
497 340
486 346
475 350
462 352
414 359
409 350
400 347
390 346
379 346
369 347
359 345
350 347
342 353
336 361
331 369
331 380
341 380
347 372
355 367
365 365
375 365
386 366
396 365
406 363
