576 766
576 787
577 810
581 835
585 857
590 878
595 902
600 924
609 946
620 966
635 986
649 1002
666 1021
681 1038
697 1054
714 1067
734 1080
755 1090
779 1098
798 1105
822 1112
846 1114
869 1112
891 1104
910 1095
931 1085
952 1073
971 1062
992 1047
1008 1031
1021 1012
1035 995
1049 977
1064 957
1074 937
1084 916
1093 895
1101 874
1109 850
1112 828
1113 803
784 741
772 755
760 771
753 788
754 808
769 819
788 827
805 830
826 830
845 834
863 840
883 841
898 833
906 815
905 795
898 777
890 759
705 900
715 887
730 881
746 878
763 877
780 879
796 882
812 884
829 886
845 889
860 894
874 900
888 909
902 916
915 928
903 940
887 944
871 946
854 948
838 951
821 952
804 951
788 948
773 944
758 937
745 928
732 918
718 908
715 897
729 898
742 902
757 901
771 904
785 907
798 911
812 913
827 914
842 915
855 918
869 922
883 923
898 923
910 927
896 930
881 929
866 928
852 926
838 925
823 923
810 920
796 916
783 913
769 909
755 907
741 905
727 901
934 675
942 668
950 664
959 662
969 661
979 662
988 663
997 665
1005 669
1013 674
1019 681
1012 689
1004 693
995 695
985 695
976 695
966 693
958 690
949 687
941 682
769 664
762 658
755 654
747 651
739 649
730 648
721 648
712 649
704 651
696 654
689 658
696 663
704 667
711 669
720 671
728 673
737 673
747 673
756 673
764 671
907 592
917 579
931 570
946 565
963 562
980 560
997 559
1014 563
1029 567
1044 574
1057 586
1064 601
1046 601
1029 600
1012 597
995 596
977 595
959 595
942 593
924 594
788 599
785 584
770 577
753 574
735 572
716 573
699 575
682 579
666 584
651 592
640 606
636 622
654 621
667 610
681 599
698 595
716 594
734 596
751 598
770 598
