1022 1453
1056 1523
1093 1593
1128 1661
1160 1737
1189 1803
1231 1876
1277 1939
1330 1995
1388 2048
1443 2101
1503 2154
1568 2201
1642 2235
1712 2257
1795 2270
1871 2280
1946 2289
2029 2296
2104 2296
2189 2290
2262 2286
2340 2277
2422 2253
2490 2213
2542 2161
2587 2094
2632 2025
2672 1965
2716 1894
2752 1828
2782 1749
2800 1676
2813 1594
2819 1519
2821 1442
2824 1358
2826 1282
2828 1205
2825 1128
2820 1042
1950 1211
1930 1261
1914 1322
1924 1375
1968 1419
2026 1424
2082 1428
2144 1436
2199 1435
2258 1420
2307 1388
2347 1345
2389 1302
2397 1245
2372 1192
2331 1154
2281 1115
1842 1706
1884 1668
1931 1645
1980 1627
2029 1609
2078 1590
2131 1581
2188 1581
2241 1570
2287 1544
2335 1522
2391 1518
2446 1522
2501 1528
2538 1559
2496 1597
2453 1634
2410 1669
2365 1698
2318 1722
2269 1741
2218 1754
2163 1759
2106 1757
2051 1750
1997 1743
1944 1733
1893 1720
1864 1703
1911 1694
1957 1680
2003 1668
2051 1660
2100 1655
2149 1649
2199 1644
2243 1629
2287 1611
2331 1596
2376 1582
2421 1568
2466 1553
2513 1544
2464 1549
2419 1564
2375 1581
2331 1595
2286 1611
2240 1622
2195 1637
2149 1649
2099 1653
2050 1659
2002 1667
1955 1677
1909 1690
2190 696
2222 663
2256 634
2294 617
2334 604
2376 597
2421 595
2464 601
2504 614
2543 629
2582 644
2561 680
2524 701
2483 711
2442 722
2400 731
2356 735
2310 735
2267 730
2225 721
1827 780
1786 765
1744 755
1699 750
1653 752
1610 762
1570 777
1531 795
1493 816
1457 842
1420 865
1461 877
1505 885
1551 887
1597 884
1640 874
1681 860
1719 842
1759 825
1799 810
2098 611
2107 554
2156 524
2206 497
2256 468
2306 441
2359 423
2415 410
2476 408
2533 418
2584 442
2592 491
2532 494
2470 494
2411 500
2354 511
2303 533
2254 565
2205 594
2155 621
1806 604
1736 576
1654 576
1579 592
1507 615
1436 639
1366 663
1297 694
1236 745
1193 809
1153 874
1230 861
1297 827
1364 790
1431 756
1499 723
1569 697
1644 681
1725 677
1807 674
