536 596
535 618
533 641
532 665
532 686
533 710
534 732
537 757
538 780
543 802
552 824
565 842
582 857
602 870
623 881
643 892
663 901
687 909
709 914
732 918
755 922
778 925
800 926
823 926
848 925
869 925
893 924
915 919
937 908
954 894
970 875
984 857
998 838
1010 819
1022 800
1033 779
1043 758
1049 736
1055 713
1059 690
1062 666
765 564
755 580
747 599
741 620
749 638
763 651
784 657
804 661
823 666
843 670
864 671
885 668
898 653
905 633
899 614
888 596
877 578
668 716
684 702
704 698
725 694
746 692
768 693
788 698
809 701
830 704
849 710
869 716
889 721
908 728
925 739
932 759
915 772
897 781
877 787
856 790
834 791
812 791
791 788
771 782
751 777
733 769
715 757
698 745
681 733
685 721
700 714
719 713
738 713
756 714
775 714
793 717
810 720
828 722
845 726
862 730
879 734
896 738
912 743
916 759
901 765
884 770
866 773
848 774
830 772
811 771
793 770
775 768
758 764
742 759
726 753
711 745
696 736
905 534
912 529
920 527
928 525
937 525
945 526
953 528
961 530
968 533
975 538
981 544
977 550
969 551
960 551
951 551
942 550
934 549
926 547
919 544
911 540
772 512
764 507
756 501
747 497
738 493
729 490
718 490
708 490
697 491
688 493
678 495
687 499
696 503
705 506
714 509
724 511
733 513
743 515
754 516
764 517
895 471
903 455
922 451
942 452
961 455
979 458
997 465
1013 473
1029 484
1043 498
1051 515
1049 534
1032 526
1019 511
1004 500
987 493
967 491
947 491
928 488
911 481
791 455
790 434
774 421
754 416
733 415
711 416
689 416
667 417
649 423
632 436
622 454
615 472
633 464
652 457
670 451
691 447
712 449
732 453
752 458
772 461
