310 398
308 410
306 421
305 434
302 446
302 458
303 470
306 481
311 493
317 503
324 514
332 524
339 532
348 541
357 549
368 556
377 563
387 570
397 577
408 583
419 588
431 590
443 591
455 592
467 592
480 591
492 589
503 586
515 582
526 576
536 570
545 561
553 552
560 542
567 531
571 521
575 509
579 497
583 486
589 475
594 463
444 420
438 425
433 432
432 440
435 449
441 455
449 457
457 461
463 467
472 468
481 468
489 466
498 463
504 458
503 449
502 441
498 433
389 480
399 480
408 479
418 479
427 479
436 480
445 483
453 487
462 489
471 490
479 495
486 499
494 503
502 509
499 517
491 522
482 524
473 526
463 526
454 525
445 523
437 520
429 517
421 512
413 507
406 502
399 495
394 488
395 483
403 484
410 485
417 487
424 490
431 492
438 494
445 496
452 499
459 501
466 502
474 502
482 503
488 506
492 511
485 513
477 514
469 514
462 513
454 512
447 509
440 508
434 505
427 502
420 500
413 497
407 493
401 489
521 396
525 394
530 392
534 390
539 389
544 390
549 392
553 394
557 397
561 400
564 404
563 409
558 409
552 410
547 410
542 409
537 408
533 405
529 402
525 400
447 374
443 369
439 364
434 359
428 357
422 355
416 354
409 354
403 355
396 356
391 358
395 363
400 366
406 369
411 372
417 375
423 376
429 377
436 378
442 378
513 372
518 363
528 361
537 358
547 356
558 355
568 357
577 361
586 368
593 376
598 384
598 393
589 387
581 381
572 375
563 371
553 369
543 371
533 373
522 374
454 334
447 326
438 321
429 318
419 315
409 314
399 312
389 314
380 318
371 323
362 326
372 327
382 325
392 322
402 320
412 322
422 325
431 329
439 335
448 340
