480 1382
494 1418
509 1458
525 1497
542 1535
558 1574
583 1612
609 1642
642 1671
679 1691
716 1710
755 1725
793 1745
831 1764
869 1784
906 1802
945 1820
983 1833
1025 1846
1067 1852
1107 1850
1148 1841
1190 1832
1227 1816
1257 1786
1264 1742
1271 1701
1279 1661
1288 1620
1303 1581
1319 1543
1338 1502
1353 1465
1364 1423
1373 1383
1381 1342
1389 1302
1386 1257
1371 1217
1365 1178
1355 1134
1053 1301
1032 1324
1012 1351
997 1380
1001 1413
1022 1439
1054 1452
1089 1450
1119 1456
1154 1468
1179 1451
1204 1429
1233 1409
1242 1376
1235 1346
1210 1320
1190 1293
921 1582
949 1576
979 1573
1010 1571
1038 1564
1066 1557
1094 1549
1120 1537
1146 1526
1174 1519
1204 1516
1236 1516
1264 1523
1267 1552
1261 1581
1251 1608
1234 1632
1211 1652
1186 1667
1159 1678
1129 1681
1100 1677
1071 1672
1043 1663
1018 1650
993 1635
969 1618
945 1600
925 1581
951 1583
975 1586
1002 1586
1026 1583
1051 1581
1076 1578
1100 1574
1125 1569
1149 1565
1171 1557
1193 1549
1216 1542
1238 1533
1247 1549
1232 1569
1212 1584
1191 1596
1169 1604
1145 1610
1120 1613
1095 1612
1069 1609
1044 1608
1019 1606
994 1603
970 1598
946 1593
1164 1135
1171 1122
1182 1110
1195 1102
1208 1095
1223 1091
1239 1089
1255 1088
1271 1089
1286 1093
1298 1103
1293 1117
1281 1129
1268 1137
1254 1143
1240 1148
1224 1150
1208 1150
1191 1149
1176 1146
935 1183
924 1172
907 1168
890 1163
874 1160
856 1159
839 1161
821 1164
805 1168
790 1176
778 1190
793 1197
808 1206
823 1214
840 1218
858 1217
875 1214
891 1209
907 1203
921 1195
1158 1038
1168 1019
1184 1001
1202 988
1222 978
1242 968
1261 957
1282 951
1306 951
1326 960
1342 978
1321 985
1299 981
1278 987
1259 1001
1240 1012
1221 1025
1203 1039
1184 1051
1164 1060
966 1065
941 1049
914 1040
882 1039
853 1045
824 1052
797 1062
769 1070
743 1083
718 1101
700 1125
728 1118
755 1107
783 1099
812 1093
841 1087
873 1089
904 1091
933 1096
965 1097
