730 913
723 942
717 970
712 1001
711 1029
710 1061
708 1089
708 1119
712 1149
716 1179
725 1208
737 1236
754 1260
777 1281
801 1299
824 1315
850 1334
874 1352
898 1366
927 1380
954 1388
984 1395
1014 1398
1045 1398
1075 1395
1102 1389
1131 1380
1160 1371
1188 1360
1215 1346
1239 1329
1258 1307
1275 1282
1291 1254
1305 1228
1317 1203
1329 1173
1338 1146
1348 1117
1358 1088
1368 1059
1044 950
1033 970
1015 992
1004 1014
1000 1038
1016 1058
1040 1070
1065 1075
1090 1077
1117 1077
1140 1083
1167 1087
1190 1076
1203 1054
1203 1028
1197 1003
1187 979
918 1156
940 1153
963 1152
983 1147
1006 1146
1029 1145
1049 1150
1071 1152
1094 1154
1115 1157
1136 1162
1154 1171
1172 1184
1188 1200
1185 1222
1168 1237
1149 1245
1128 1250
1106 1252
1084 1252
1063 1248
1043 1241
1024 1232
1006 1221
987 1211
970 1198
952 1184
935 1171
937 1159
955 1162
973 1165
990 1169
1008 1172
1026 1176
1043 1181
1059 1187
1076 1191
1094 1194
1112 1197
1130 1201
1148 1204
1166 1206
1184 1209
1166 1206
1148 1204
1129 1201
1111 1199
1093 1196
1075 1193
1059 1188
1042 1183
1024 1180
1006 1176
989 1172
971 1169
953 1165
1202 892
1208 880
1219 872
1231 866
1245 862
1259 861
1274 862
1286 867
1298 874
1309 883
1317 894
1319 908
1307 916
1293 918
1279 917
1265 915
1251 913
1238 910
1226 904
1214 898
1032 834
1024 822
1013 811
1001 803
989 797
975 792
961 790
946 791
932 795
920 803
908 811
918 822
930 830
943 837
956 842
970 846
984 848
999 850
1014 849
1029 848
1207 823
1224 805
1245 793
1266 785
1290 780
1315 780
1337 788
1358 800
1376 817
1388 838
1391 862
1384 884
1373 873
1367 850
1352 832
1330 822
1307 818
1281 817
1256 819
1232 823
1089 790
1093 765
1076 745
1054 732
1032 722
1009 714
984 709
958 706
933 710
911 722
896 743
884 764
905 749
927 738
952 733
976 739
999 750
1020 762
1042 774
1063 787
