605 794
604 820
604 846
604 876
605 903
606 931
609 956
616 983
627 1011
641 1033
659 1054
679 1072
700 1091
720 1112
733 1133
750 1156
771 1173
796 1182
825 1189
852 1191
878 1186
904 1175
927 1162
954 1149
980 1138
1005 1127
1027 1115
1054 1103
1078 1090
1101 1076
1123 1061
1143 1041
1161 1021
1179 997
1187 971
1194 945
1202 919
1207 892
1209 864
1211 836
1211 807
796 807
788 828
778 848
768 871
766 895
779 913
800 923
824 929
847 933
869 926
892 921
915 913
928 895
924 871
915 848
904 827
894 805
688 935
713 938
738 944
761 951
786 956
810 962
834 968
859 965
886 964
913 964
939 966
966 965
992 966
1014 973
994 991
973 1004
951 1014
928 1022
904 1029
880 1034
854 1036
827 1036
802 1031
779 1023
758 1010
737 995
719 975
704 955
711 947
732 950
750 959
770 966
789 974
808 981
828 987
850 988
872 988
894 986
915 983
937 980
958 977
979 974
988 983
969 990
949 995
928 1000
907 1004
886 1007
864 1008
842 1007
821 1003
802 997
783 990
764 981
745 972
727 961
949 732
957 721
968 714
979 708
991 704
1003 703
1017 702
1029 704
1041 708
1051 715
1061 724
1059 736
1048 742
1036 746
1023 747
1010 747
996 747
984 744
972 741
960 737
769 723
769 712
762 704
754 697
745 692
736 688
725 688
715 690
705 694
696 698
688 705
681 713
689 719
698 724
707 728
717 729
728 730
739 729
749 727
760 726
920 656
937 641
958 639
981 640
1003 641
1025 642
1046 645
1065 652
1083 663
1100 677
1113 694
1094 688
1077 676
1059 666
1038 662
1016 661
995 664
974 669
954 673
932 674
747 654
744 641
732 632
718 626
702 623
686 624
671 627
656 631
643 639
631 650
624 664
619 678
630 666
642 656
656 648
670 643
686 642
702 645
717 648
732 651
