254 340
255 351
257 362
258 373
260 384
260 396
262 407
264 419
266 429
269 440
274 451
281 459
291 466
301 472
310 476
320 482
330 487
340 493
350 497
362 500
373 502
384 503
396 502
406 501
418 500
428 496
439 492
449 486
457 479
465 470
473 463
480 453
485 444
490 433
492 422
494 411
497 400
500 390
502 378
504 367
505 355
366 327
361 335
357 343
353 350
356 359
363 365
371 366
380 367
389 370
398 369
407 367
415 365
423 360
424 352
421 343
416 335
410 328
333 404
340 400
348 396
355 393
364 391
373 390
382 391
391 391
401 391
410 392
418 394
426 397
434 400
440 407
436 415
430 421
423 426
415 430
407 433
399 435
390 436
381 435
373 433
365 431
357 427
349 424
342 419
336 412
338 407
345 405
352 403
358 401
365 399
373 399
381 399
388 399
396 399
404 399
412 399
419 400
427 401
433 403
435 409
429 413
422 416
415 417
408 419
400 420
393 421
385 421
377 421
370 421
362 420
355 418
348 416
342 414
418 293
422 291
426 289
431 288
436 287
442 288
447 288
451 290
456 292
460 294
464 298
462 301
457 301
451 300
446 301
441 301
436 301
431 300
426 299
422 297
354 295
352 290
348 287
343 285
337 284
331 283
326 283
320 284
315 286
310 289
306 292
301 296
307 296
313 296
319 297
325 296
331 297
337 297
343 296
349 296
418 270
422 263
428 260
436 259
444 259
452 259
460 260
467 262
474 265
480 269
483 276
484 284
477 280
471 276
464 273
457 272
449 272
441 273
433 273
425 272
356 260
349 256
341 254
332 254
323 254
314 254
306 255
299 258
292 263
286 269
280 275
288 274
296 272
304 269
311 268
320 267
328 266
337 268
345 268
353 267
