425 518
422 534
421 549
424 567
426 581
429 598
432 615
437 630
443 645
450 660
458 675
465 688
473 704
481 718
488 732
496 746
505 759
517 770
533 778
548 782
565 785
581 786
598 785
613 780
627 771
639 760
651 749
664 738
675 728
686 716
695 702
702 687
709 673
717 658
724 643
731 629
737 613
742 598
748 583
753 568
759 551
522 520
517 533
509 546
499 557
502 572
513 581
526 589
540 594
555 594
571 594
586 592
601 588
613 580
618 565
614 552
603 540
597 526
491 628
503 619
517 618
533 617
547 619
562 621
577 620
592 621
607 622
622 623
637 624
651 627
663 635
661 649
650 661
639 670
627 677
614 683
601 689
588 693
574 696
559 695
545 692
532 686
520 677
510 666
502 654
496 641
493 626
506 624
519 626
531 629
544 632
556 634
570 634
583 635
596 636
609 634
622 632
635 631
648 631
661 634
652 644
642 652
631 658
619 663
607 666
594 667
581 669
567 669
555 667
542 665
531 660
520 654
509 647
499 638
629 472
632 466
638 462
645 461
653 460
660 460
668 461
675 462
682 463
689 466
695 471
694 478
687 478
679 479
672 479
664 479
656 478
649 479
642 478
635 475
518 455
515 450
509 448
504 446
498 444
492 443
486 443
479 443
473 444
467 446
463 451
468 454
473 457
479 460
484 462
490 463
496 464
503 463
509 462
514 460
607 435
619 427
633 425
648 425
663 426
678 427
692 428
707 429
720 434
731 443
741 454
732 461
719 456
706 452
692 450
677 449
663 447
648 446
634 444
620 441
511 415
505 408
496 404
487 402
478 401
469 398
460 396
450 396
441 400
434 407
430 415
437 422
447 421
456 419
466 418
475 420
484 422
493 425
502 427
511 425
