439 390
441 405
444 424
447 442
450 458
454 476
457 493
462 510
470 526
478 542
486 558
497 572
509 584
522 597
535 609
548 620
563 632
576 642
591 652
608 658
625 661
643 661
660 659
678 653
694 646
708 637
724 627
738 617
753 607
767 596
781 587
794 575
805 560
814 545
823 529
830 514
837 498
844 481
850 464
856 447
861 430
608 396
601 408
593 421
590 437
594 451
605 461
620 466
634 464
649 462
664 459
678 463
692 471
706 468
717 457
719 442
716 428
710 413
575 522
585 513
598 510
611 507
625 506
638 508
652 508
666 510
677 516
688 523
699 533
700 547
697 559
692 572
687 584
680 595
670 605
659 612
646 615
632 615
619 612
607 607
597 598
589 587
584 575
579 563
577 550
575 536
582 524
592 520
603 520
614 522
624 525
635 526
647 527
657 529
668 530
680 531
690 534
690 545
687 556
683 565
678 575
673 584
665 592
655 596
644 597
633 598
622 596
613 591
604 584
597 575
592 566
589 556
585 546
583 536
736 339
740 330
748 323
757 318
766 315
776 313
787 313
796 315
806 318
814 323
823 329
824 339
815 345
806 347
796 349
785 348
775 346
766 343
756 340
746 340
594 326
595 316
590 308
582 300
574 295
565 291
555 290
545 290
535 292
526 296
518 301
511 309
518 316
526 322
534 326
544 329
554 330
564 329
575 329
584 327
732 285
738 272
751 266
766 263
781 261
797 260
812 262
826 266
839 272
852 280
864 290
864 302
850 296
837 290
823 286
809 283
793 281
778 281
762 283
747 285
607 261
596 252
583 248
569 245
555 244
541 243
527 245
514 249
502 255
491 264
479 272
493 274
506 269
518 263
531 258
545 257
559 258
572 262
585 266
598 270
