557 345
555 370
553 398
554 425
562 452
574 477
583 501
590 528
604 551
625 570
645 588
668 604
690 619
710 636
732 654
752 670
776 683
803 692
830 697
856 703
883 699
911 695
937 690
963 681
987 666
1004 646
1017 623
1036 602
1055 583
1074 562
1090 540
1105 517
1120 496
1137 472
1147 447
1149 421
1152 393
1154 365
1157 340
1160 312
1162 283
785 273
765 290
748 307
730 328
739 350
764 362
788 368
814 368
842 364
868 359
893 358
920 355
943 342
957 321
951 296
934 276
913 259
707 467
722 446
743 431
768 423
794 420
822 420
850 420
874 412
900 408
928 408
956 407
983 408
1007 416
1020 438
1011 462
994 482
973 499
951 514
930 530
908 543
882 549
856 551
828 551
802 547
777 540
754 529
734 512
717 491
713 463
732 454
753 449
776 447
799 447
822 448
844 450
866 446
887 441
908 436
929 432
950 427
972 425
994 428
990 449
973 464
954 474
934 480
913 486
893 493
873 500
852 505
830 506
806 506
784 505
761 502
741 496
724 482
911 180
915 168
926 159
937 153
949 148
961 145
973 142
987 141
1001 141
1013 144
1023 152
1021 165
1011 173
999 178
987 181
974 184
961 186
948 189
935 189
922 186
751 193
743 182
732 177
720 173
708 172
695 171
682 173
671 177
660 183
649 189
639 197
649 205
661 209
673 211
685 214
697 216
711 216
723 213
734 209
745 204
871 58
889 41
911 33
934 29
959 30
982 35
1005 41
1027 48
1047 59
1066 75
1082 93
1072 111
1050 104
1029 95
1008 87
985 81
961 78
937 80
912 81
889 76
745 81
742 62
722 55
699 55
677 58
657 64
639 74
620 84
604 99
592 117
582 136
571 154
591 149
608 133
625 118
642 106
661 96
681 90
702 87
725 87
