509 1060
508 1090
509 1123
512 1152
517 1186
525 1216
539 1244
552 1273
563 1300
576 1329
592 1357
612 1382
637 1403
662 1420
690 1436
718 1452
749 1460
774 1477
798 1496
830 1507
858 1512
891 1515
922 1518
954 1515
986 1506
1014 1498
1045 1489
1074 1479
1106 1469
1134 1456
1160 1440
1184 1420
1203 1393
1219 1366
1234 1340
1248 1311
1261 1281
1271 1251
1278 1221
1285 1190
1293 1158
877 1057
862 1076
843 1094
831 1114
835 1139
858 1149
881 1145
905 1157
926 1169
952 1167
977 1166
1001 1167
1026 1166
1037 1145
1034 1120
1026 1095
1014 1072
801 1267
816 1260
833 1255
850 1250
867 1246
885 1248
903 1250
921 1251
940 1252
958 1253
975 1257
991 1263
1007 1270
1018 1284
1007 1299
997 1313
989 1329
974 1336
956 1339
940 1334
924 1327
907 1323
889 1326
871 1325
855 1317
841 1307
827 1295
813 1281
821 1267
834 1267
847 1266
860 1267
873 1265
886 1265
898 1267
910 1269
922 1271
935 1272
948 1272
961 1274
973 1275
985 1277
997 1281
985 1278
973 1275
961 1274
948 1274
934 1274
922 1272
910 1270
898 1267
885 1266
873 1267
860 1267
847 1268
834 1267
1036 961
1050 952
1064 944
1080 941
1098 939
1115 941
1131 944
1146 950
1160 959
1173 970
1182 984
1167 989
1151 993
1135 996
1118 997
1100 996
1082 996
1066 993
1051 988
1037 978
836 958
826 947
814 938
802 932
788 928
773 925
758 924
743 926
730 931
717 938
706 947
718 954
731 961
744 965
759 967
774 968
789 970
804 973
819 975
833 972
1028 906
1043 883
1067 870
1093 861
1121 858
1150 862
1177 868
1203 877
1228 888
1249 908
1262 932
1256 955
1234 937
1211 920
1187 906
1160 899
1131 900
1102 903
1076 912
1051 921
890 901
881 869
852 850
821 838
786 834
750 838
715 842
679 846
647 857
619 878
598 906
584 937
616 926
648 915
678 901
713 894
749 893
784 889
821 888
856 893
