1101 1277
1112 1325
1123 1373
1133 1420
1146 1467
1160 1514
1174 1565
1192 1613
1211 1657
1237 1699
1264 1739
1297 1778
1334 1812
1371 1843
1409 1877
1443 1912
1482 1947
1521 1974
1568 1999
1614 2016
1660 2024
1711 2015
1757 1995
1799 1967
1837 1938
1874 1902
1906 1866
1937 1830
1968 1791
2002 1753
2033 1712
2063 1675
2081 1626
2096 1578
2108 1533
2121 1482
2130 1432
2138 1386
2142 1336
2149 1285
2159 1234
1469 1220
1445 1249
1430 1287
1433 1330
1456 1363
1494 1373
1531 1393
1571 1400
1614 1403
1652 1391
1690 1386
1723 1360
1748 1329
1764 1289
1755 1251
1734 1217
1707 1181
1390 1595
1422 1571
1456 1551
1491 1532
1530 1524
1573 1525
1616 1526
1655 1518
1697 1515
1738 1519
1778 1526
1814 1540
1846 1567
1846 1610
1833 1647
1811 1680
1779 1708
1745 1728
1710 1745
1673 1757
1633 1763
1590 1765
1549 1761
1512 1750
1478 1729
1449 1698
1427 1665
1407 1631
1422 1615
1456 1611
1487 1603
1517 1591
1552 1590
1585 1596
1620 1594
1652 1588
1684 1580
1716 1574
1751 1572
1784 1577
1817 1582
1837 1609
1821 1637
1798 1663
1771 1682
1741 1695
1713 1711
1682 1720
1649 1725
1616 1729
1582 1726
1550 1717
1521 1705
1493 1687
1467 1665
1441 1642
1761 1045
1778 1038
1796 1033
1814 1028
1833 1025
1853 1023
1873 1024
1893 1025
1913 1026
1931 1030
1949 1037
1940 1047
1920 1045
1901 1043
1881 1042
1861 1040
1841 1041
1820 1041
1800 1042
1781 1044
1449 1073
1427 1070
1404 1071
1381 1072
1358 1072
1336 1075
1314 1080
1294 1086
1274 1093
1254 1102
1236 1114
1258 1110
1279 1104
1300 1099
1320 1093
1341 1087
1362 1083
1384 1081
1407 1078
1429 1076
1678 970
1699 933
1734 908
1770 887
1807 867
1844 849
1883 835
1927 833
1969 841
2006 860
2038 891
2037 926
1999 910
1959 899
1914 899
1872 908
1833 921
1795 937
1757 954
1721 975
1515 997
1495 958
1455 938
1414 923
1371 912
1323 910
1276 914
1233 925
1195 949
1160 983
1135 1020
1122 1063
1166 1055
1206 1034
1244 1011
1286 997
1330 988
1378 985
1423 992
1468 999
