134 413
140 424
147 436
154 447
162 458
170 468
179 479
187 490
196 499
205 509
215 518
225 527
237 536
248 543
259 550
271 556
283 561
297 565
310 567
322 567
337 567
351 565
364 562
375 556
386 547
393 536
398 524
403 511
408 499
412 486
417 474
420 461
423 448
427 434
430 421
432 407
434 394
435 381
437 368
440 354
442 340
282 383
277 393
273 404
272 416
274 428
283 437
294 441
305 442
317 443
328 440
339 434
349 426
356 417
356 406
350 395
344 385
339 373
279 498
284 491
291 485
298 480
305 475
312 470
321 468
330 469
337 464
345 461
354 460
363 461
371 463
379 465
380 474
375 482
371 489
367 496
360 503
353 508
345 511
336 512
327 513
318 513
310 512
301 510
293 507
285 504
285 496
291 494
298 492
304 489
311 488
318 486
325 485
332 484
339 482
346 479
352 476
358 474
365 472
372 470
379 469
372 470
365 472
359 475
352 477
346 480
339 482
333 485
326 486
318 487
311 488
305 490
298 492
291 494
343 321
342 314
345 309
348 303
353 299
359 297
364 294
371 293
377 293
383 294
388 297
390 303
387 309
383 314
378 318
373 321
367 323
361 324
354 324
348 324
245 346
240 342
235 339
229 337
223 336
217 335
211 337
205 340
201 345
197 350
195 355
200 359
205 362
211 364
217 364
224 363
229 361
235 359
241 356
246 353
321 286
326 278
334 273
341 267
349 263
357 260
366 258
375 257
384 257
393 260
400 265
396 270
387 268
377 269
369 271
361 275
353 279
345 283
337 287
329 290
264 308
254 304
243 303
232 302
221 302
211 304
200 305
190 308
180 312
172 320
167 330
178 328
188 325
198 323
209 321
219 319
230 319
242 319
253 319
264 317
