687 1117
701 1160
721 1202
737 1245
755 1288
776 1328
802 1366
829 1402
857 1441
884 1478
918 1509
944 1547
975 1580
1010 1608
1048 1638
1081 1665
1117 1699
1153 1725
1196 1745
1240 1759
1287 1758
1325 1740
1367 1713
1404 1688
1441 1660
1475 1631
1508 1600
1543 1568
1576 1537
1609 1503
1637 1469
1665 1431
1685 1388
1699 1343
1712 1300
1726 1254
1736 1211
1749 1165
1762 1122
1765 1076
1776 1030
1092 983
1079 1009
1071 1038
1071 1068
1090 1093
1117 1102
1149 1107
1180 1114
1209 1120
1239 1113
1268 1100
1294 1085
1319 1068
1337 1043
1337 1012
1328 984
1315 955
996 1239
1025 1227
1061 1228
1095 1225
1127 1217
1159 1209
1193 1206
1229 1206
1263 1203
1298 1203
1334 1204
1369 1203
1404 1201
1426 1222
1404 1249
1381 1275
1357 1301
1330 1323
1300 1337
1268 1344
1234 1348
1200 1343
1168 1335
1137 1326
1107 1315
1077 1301
1048 1285
1021 1264
1010 1243
1039 1245
1070 1245
1098 1241
1127 1237
1156 1234
1185 1232
1215 1231
1244 1228
1274 1226
1303 1224
1332 1222
1361 1219
1390 1215
1390 1233
1365 1245
1340 1256
1314 1266
1288 1275
1261 1282
1233 1286
1202 1286
1173 1283
1145 1279
1116 1276
1087 1272
1060 1267
1034 1258
1321 813
1335 806
1349 797
1363 789
1377 781
1392 776
1408 775
1425 776
1440 780
1454 789
1464 802
1456 816
1443 825
1427 830
1412 833
1396 836
1379 835
1362 834
1346 830
1331 826
1031 849
1019 836
1004 828
987 824
969 823
951 824
935 828
920 836
905 845
892 856
877 866
892 874
908 880
925 883
942 885
961 884
978 882
994 878
1010 872
1025 865
1243 734
1252 699
1277 671
1309 653
1343 644
1379 638
1416 631
1452 626
1489 631
1523 641
1554 660
1564 693
1532 707
1493 708
1455 705
1416 706
1378 708
1343 716
1310 728
1277 743
1067 745
1052 715
1019 700
985 689
947 687
910 691
875 701
842 714
811 733
784 761
767 794
758 829
789 812
818 785
848 764
882 752
917 743
954 738
993 739
1029 746
