758 989
766 1016
774 1047
783 1077
794 1107
806 1136
816 1166
826 1197
835 1224
851 1254
869 1280
886 1304
907 1329
928 1350
954 1371
982 1384
1013 1388
1044 1388
1075 1383
1107 1376
1136 1369
1166 1361
1196 1353
1225 1343
1253 1330
1283 1314
1308 1296
1332 1277
1357 1256
1377 1235
1397 1209
1414 1184
1429 1156
1444 1126
1452 1096
1458 1066
1458 1036
1459 1003
1460 972
1462 942
1461 908
899 938
888 958
881 980
882 1003
891 1022
909 1034
931 1043
954 1049
977 1047
999 1044
1021 1039
1044 1033
1060 1017
1073 999
1061 979
1049 959
1038 939
881 1167
892 1151
908 1141
924 1129
943 1126
961 1122
980 1118
999 1116
1020 1117
1040 1117
1060 1118
1080 1119
1099 1122
1118 1125
1131 1134
1114 1143
1098 1151
1081 1159
1064 1168
1047 1175
1029 1181
1011 1186
992 1190
973 1191
952 1192
932 1192
913 1188
896 1180
890 1162
908 1162
924 1159
940 1155
957 1152
974 1150
991 1147
1007 1144
1024 1141
1041 1138
1058 1136
1075 1134
1093 1133
1110 1132
1127 1130
1110 1130
1092 1131
1075 1133
1058 1135
1041 1137
1024 1140
1007 1143
991 1147
974 1149
956 1150
939 1151
922 1153
905 1156
1088 795
1095 785
1105 777
1117 772
1128 768
1140 765
1153 763
1167 763
1180 765
1191 771
1201 779
1200 791
1188 796
1176 799
1164 801
1151 804
1138 804
1124 804
1111 803
1099 801
905 825
900 814
890 808
879 804
867 802
854 803
843 805
832 810
822 816
812 823
804 833
810 843
820 849
832 852
843 854
856 854
868 852
879 848
889 842
899 835
1035 710
1051 691
1070 676
1092 667
1114 659
1137 654
1162 651
1188 650
1213 653
1235 660
1255 675
1236 683
1211 681
1187 677
1161 677
1138 682
1116 690
1096 704
1076 718
1054 727
878 729
866 725
853 721
841 717
827 714
813 714
798 714
784 716
772 720
761 728
755 740
768 738
779 730
792 726
806 725
820 724
834 727
846 731
858 736
871 740
