785 1153
788 1189
791 1226
797 1259
805 1295
815 1330
828 1367
841 1400
858 1434
875 1464
894 1497
915 1527
940 1554
967 1576
997 1597
1028 1616
1061 1634
1095 1647
1131 1660
1164 1670
1202 1675
1236 1675
1276 1670
1313 1667
1345 1654
1374 1630
1399 1606
1423 1577
1446 1547
1473 1524
1500 1502
1525 1471
1542 1438
1555 1405
1563 1372
1570 1333
1574 1298
1575 1260
1576 1224
1577 1189
1579 1149
1219 1171
1212 1197
1197 1218
1195 1248
1207 1272
1229 1288
1257 1301
1281 1309
1310 1314
1338 1313
1367 1312
1386 1290
1407 1275
1429 1256
1431 1229
1415 1204
1398 1181
1117 1396
1141 1389
1168 1389
1194 1390
1220 1393
1246 1392
1272 1389
1298 1386
1324 1384
1351 1385
1378 1385
1404 1383
1429 1379
1430 1404
1419 1426
1404 1447
1386 1466
1366 1483
1343 1492
1318 1495
1291 1495
1266 1492
1242 1485
1221 1472
1200 1456
1180 1440
1159 1427
1138 1412
1124 1399
1148 1401
1170 1404
1193 1409
1215 1413
1237 1416
1260 1420
1282 1423
1305 1427
1329 1427
1352 1424
1374 1420
1395 1414
1414 1403
1426 1394
1408 1409
1389 1419
1367 1425
1346 1431
1324 1435
1300 1436
1278 1432
1256 1427
1235 1422
1213 1415
1193 1409
1170 1405
1146 1404
1375 1041
1390 1035
1405 1031
1421 1029
1437 1027
1453 1027
1469 1029
1483 1035
1497 1042
1508 1055
1512 1070
1502 1082
1487 1087
1471 1089
1455 1086
1441 1081
1427 1075
1413 1068
1399 1062
1386 1053
1187 1041
1174 1026
1159 1017
1142 1010
1124 1006
1105 1004
1086 1005
1067 1008
1050 1014
1034 1021
1018 1031
1033 1043
1048 1054
1065 1061
1082 1065
1101 1067
1120 1066
1139 1064
1158 1061
1175 1055
1339 968
1360 938
1395 929
1434 928
1472 929
1508 935
1542 946
1575 958
1606 976
1635 1003
1651 1034
1646 1068
1615 1049
1586 1026
1554 1010
1519 1000
1484 992
1447 987
1412 980
1375 975
1243 966
1221 941
1193 926
1163 917
1130 912
1095 913
1063 917
1031 923
1000 932
970 941
940 951
966 971
1001 972
1033 965
1066 961
1100 963
1132 969
1164 975
1195 982
1226 989
