117 561
123 590
127 624
134 654
143 687
151 718
160 748
171 781
183 809
193 841
207 870
225 895
245 922
269 946
293 965
319 985
348 1001
376 1013
405 1026
436 1039
468 1044
499 1050
532 1051
561 1042
594 1032
622 1017
651 1000
675 980
698 955
722 935
741 908
756 879
768 850
778 818
785 786
790 756
791 722
790 691
789 659
787 628
783 592
464 587
451 607
437 629
429 651
430 676
444 697
467 704
492 705
517 705
542 704
567 705
589 696
604 675
608 650
599 628
588 606
574 583
370 827
388 816
407 806
426 798
445 791
464 783
484 775
505 773
528 774
549 771
572 770
593 774
613 779
633 785
652 794
638 806
618 814
600 824
582 835
562 841
540 844
518 846
495 846
473 844
453 840
431 836
409 834
388 838
387 837
400 832
413 826
426 820
439 814
452 809
466 806
481 804
496 804
511 803
526 801
541 800
556 800
571 801
585 804
576 812
562 814
547 815
532 816
517 817
502 818
487 820
473 823
459 825
444 828
431 832
417 834
402 835
575 481
582 469
592 459
602 449
613 441
625 434
638 431
652 432
665 437
676 444
686 455
691 467
684 479
671 483
657 483
643 483
629 485
615 488
601 489
587 487
399 492
392 481
382 470
371 462
360 455
347 451
333 450
321 454
309 459
298 467
287 477
280 488
292 492
305 495
318 497
332 498
346 499
360 500
375 499
389 498
532 368
544 343
567 327
595 321
625 320
654 323
681 330
705 344
726 365
742 388
752 414
750 438
737 413
715 393
691 379
665 369
635 368
608 375
582 383
554 388
455 404
452 373
428 350
400 338
369 335
338 339
311 351
284 364
257 379
232 398
211 422
193 448
224 443
249 426
274 406
302 395
332 389
364 387
395 390
425 396
