359 273
358 288
358 304
359 319
362 336
366 351
370 365
375 380
380 396
387 409
395 423
403 436
413 448
424 459
436 469
448 479
461 488
474 498
488 506
502 513
516 522
530 529
544 533
559 537
574 540
590 539
606 536
618 526
629 514
634 501
636 484
640 470
646 454
654 441
664 429
671 416
680 402
689 389
697 376
703 362
708 345
606 320
597 329
590 340
583 353
582 365
593 374
604 381
614 390
627 392
641 391
654 392
667 388
675 378
679 365
676 352
669 341
665 327
527 412
537 407
550 406
562 406
575 405
587 404
600 405
612 406
624 408
636 406
648 405
660 408
653 418
647 428
645 440
642 451
638 462
629 471
618 475
606 476
594 474
583 471
572 466
562 460
553 451
545 442
537 432
531 422
531 412
540 410
550 411
559 412
568 414
577 415
587 416
597 417
606 419
615 421
624 421
633 417
642 414
650 418
643 425
638 433
631 439
622 443
613 446
604 448
595 447
585 446
577 443
569 438
561 434
553 429
545 424
537 419
656 255
660 251
664 247
669 245
675 244
680 243
686 243
692 244
697 246
701 249
702 255
700 260
696 263
690 264
685 265
679 264
673 264
668 263
662 263
656 261
588 265
585 258
581 251
576 245
569 242
561 241
554 240
546 241
538 241
531 244
525 249
519 255
526 257
533 260
540 263
548 264
556 265
564 265
572 264
580 265
677 229
680 224
682 219
687 214
692 212
697 210
703 208
709 207
715 206
720 209
722 214
723 220
722 226
717 227
712 224
706 224
700 225
695 226
689 228
683 229
617 216
604 206
589 203
573 201
557 199
541 198
525 201
511 207
498 214
485 224
475 237
489 231
503 225
517 219
533 216
549 217
565 220
579 224
594 229
610 229
