258 605
263 626
268 646
274 666
281 688
287 707
295 728
306 746
319 763
332 779
347 794
365 807
381 823
396 837
413 850
432 860
452 867
473 869
494 870
516 867
536 863
559 860
578 855
598 846
615 831
630 817
646 803
663 788
678 775
693 760
707 742
719 724
729 706
736 686
742 664
747 644
753 623
759 603
763 582
767 562
771 539
413 531
405 552
398 572
393 595
398 617
421 624
441 619
461 634
481 636
496 619
514 605
537 610
553 596
557 573
543 557
533 537
521 515
383 703
398 698
413 693
429 688
445 685
462 684
479 682
495 678
511 674
528 672
545 672
563 672
580 671
597 669
595 683
583 696
569 705
555 714
541 721
525 726
509 730
493 732
475 733
458 731
442 727
427 722
412 718
396 712
388 706
404 707
419 705
434 704
450 704
466 703
481 701
495 698
510 695
524 692
539 690
554 687
568 683
582 679
597 676
583 678
568 681
554 684
539 687
525 690
511 694
496 697
481 699
466 700
450 701
434 702
419 704
404 706
529 465
534 456
542 448
551 444
560 441
570 439
581 438
592 439
602 441
611 444
621 447
623 455
613 458
603 459
592 461
582 462
571 463
561 462
550 462
539 463
400 481
398 473
390 468
382 466
373 464
363 463
354 465
346 468
337 472
330 478
322 484
315 491
325 491
334 489
343 488
353 488
363 487
372 486
382 485
391 484
485 417
494 401
510 391
527 385
546 382
564 379
582 375
601 371
620 370
638 375
654 385
650 401
630 403
611 404
592 407
573 409
555 413
537 418
519 423
501 427
405 433
395 419
379 414
361 413
343 415
326 417
307 417
290 415
274 421
264 435
258 451
255 468
273 468
288 460
303 452
320 448
337 446
356 446
373 444
392 444
