820 1240
815 1285
809 1332
804 1383
800 1430
798 1480
794 1528
793 1574
796 1623
796 1675
802 1719
819 1764
847 1807
891 1824
936 1812
984 1796
1027 1777
1073 1760
1122 1749
1167 1750
1218 1761
1263 1772
1314 1783
1358 1792
1408 1802
1453 1810
1502 1816
1553 1818
1597 1814
1649 1806
1691 1790
1734 1762
1766 1726
1783 1682
1799 1636
1815 1591
1835 1547
1848 1500
1860 1453
1870 1406
1878 1354
1043 1138
1024 1171
1011 1210
1008 1250
1016 1291
1048 1305
1087 1288
1126 1283
1167 1279
1206 1277
1246 1289
1284 1296
1304 1264
1302 1224
1282 1188
1265 1154
1248 1113
953 1516
964 1486
977 1456
992 1428
1011 1400
1036 1377
1065 1362
1098 1357
1133 1355
1168 1357
1200 1364
1229 1378
1258 1394
1284 1417
1311 1437
1336 1462
1347 1492
1319 1510
1287 1517
1254 1522
1220 1520
1186 1515
1153 1510
1118 1511
1084 1515
1051 1520
1016 1521
983 1526
961 1495
980 1473
1003 1458
1026 1443
1051 1436
1077 1428
1105 1425
1133 1423
1162 1424
1190 1426
1217 1431
1243 1438
1268 1447
1292 1458
1316 1471
1296 1464
1272 1452
1248 1441
1221 1436
1194 1431
1165 1429
1137 1431
1108 1430
1079 1430
1054 1438
1029 1448
1005 1458
983 1476
1327 1075
1350 1073
1372 1068
1393 1063
1415 1059
1438 1056
1461 1055
1484 1058
1505 1062
1525 1071
1543 1086
1525 1094
1503 1098
1480 1100
1457 1102
1434 1100
1412 1097
1390 1093
1368 1089
1347 1083
1072 1094
1055 1084
1035 1079
1014 1077
993 1077
972 1078
952 1082
933 1089
916 1097
899 1108
883 1124
903 1129
922 1133
943 1136
964 1137
985 1136
1005 1133
1025 1127
1043 1119
1061 1111
1199 941
1245 920
1299 923
1352 918
1402 908
1453 899
1507 901
1556 914
1601 934
1644 962
1682 1001
1634 997
1581 991
1529 986
1476 981
1422 979
1368 981
1315 986
1264 994
1210 991
1092 992
1094 961
1066 951
1034 952
1002 952
972 949
940 948
911 955
884 967
859 983
836 1006
826 1033
853 1022
881 1014
910 1007
940 1002
972 1003
1002 1007
1034 1007
1065 1005
