442 617
441 634
440 651
438 668
438 684
440 702
445 718
451 735
458 750
467 766
478 779
491 790
502 801
512 816
521 831
532 843
545 854
561 863
577 867
593 868
611 870
628 871
645 871
662 869
678 863
694 856
709 847
722 838
739 830
754 822
769 815
784 806
798 795
808 783
821 770
832 758
842 744
850 730
857 713
865 698
874 682
571 630
561 642
552 655
545 669
545 685
553 699
567 700
583 701
599 701
615 705
631 709
646 711
658 702
664 687
660 672
654 657
647 641
533 764
542 761
551 759
560 755
569 751
579 752
588 755
598 755
608 754
618 756
626 761
634 767
642 773
650 778
659 781
649 783
640 786
631 790
623 794
613 796
603 795
594 793
584 791
575 787
567 783
558 778
550 773
541 769
549 769
556 767
563 766
570 766
577 766
585 766
592 766
600 767
607 768
613 770
620 772
626 774
633 777
639 779
645 782
640 783
632 783
626 782
619 780
612 778
605 778
597 778
590 777
583 777
576 776
569 774
562 773
555 772
684 574
688 567
695 560
702 555
711 553
720 552
730 553
738 556
746 561
753 567
759 575
759 584
751 587
742 589
733 590
723 591
714 591
705 589
696 586
688 582
565 562
565 552
564 543
561 535
555 528
548 524
539 522
530 521
521 521
512 523
505 528
501 536
502 545
506 552
513 558
521 562
529 564
538 566
548 566
557 565
670 494
676 478
694 476
712 474
731 473
749 475
765 479
781 487
795 497
809 511
821 524
815 539
799 532
785 521
769 513
754 505
737 500
718 500
700 502
684 506
588 465
575 457
562 452
549 446
535 442
520 442
505 444
491 447
477 452
466 462
461 476
463 490
478 489
491 482
503 475
517 471
533 471
548 473
562 476
578 475
