426 382
424 399
426 417
430 437
434 455
440 472
446 490
456 506
465 522
475 538
482 555
491 572
500 589
510 604
522 617
539 625
557 633
574 638
593 637
611 640
630 637
646 630
664 623
680 614
698 605
713 597
730 587
745 577
761 564
773 552
783 536
789 518
794 500
798 482
801 464
804 446
807 426
809 408
811 390
813 370
813 351
492 426
487 438
481 449
483 463
487 475
496 483
509 489
522 489
535 487
549 485
561 482
572 475
580 464
582 451
580 438
577 425
576 411
487 518
495 511
507 511
517 514
528 515
539 514
550 515
560 518
570 520
582 520
592 521
602 525
611 529
607 538
598 545
589 550
581 556
572 561
562 565
552 568
541 569
530 569
519 568
509 565
502 557
497 547
494 538
491 528
491 521
498 525
505 530
512 533
520 535
528 536
537 536
545 536
554 535
562 534
571 534
579 533
587 532
595 531
603 531
595 532
587 533
578 534
570 535
562 535
553 535
545 536
536 537
528 537
520 535
512 533
505 530
498 526
581 348
586 340
590 333
596 326
603 320
611 318
620 317
630 317
638 319
646 322
654 327
660 334
653 340
646 344
637 346
628 346
618 346
609 346
599 346
590 347
493 348
489 342
484 338
479 335
473 332
467 331
460 331
453 331
447 333
442 337
437 342
440 348
445 353
451 354
458 355
465 354
471 354
478 354
485 354
492 354
548 298
552 282
565 274
580 268
596 264
613 262
630 263
646 265
661 271
675 279
688 290
696 304
679 304
663 301
648 296
631 293
614 294
597 295
580 296
564 300
475 302
472 295
465 291
457 289
449 288
440 288
432 287
424 288
417 292
413 299
411 307
411 316
417 311
424 307
433 306
441 307
449 309
457 311
465 312
472 310
