495 1396
512 1426
532 1457
551 1486
573 1517
592 1546
614 1576
639 1601
668 1626
699 1646
728 1663
760 1682
793 1699
827 1714
860 1722
896 1724
932 1725
970 1717
1003 1703
1035 1688
1069 1670
1093 1647
1118 1621
1144 1592
1167 1565
1190 1538
1213 1511
1234 1479
1253 1450
1271 1420
1283 1386
1291 1348
1292 1312
1289 1276
1288 1239
1288 1204
1284 1165
1282 1132
1280 1095
1275 1060
1265 1022
704 1194
705 1225
708 1259
703 1295
704 1326
723 1353
754 1361
784 1343
803 1315
832 1302
868 1300
897 1286
905 1255
892 1221
871 1195
849 1171
828 1142
786 1527
791 1509
794 1490
800 1473
807 1456
819 1441
836 1433
853 1424
866 1409
883 1402
902 1405
921 1408
939 1413
958 1417
976 1420
981 1438
972 1454
962 1470
952 1486
939 1501
924 1514
907 1523
890 1530
873 1536
855 1540
836 1544
817 1547
800 1541
803 1508
806 1496
813 1485
823 1476
835 1472
848 1469
860 1465
871 1458
882 1451
893 1443
905 1439
919 1439
933 1439
946 1439
958 1436
945 1438
931 1438
917 1438
904 1439
892 1443
880 1450
870 1458
859 1465
847 1469
834 1471
822 1476
811 1484
806 1495
840 1052
842 1035
849 1020
860 1006
873 996
888 988
904 983
922 982
939 984
956 988
972 992
974 1009
961 1022
947 1031
932 1040
917 1048
902 1054
887 1060
871 1064
853 1064
642 1161
636 1147
624 1137
608 1136
593 1139
578 1144
565 1152
553 1162
542 1175
535 1188
530 1203
527 1218
542 1221
558 1220
573 1217
588 1212
602 1206
616 1199
628 1189
637 1176
720 954
714 919
740 892
770 874
801 858
831 842
863 829
898 824
933 828
965 840
995 857
1013 879
980 871
943 868
906 868
872 875
841 890
813 912
785 937
756 956
561 1015
550 998
531 993
513 1004
497 1017
480 1030
462 1041
446 1054
436 1072
433 1093
429 1113
433 1133
446 1117
454 1099
464 1081
478 1065
495 1054
514 1047
534 1043
552 1033
