726 1146
725 1180
735 1214
752 1246
769 1279
783 1312
797 1344
816 1376
835 1407
854 1436
879 1464
902 1489
924 1518
943 1549
960 1580
985 1607
1015 1625
1049 1640
1082 1653
1116 1642
1149 1630
1182 1619
1216 1603
1249 1586
1283 1574
1313 1556
1345 1543
1377 1525
1406 1504
1430 1473
1445 1444
1460 1411
1473 1376
1484 1341
1494 1306
1503 1271
1512 1238
1521 1203
1529 1167
1536 1131
1539 1094
918 1063
914 1087
899 1111
889 1138
894 1165
919 1178
947 1181
974 1183
1003 1179
1031 1173
1060 1172
1087 1176
1113 1162
1128 1140
1130 1112
1119 1088
1100 1065
884 1305
892 1275
918 1257
947 1248
979 1246
1009 1251
1040 1246
1073 1247
1105 1249
1136 1253
1166 1260
1196 1268
1224 1278
1230 1308
1211 1332
1188 1356
1164 1378
1139 1397
1113 1414
1086 1428
1057 1437
1028 1444
995 1444
967 1432
943 1411
924 1386
913 1358
905 1329
891 1305
918 1305
941 1312
966 1310
992 1309
1018 1311
1042 1307
1064 1298
1089 1294
1115 1293
1142 1293
1168 1292
1193 1289
1219 1290
1205 1307
1183 1316
1160 1324
1137 1330
1113 1337
1091 1345
1068 1353
1045 1360
1021 1365
995 1363
972 1356
951 1345
930 1333
907 1325
1122 952
1141 949
1157 940
1174 932
1192 926
1210 923
1230 922
1250 923
1269 926
1287 930
1305 936
1297 948
1279 951
1260 954
1240 956
1221 957
1201 958
1181 957
1162 955
1142 953
929 956
917 947
904 942
890 938
875 936
860 937
845 939
831 943
818 948
805 955
794 965
804 977
818 981
833 982
849 982
863 979
877 976
891 971
905 968
920 966
1080 824
1109 807
1142 799
1174 791
1208 786
1244 784
1278 789
1311 797
1342 807
1373 819
1387 844
1351 844
1318 838
1284 832
1248 830
1214 834
1181 842
1149 852
1118 862
1083 859
908 852
894 837
877 829
859 824
840 820
820 819
799 820
780 822
762 828
747 842
740 859
758 863
776 856
795 853
814 857
832 862
850 868
869 872
888 876
907 872
