1011 1110
1015 1151
1023 1192
1032 1232
1041 1269
1053 1309
1066 1349
1081 1388
1097 1425
1116 1462
1135 1498
1156 1535
1179 1570
1206 1603
1237 1630
1270 1653
1309 1671
1348 1682
1389 1688
1430 1693
1472 1698
1514 1703
1552 1704
1593 1698
1634 1681
1668 1659
1701 1637
1737 1611
1768 1583
1791 1553
1811 1516
1831 1479
1851 1443
1872 1407
1889 1369
1903 1329
1913 1288
1921 1247
1927 1206
1930 1165
1931 1123
1284 1054
1269 1080
1261 1109
1262 1141
1280 1167
1306 1181
1337 1189
1370 1189
1400 1186
1431 1181
1464 1184
1493 1185
1523 1173
1537 1144
1536 1114
1528 1084
1511 1055
1224 1344
1246 1323
1269 1305
1295 1293
1321 1284
1350 1279
1378 1286
1408 1284
1438 1285
1466 1293
1492 1303
1517 1314
1543 1325
1568 1339
1565 1367
1540 1381
1516 1396
1492 1412
1467 1425
1441 1436
1415 1446
1386 1449
1356 1447
1329 1439
1304 1426
1280 1410
1257 1392
1239 1369
1241 1346
1265 1346
1288 1347
1310 1350
1333 1352
1355 1356
1376 1361
1399 1359
1420 1354
1443 1351
1465 1349
1488 1347
1511 1345
1535 1346
1554 1353
1530 1353
1507 1354
1484 1356
1461 1359
1439 1362
1418 1366
1396 1370
1372 1370
1349 1367
1327 1365
1304 1362
1283 1357
1262 1352
1560 934
1572 919
1587 908
1604 901
1622 897
1641 896
1660 898
1678 902
1695 907
1712 914
1727 924
1722 941
1705 950
1687 954
1669 956
1649 955
1630 953
1612 949
1594 945
1576 941
1291 917
1279 903
1264 894
1249 888
1231 885
1213 886
1195 888
1178 892
1163 898
1148 907
1135 920
1146 934
1161 942
1178 947
1196 948
1215 948
1232 947
1249 943
1266 938
1281 931
1502 806
1506 768
1537 747
1574 740
1614 741
1654 744
1694 743
1733 747
1767 759
1799 779
1829 804
1834 833
1797 826
1760 817
1723 810
1685 807
1645 809
1608 815
1571 823
1533 827
1306 801
1296 773
1272 753
1245 742
1216 737
1186 733
1157 726
1128 730
1101 743
1078 763
1060 787
1048 814
1080 814
1106 801
1133 791
1164 792
1192 801
1218 812
1249 815
1278 809
