788 1057
795 1091
804 1122
813 1159
819 1193
826 1226
838 1259
854 1294
866 1324
885 1357
905 1384
930 1409
956 1433
987 1454
1016 1470
1049 1486
1080 1503
1108 1521
1139 1537
1173 1548
1208 1553
1246 1550
1278 1541
1310 1525
1342 1507
1371 1491
1398 1471
1427 1449
1456 1425
1480 1403
1505 1375
1525 1347
1543 1316
1556 1285
1566 1249
1572 1216
1577 1179
1577 1144
1580 1109
1587 1073
1589 1038
1130 1062
1126 1092
1114 1124
1103 1153
1095 1187
1105 1215
1136 1229
1167 1226
1201 1225
1235 1227
1266 1228
1295 1214
1308 1185
1301 1153
1286 1122
1272 1093
1262 1060
1080 1361
1098 1355
1117 1351
1136 1346
1154 1338
1174 1335
1193 1339
1214 1340
1233 1336
1254 1337
1273 1342
1292 1345
1313 1346
1334 1347
1329 1365
1313 1378
1297 1390
1281 1401
1263 1407
1243 1411
1223 1414
1203 1415
1182 1416
1161 1415
1142 1411
1125 1403
1109 1391
1094 1376
1105 1365
1118 1362
1131 1359
1145 1360
1159 1359
1173 1358
1186 1357
1200 1355
1213 1354
1227 1353
1240 1351
1253 1348
1267 1347
1281 1347
1291 1345
1278 1344
1265 1342
1251 1343
1239 1347
1225 1349
1213 1353
1200 1355
1186 1356
1173 1358
1159 1358
1144 1358
1131 1359
1117 1360
1299 969
1304 955
1316 943
1329 935
1343 929
1357 924
1374 924
1390 925
1406 926
1422 929
1436 934
1436 949
1423 958
1409 963
1394 966
1378 967
1361 967
1345 966
1329 964
1313 964
1072 973
1059 962
1044 956
1028 953
1010 953
993 952
976 953
958 954
943 958
929 966
917 979
932 985
947 990
963 993
980 995
998 995
1015 994
1032 992
1049 990
1065 986
1250 873
1269 857
1293 856
1318 854
1342 852
1365 850
1388 846
1411 840
1433 835
1458 836
1476 849
1458 866
1438 877
1416 884
1393 887
1368 887
1344 885
1319 886
1294 886
1270 884
1106 913
1076 904
1046 896
1016 888
983 884
950 882
917 879
884 878
850 879
819 886
791 900
818 917
847 927
881 928
915 928
949 927
982 929
1016 928
1050 928
1082 933
