838 1134
832 1169
828 1204
826 1242
836 1280
836 1316
842 1354
848 1391
858 1424
877 1460
890 1492
901 1529
923 1559
951 1584
982 1602
1017 1614
1053 1615
1093 1617
1128 1620
1165 1616
1201 1600
1235 1585
1270 1575
1306 1571
1345 1572
1379 1566
1414 1549
1439 1524
1462 1493
1480 1459
1504 1432
1533 1412
1562 1385
1581 1355
1593 1320
1601 1284
1610 1244
1618 1209
1623 1173
1626 1134
1620 1097
997 1127
985 1156
973 1186
960 1218
953 1247
973 1275
1003 1280
1037 1281
1068 1283
1103 1286
1135 1284
1167 1276
1178 1246
1166 1215
1144 1190
1133 1160
1130 1126
951 1411
969 1398
986 1385
1005 1373
1025 1368
1048 1368
1071 1369
1095 1369
1118 1369
1140 1372
1162 1375
1183 1380
1203 1386
1223 1393
1243 1401
1234 1405
1212 1401
1190 1398
1168 1394
1147 1391
1124 1391
1102 1394
1080 1397
1057 1397
1035 1394
1012 1393
992 1399
972 1407
962 1409
978 1396
996 1387
1015 1380
1035 1377
1057 1378
1078 1380
1100 1378
1121 1377
1143 1377
1164 1380
1184 1384
1203 1391
1222 1397
1241 1404
1225 1403
1205 1397
1186 1391
1166 1387
1146 1384
1124 1382
1102 1383
1080 1384
1059 1383
1037 1381
1016 1383
997 1389
979 1398
1202 1017
1213 1011
1223 1002
1233 994
1244 987
1256 984
1270 984
1282 987
1294 992
1304 1000
1312 1011
1311 1024
1300 1029
1286 1028
1273 1029
1260 1031
1247 1029
1234 1027
1220 1027
1207 1029
1009 1033
1000 1028
992 1020
982 1015
973 1012
962 1011
951 1012
941 1015
932 1020
924 1028
918 1036
924 1045
933 1051
942 1055
953 1056
964 1055
974 1052
983 1048
993 1044
1002 1041
1137 873
1161 847
1190 831
1220 817
1251 807
1285 803
1316 813
1341 838
1365 864
1387 891
1404 919
1413 949
1384 932
1358 910
1330 890
1302 872
1271 862
1236 863
1202 867
1171 876
990 894
974 876
954 865
932 859
909 861
889 870
872 888
860 907
853 928
847 949
841 971
833 991
854 984
866 965
877 946
890 927
908 913
931 909
953 915
976 912
