171 487
174 505
178 522
182 541
188 558
194 577
200 594
206 613
213 630
223 646
233 661
244 678
254 692
266 706
280 719
295 730
312 739
330 745
349 748
367 750
385 750
405 750
423 747
440 738
453 727
466 712
479 697
489 684
500 667
509 651
517 635
524 618
532 600
538 581
542 564
544 546
546 526
549 508
554 490
558 472
564 453
332 473
325 485
318 499
317 515
318 530
327 542
342 543
356 543
372 543
387 544
402 543
418 542
430 535
436 522
434 506
429 491
422 478
306 624
315 617
325 610
335 605
346 601
357 599
369 601
381 601
393 599
405 598
416 600
427 603
437 610
446 618
446 630
438 639
429 648
420 655
410 660
398 663
386 663
374 662
362 661
351 658
341 653
331 647
321 641
312 633
310 627
319 626
329 624
338 623
348 623
358 623
368 623
378 623
388 623
397 622
407 621
416 620
426 620
436 621
445 622
437 624
428 625
418 625
408 626
399 628
389 628
379 628
369 628
359 628
349 629
339 629
329 629
319 629
437 398
443 394
448 390
454 388
461 386
467 386
474 386
480 388
486 390
492 393
496 399
492 404
486 407
480 408
473 409
466 409
459 408
453 407
447 405
440 403
307 396
301 393
295 389
289 386
282 384
275 383
268 384
261 385
255 388
249 393
244 398
250 404
256 406
263 408
270 408
278 408
285 407
292 406
299 405
306 403
400 348
413 339
428 336
444 336
460 338
476 339
493 339
508 342
522 348
534 358
542 371
532 381
518 375
504 369
488 367
472 367
456 368
439 368
424 366
410 360
331 358
326 345
313 337
299 334
284 333
268 332
253 330
238 331
225 336
213 346
205 359
199 372
213 370
227 366
243 366
258 367
274 368
289 369
305 370
320 369
