259 378
261 404
264 433
266 461
268 490
271 518
276 546
289 571
306 593
325 615
347 634
369 652
392 670
415 688
435 705
457 722
484 737
511 744
539 748
569 750
596 748
624 745
652 741
679 734
707 721
730 705
753 691
778 677
803 661
826 644
845 624
862 601
877 575
889 549
900 524
908 497
914 470
920 443
925 415
929 384
934 355
496 399
491 417
473 426
467 446
480 463
498 472
518 481
538 485
558 493
579 490
599 492
620 491
641 487
654 471
654 450
642 435
635 414
428 543
447 539
468 540
488 542
509 543
529 547
548 551
568 551
590 551
609 554
628 558
648 561
668 565
686 571
681 588
664 596
646 604
628 609
608 613
588 614
567 613
547 611
528 607
510 599
494 588
478 574
462 562
446 552
436 545
453 548
469 553
485 557
500 562
516 567
532 571
549 573
567 574
584 576
602 576
619 575
637 574
654 573
671 572
653 574
636 575
619 577
601 577
583 578
565 578
547 577
530 574
514 570
499 565
483 561
467 556
452 550
674 300
680 288
689 278
700 271
713 267
727 266
740 269
752 273
764 278
776 284
787 291
792 302
780 306
768 310
754 312
740 312
726 312
713 309
699 307
686 304
491 261
485 250
477 240
466 235
455 232
442 231
429 231
416 232
404 235
393 241
383 247
392 256
402 263
413 269
424 273
437 275
450 274
463 274
476 274
489 274
668 230
681 217
697 207
716 206
734 209
751 213
768 218
784 225
799 236
814 246
829 256
817 269
799 266
783 258
767 250
752 242
734 238
715 239
697 242
679 245
496 199
488 181
470 171
452 163
433 158
413 155
392 158
373 163
354 169
336 178
320 192
310 209
330 213
352 212
373 210
395 211
416 209
437 210
458 211
480 212
