370 391
367 405
364 421
361 437
360 453
360 469
361 485
360 500
361 516
364 532
371 546
378 561
387 573
397 585
412 592
427 597
443 601
458 603
473 605
490 607
506 608
522 608
537 607
553 606
569 605
584 601
598 594
609 582
621 572
635 561
644 549
653 536
662 523
668 508
673 492
679 478
684 463
689 449
692 433
694 418
694 400
475 378
468 387
462 397
456 407
458 419
465 428
476 432
489 433
501 434
513 433
524 432
536 431
548 427
555 418
557 406
556 394
553 382
436 482
443 479
450 476
457 473
465 472
473 474
480 477
488 477
496 475
504 474
511 475
518 478
525 482
532 485
534 493
528 499
521 502
514 505
506 507
499 509
491 510
482 509
475 508
467 505
460 502
453 499
446 495
442 488
448 480
454 480
460 480
466 480
471 482
477 483
482 484
488 485
494 484
500 484
506 483
512 484
518 484
524 485
529 485
523 485
518 485
512 484
506 484
500 484
494 485
488 485
482 485
477 484
471 483
465 482
460 481
454 481
568 330
572 326
576 322
580 319
585 316
591 315
596 316
601 318
606 322
609 327
613 331
614 336
609 339
604 341
599 342
593 342
588 340
583 338
577 337
573 335
474 333
473 328
468 324
463 320
458 317
452 316
446 317
441 318
435 321
431 325
427 330
424 335
429 339
434 341
440 343
447 343
452 341
458 340
463 338
469 337
549 293
552 283
563 278
574 276
586 275
599 275
611 275
623 277
633 280
643 286
651 295
650 306
639 303
629 298
618 294
607 291
595 291
584 292
572 294
561 292
504 273
495 262
481 259
465 260
450 262
435 264
420 268
407 275
397 287
394 302
396 317
399 332
409 324
413 310
421 298
434 290
449 287
464 285
480 285
496 285
