76 195
79 213
82 232
85 252
90 272
97 291
105 310
113 327
123 345
134 362
147 376
161 390
177 404
191 417
205 431
219 445
235 457
253 468
271 474
291 479
310 482
331 483
350 479
368 472
386 463
403 453
420 441
436 431
452 419
468 405
483 391
497 378
510 364
521 346
528 328
536 309
542 291
549 271
555 254
562 234
569 214
296 191
283 202
270 214
262 228
262 246
275 258
291 266
308 270
325 271
343 272
360 271
377 269
393 261
399 244
395 226
389 210
379 195
229 339
241 332
254 328
267 324
281 321
296 321
309 324
324 325
338 323
352 322
366 325
379 330
390 338
402 345
406 359
395 368
383 375
370 380
357 383
342 385
328 387
313 386
299 385
285 381
273 376
261 369
250 360
240 349
237 335
248 333
260 333
271 335
283 337
294 339
305 342
316 343
328 343
340 342
352 342
364 343
376 343
388 344
395 348
384 351
373 352
361 353
349 354
337 354
325 354
314 353
302 351
291 350
279 348
268 345
258 342
247 338
403 112
410 102
420 94
430 89
441 85
454 84
466 85
477 89
488 94
498 101
507 109
505 121
495 127
483 130
471 132
459 132
447 131
435 128
424 124
413 119
271 92
265 82
256 73
246 66
236 61
225 59
212 59
201 61
190 65
180 70
170 77
176 87
185 95
195 101
206 105
218 107
230 107
242 106
254 104
265 102
371 57
388 40
409 34
431 32
454 32
477 33
499 36
521 40
543 45
561 57
570 76
550 80
530 70
510 62
487 62
465 65
443 70
423 77
403 83
383 75
299 40
285 24
267 15
248 8
229 1
209 -2
187 -1
167 2
148 8
129 17
112 28
129 39
151 38
171 33
191 30
213 31
232 36
251 44
269 52
289 57
