110 359
112 368
114 378
118 387
121 396
124 405
128 414
132 422
138 430
144 438
150 446
157 453
163 460
169 467
175 475
182 482
189 489
197 495
206 497
216 499
225 500
235 500
245 499
254 496
263 492
271 487
280 482
287 477
294 470
300 463
305 454
311 446
316 438
321 429
326 421
330 412
334 403
336 393
338 384
338 374
340 364
174 348
169 355
165 363
165 373
172 376
180 381
188 387
195 391
204 389
212 384
221 386
230 387
238 384
242 376
241 368
238 359
237 349
156 422
162 416
170 412
178 410
186 412
194 415
202 413
211 413
220 414
228 416
235 420
243 423
250 427
256 433
252 441
247 447
239 452
232 455
224 458
216 460
207 461
198 461
190 459
183 455
176 449
171 442
166 435
162 428
162 422
169 421
175 421
182 420
189 421
195 424
201 425
208 425
215 424
221 425
228 426
234 428
240 429
247 431
252 433
245 435
239 436
232 436
225 436
218 435
212 435
205 433
199 432
193 430
187 428
181 425
175 422
169 421
256 302
259 297
262 292
267 289
272 287
278 286
284 287
289 288
294 290
299 293
304 297
305 302
300 306
295 307
289 308
284 309
277 309
271 309
265 308
260 306
172 295
170 290
168 286
164 281
160 278
156 275
151 274
145 274
140 275
135 276
131 279
128 283
132 287
136 291
141 294
145 295
151 295
156 296
162 296
167 296
226 279
229 271
236 267
245 265
254 267
263 268
273 268
281 266
291 266
300 268
307 273
309 281
300 281
291 280
281 279
272 278
263 278
253 279
244 280
235 281
172 264
165 259
158 258
150 257
142 256
134 256
127 254
119 253
112 255
105 259
100 265
107 266
115 265
123 265
131 265
138 266
146 268
153 269
161 270
169 270
