141 688
142 706
143 727
145 745
150 765
157 782
168 800
179 815
190 830
201 847
212 864
223 879
238 893
253 905
267 919
281 932
297 945
311 956
327 968
346 975
364 974
384 973
402 970
422 964
440 956
456 946
471 933
484 918
497 903
510 889
524 875
537 862
552 848
566 834
577 819
589 803
599 786
607 768
614 750
621 732
625 712
379 703
366 714
358 729
361 747
371 762
386 770
403 774
418 782
434 790
452 791
470 787
486 782
503 775
515 763
516 746
513 729
497 720
266 777
289 774
311 778
334 782
356 786
379 790
401 795
424 798
448 798
472 797
496 796
519 799
515 820
502 839
488 857
474 876
459 893
440 907
418 912
394 913
371 910
350 903
331 892
313 877
300 858
290 838
281 818
273 797
287 790
304 791
321 795
337 799
353 803
369 807
386 810
404 812
421 813
439 813
456 815
474 814
491 812
484 827
473 841
460 854
447 865
431 870
414 872
396 872
378 871
361 869
344 866
329 860
315 849
306 835
299 820
293 805
527 625
531 617
539 618
548 619
557 621
566 621
575 621
583 622
592 621
601 620
608 621
600 624
592 627
584 630
576 632
568 633
559 633
550 633
542 631
534 628
375 619
370 611
358 610
347 610
335 611
324 610
314 607
303 605
293 602
281 601
270 600
279 606
289 611
299 615
309 618
319 621
330 622
342 623
353 622
365 622
501 598
508 584
521 575
535 570
550 566
565 563
581 559
595 553
609 549
626 548
639 555
639 571
624 575
609 579
594 582
578 585
563 589
547 591
532 594
517 599
402 565
386 554
367 549
347 546
326 545
305 543
285 540
265 538
244 540
226 546
209 556
227 564
246 568
266 571
287 573
308 575
328 577
349 579
370 580
391 579
