329 883
338 906
350 930
364 951
379 975
391 999
401 1023
410 1048
419 1074
429 1100
440 1123
455 1144
472 1167
485 1189
497 1213
517 1232
540 1241
568 1243
595 1243
622 1238
646 1232
671 1222
696 1210
718 1198
742 1184
763 1169
785 1152
807 1134
826 1118
845 1097
859 1075
870 1052
881 1027
892 1002
899 976
904 952
910 924
914 897
918 871
917 845
914 817
417 870
411 890
406 910
407 930
420 946
436 959
456 965
476 964
497 957
515 951
534 944
552 933
560 914
553 893
538 882
517 874
517 855
430 1063
432 1048
438 1035
451 1028
465 1025
481 1025
496 1024
511 1021
526 1020
542 1021
556 1024
570 1028
584 1033
597 1038
610 1045
611 1058
597 1064
583 1068
569 1072
555 1075
540 1078
526 1081
511 1083
495 1083
480 1082
464 1082
449 1080
435 1076
435 1062
443 1052
454 1046
468 1045
482 1045
496 1045
509 1044
521 1041
534 1039
548 1038
560 1041
572 1044
585 1048
597 1050
611 1051
597 1051
585 1048
572 1045
560 1042
547 1040
533 1041
520 1043
507 1045
494 1047
481 1048
469 1045
456 1047
444 1052
567 755
574 743
583 731
594 722
606 715
619 711
633 709
648 710
662 713
675 719
686 726
690 740
678 748
666 755
654 762
639 764
624 763
610 762
596 759
581 758
422 774
419 765
413 756
404 751
394 748
384 747
373 747
362 748
353 752
344 758
342 767
345 777
349 786
356 794
366 796
376 795
386 792
395 787
404 784
414 782
500 708
523 691
548 676
573 664
600 655
628 650
659 649
688 653
715 660
741 670
757 694
733 708
703 706
675 699
645 697
617 702
589 707
561 713
535 726
509 735
376 727
368 720
359 716
349 712
339 710
328 709
318 711
308 715
300 722
294 731
296 741
300 751
308 745
314 737
323 733
334 733
345 734
355 737
366 738
376 737
