225 670
230 688
235 707
241 725
244 744
249 764
255 781
263 798
273 816
284 832
296 847
308 861
321 877
334 891
348 904
363 916
380 925
400 931
419 934
437 938
456 941
475 943
495 942
513 937
530 928
546 916
562 907
579 896
596 885
610 874
624 860
637 844
646 829
655 811
664 793
674 778
684 761
691 743
698 724
704 706
711 687
392 664
379 676
367 690
364 706
369 725
385 733
401 735
420 739
438 740
456 739
474 739
492 737
506 727
509 710
501 693
487 683
474 668
343 816
355 805
366 793
379 784
393 778
408 775
425 775
441 776
457 775
472 778
487 783
501 787
514 795
509 810
504 824
498 837
491 851
481 863
469 873
454 878
439 880
423 881
407 880
393 874
380 866
368 855
358 843
352 829
351 815
361 811
371 808
382 807
393 808
404 809
416 810
427 809
438 808
449 809
460 810
472 811
483 810
494 810
500 817
491 822
481 826
470 828
459 828
448 828
436 828
425 829
414 830
403 828
393 825
383 821
373 818
363 816
501 598
509 591
519 587
529 584
539 583
551 583
561 584
572 587
581 590
591 595
595 604
586 610
576 613
565 615
555 617
544 617
533 617
522 615
512 613
502 609
373 598
366 589
357 584
348 579
338 578
327 578
316 579
306 581
296 584
287 589
279 595
288 601
297 605
306 608
316 611
327 612
338 612
348 611
358 609
368 606
469 541
484 532
501 529
519 529
537 530
555 529
573 531
589 536
604 543
619 551
633 561
620 566
602 564
586 560
570 555
552 553
534 552
517 554
499 556
482 554
381 535
369 527
355 524
340 523
325 524
310 525
295 525
280 528
267 533
255 542
247 553
261 552
277 551
291 549
306 547
320 545
336 545
350 547
365 550
379 549
