712 551
710 577
710 604
713 630
718 658
720 686
722 711
725 738
735 764
749 787
766 809
781 829
797 852
813 873
831 893
850 914
868 932
890 949
911 963
935 978
960 990
986 998
1013 1000
1037 997
1062 985
1086 971
1106 953
1125 935
1145 917
1164 895
1180 874
1195 853
1213 833
1229 812
1240 786
1247 759
1255 736
1264 710
1268 682
1276 658
1282 629
1014 547
1000 568
981 585
966 605
959 632
968 654
991 669
1014 665
1041 659
1065 665
1086 680
1114 680
1132 664
1139 639
1129 617
1116 593
1113 566
921 771
936 769
951 764
965 759
979 755
994 752
1009 756
1023 763
1037 767
1054 767
1070 768
1084 773
1096 784
1108 795
1116 808
1103 816
1089 822
1075 826
1059 829
1043 830
1027 829
1012 826
997 822
983 816
970 809
957 801
944 792
931 783
940 772
953 773
966 774
978 775
991 777
1003 779
1015 782
1027 784
1039 786
1051 789
1064 790
1076 793
1088 795
1100 798
1112 800
1100 798
1087 796
1075 794
1063 792
1051 790
1038 789
1026 786
1015 782
1003 779
990 778
978 776
965 776
952 775
1115 467
1122 457
1134 453
1147 450
1160 450
1173 452
1185 455
1197 459
1208 465
1218 472
1227 482
1224 494
1211 495
1197 495
1184 494
1172 491
1160 488
1149 483
1137 479
1126 473
983 445
972 438
960 433
948 429
935 426
922 423
909 422
895 421
882 423
870 428
859 435
869 444
881 450
893 455
906 457
920 457
933 456
947 456
961 454
974 452
1113 418
1117 397
1135 381
1155 374
1178 374
1200 379
1222 382
1243 386
1263 394
1279 411
1290 430
1295 451
1280 466
1260 459
1241 447
1223 436
1203 429
1180 426
1157 425
1134 424
1026 396
1024 371
1005 354
983 347
960 341
936 337
912 334
886 334
861 338
839 345
819 358
809 380
831 387
856 389
881 388
907 387
932 387
957 391
980 396
1003 402
