584 1572
597 1620
616 1673
637 1724
659 1775
681 1826
701 1871
725 1920
752 1967
783 2012
818 2054
856 2093
904 2127
955 2146
1005 2155
1061 2157
1115 2151
1167 2138
1223 2123
1273 2114
1328 2104
1382 2088
1428 2065
1476 2037
1523 2013
1575 1992
1629 1977
1672 1951
1712 1912
1743 1865
1767 1816
1786 1770
1803 1715
1815 1662
1825 1608
1834 1558
1844 1503
1852 1447
1858 1392
1856 1337
1844 1284
934 1414
930 1451
923 1486
923 1523
937 1560
968 1580
1004 1586
1042 1582
1076 1574
1113 1562
1148 1551
1185 1536
1213 1512
1219 1476
1205 1441
1185 1412
1171 1374
919 1805
935 1773
961 1744
989 1717
1022 1701
1061 1701
1096 1691
1129 1677
1167 1673
1206 1675
1244 1679
1281 1686
1317 1694
1352 1702
1358 1737
1332 1766
1304 1793
1274 1819
1245 1843
1213 1862
1180 1876
1145 1886
1108 1891
1070 1894
1030 1894
995 1885
963 1866
938 1837
933 1805
959 1788
985 1771
1011 1756
1040 1746
1070 1739
1101 1734
1131 1727
1161 1721
1193 1718
1226 1719
1258 1721
1291 1720
1324 1718
1356 1716
1331 1732
1302 1741
1272 1747
1241 1752
1210 1758
1182 1769
1154 1779
1124 1786
1091 1788
1058 1788
1026 1791
994 1795
966 1804
1229 1153
1242 1135
1259 1119
1277 1108
1297 1100
1318 1095
1340 1092
1363 1094
1384 1100
1403 1109
1421 1123
1412 1142
1394 1156
1376 1167
1355 1174
1334 1178
1311 1180
1288 1179
1267 1174
1246 1168
908 1237
889 1228
869 1220
847 1216
824 1215
802 1219
782 1226
764 1238
747 1254
733 1272
724 1291
742 1305
762 1311
786 1311
806 1305
826 1297
846 1289
865 1280
885 1271
903 1258
1113 1036
1134 994
1175 968
1218 951
1263 937
1308 924
1356 915
1407 915
1453 926
1494 951
1527 988
1517 1025
1474 1006
1430 989
1384 979
1333 982
1289 996
1246 1016
1204 1037
1158 1049
906 1126
889 1091
850 1081
810 1088
768 1092
726 1094
683 1097
646 1112
614 1139
595 1174
586 1213
579 1253
605 1222
638 1197
671 1171
709 1160
751 1156
793 1160
835 1163
876 1157
