174 666
178 684
181 704
185 725
190 744
194 764
198 785
206 803
214 822
223 840
237 855
253 866
270 877
288 886
307 892
328 898
345 905
364 915
383 919
405 919
424 920
445 922
465 923
485 921
505 917
524 909
542 898
557 887
575 876
591 865
608 852
622 837
632 819
640 800
646 781
652 762
659 744
667 723
673 705
677 686
681 664
389 644
379 657
362 663
350 677
351 693
362 709
378 716
395 721
415 725
432 726
450 724
468 722
484 711
490 694
486 677
471 668
462 652
307 774
320 769
334 767
348 763
362 760
377 758
393 758
408 759
423 761
438 763
452 766
466 769
479 774
492 781
504 790
495 801
481 803
466 802
451 800
436 799
421 797
406 795
391 794
376 792
362 790
347 787
333 784
320 779
325 771
336 769
348 771
361 771
374 771
386 772
398 774
410 775
422 776
434 777
447 778
458 780
470 783
481 787
491 790
479 792
467 793
454 793
442 793
430 790
419 787
407 785
396 782
384 781
372 780
359 779
347 777
336 774
511 580
517 575
523 569
530 565
537 561
545 559
554 559
562 561
569 564
576 570
581 576
581 585
574 589
567 591
558 592
549 592
541 591
533 590
525 588
517 586
348 562
346 554
339 549
332 544
324 540
316 537
306 537
298 539
290 542
282 546
275 550
268 556
277 558
285 560
293 562
302 562
311 563
321 563
330 563
339 563
467 550
482 543
496 536
512 531
528 528
546 529
562 532
578 537
592 545
605 557
615 570
608 574
595 563
581 553
566 545
550 542
532 543
516 546
500 549
484 553
378 494
364 486
348 484
330 484
312 484
295 484
278 486
264 493
251 504
243 519
239 534
253 527
266 516
280 508
296 504
313 505
329 508
345 513
361 515
377 511
