249 498
249 514
249 531
249 546
251 563
253 580
256 596
260 610
268 625
276 639
286 653
296 665
307 677
319 689
330 700
342 713
354 723
368 731
383 737
400 741
416 741
433 740
449 737
464 733
479 726
494 719
508 710
521 701
534 691
547 682
560 673
575 663
587 653
598 642
607 628
614 613
622 597
627 582
632 567
637 552
643 535
409 545
402 553
392 558
385 567
386 578
394 588
403 594
414 597
426 599
436 602
448 604
459 604
470 604
481 599
484 588
484 577
483 565
356 639
364 632
373 626
383 622
392 618
402 614
413 616
422 620
432 623
442 626
451 632
460 638
469 645
476 654
479 663
471 670
462 676
453 681
443 685
433 687
421 687
410 687
400 684
390 680
381 674
373 666
366 657
361 648
365 639
373 637
381 638
388 639
396 641
403 641
411 643
419 644
426 646
433 648
441 649
449 650
456 651
463 654
470 658
462 659
454 659
446 660
438 659
430 658
423 656
415 655
408 653
401 651
393 649
386 647
379 645
372 642
501 494
506 489
513 485
519 482
526 480
533 479
541 480
548 481
555 483
561 486
566 492
563 498
556 500
549 502
542 503
535 504
527 503
520 502
513 500
507 497
402 473
399 467
394 461
388 457
381 453
375 450
368 449
360 448
353 449
346 452
339 454
342 460
347 466
353 471
359 474
366 476
373 477
381 478
389 477
396 476
483 434
495 429
508 426
522 425
536 426
549 429
562 431
577 430
591 429
602 435
610 446
602 455
589 453
576 450
563 448
550 445
535 445
521 445
508 442
495 439
434 416
423 409
410 407
397 405
385 402
372 399
359 398
346 397
333 398
321 403
310 409
321 416
334 417
347 415
360 414
373 415
386 417
399 420
412 421
425 422
