156 411
155 424
155 438
157 452
159 465
162 479
166 492
171 505
177 517
185 530
193 540
202 550
213 559
225 567
236 576
247 583
259 590
271 598
284 605
297 608
310 611
325 613
338 612
350 606
364 599
375 592
386 583
397 575
408 567
419 560
430 551
442 542
452 534
458 520
463 508
468 494
470 481
472 468
473 454
474 440
475 425
301 459
292 464
285 471
282 480
286 489
295 494
305 494
314 492
324 492
334 495
344 493
354 492
364 491
373 487
375 477
372 467
366 459
281 542
287 536
294 533
301 530
308 529
316 529
324 528
332 528
341 528
349 527
357 527
365 527
373 529
380 530
382 537
376 542
369 546
362 550
355 552
348 554
340 555
332 556
324 556
316 555
309 554
301 552
294 549
287 545
287 539
294 538
301 539
308 539
314 541
321 542
328 542
335 542
341 540
348 538
354 536
361 536
368 536
375 535
381 535
374 535
367 535
360 535
353 536
347 538
341 540
334 542
327 542
320 540
314 539
307 538
300 537
293 537
371 406
374 400
377 394
382 391
388 389
395 388
402 389
409 389
416 391
422 392
428 395
431 400
424 402
418 403
411 404
405 406
398 407
391 408
385 408
378 408
287 402
283 396
278 392
271 391
265 390
258 390
251 391
244 392
238 394
232 396
226 399
231 404
238 406
244 408
251 408
258 408
265 408
272 407
279 407
286 408
364 363
371 356
382 355
391 356
401 356
412 356
421 358
431 359
440 361
449 365
455 372
446 370
437 368
427 369
417 370
408 371
398 373
388 374
378 374
369 371
305 371
300 361
289 356
277 353
265 351
253 349
240 348
227 349
214 350
202 352
191 358
191 371
204 372
217 372
230 371
242 372
255 373
267 375
280 376
293 376
