145 417
142 437
136 458
130 478
125 499
123 520
124 540
129 563
136 582
145 601
158 619
171 635
186 651
200 666
215 683
229 698
245 713
262 724
281 734
300 745
320 754
340 760
361 762
381 761
403 757
423 751
439 738
452 719
461 700
469 682
477 661
481 640
490 620
500 601
509 583
517 563
527 544
536 526
541 503
543 483
549 461
380 479
373 494
362 509
357 525
363 542
378 552
397 553
411 564
426 572
442 579
460 572
474 560
485 546
482 530
471 515
464 497
461 479
294 601
307 596
323 596
339 597
354 595
370 595
385 598
399 602
414 604
430 605
446 604
461 605
466 618
460 631
455 645
450 659
440 670
427 677
412 679
396 679
381 678
366 675
353 669
340 661
329 650
319 638
309 626
300 614
299 600
311 601
324 602
336 603
349 605
361 606
374 608
385 610
397 612
410 614
422 616
434 617
446 616
455 620
447 630
439 640
429 647
418 651
405 652
392 651
380 649
369 646
358 641
348 635
337 630
327 624
316 617
306 610
462 435
466 429
473 425
480 421
487 420
495 419
504 419
512 419
520 421
526 425
532 431
532 439
524 441
516 442
508 443
500 443
491 444
484 442
476 441
468 439
354 419
348 411
341 405
332 401
324 398
315 396
305 397
296 398
287 400
278 404
271 409
279 414
287 418
295 421
304 424
313 426
323 427
332 428
342 427
352 427
468 402
475 394
484 391
493 388
503 387
513 386
524 386
534 387
545 388
553 394
558 402
554 410
544 409
534 407
524 407
514 409
504 410
494 410
484 412
473 410
405 397
390 387
374 378
358 371
341 366
323 362
304 361
285 363
268 368
251 373
235 380
253 383
270 379
290 378
309 379
327 382
345 386
362 392
378 399
394 405
