37 466
44 476
51 487
56 498
64 507
75 514
84 522
92 531
103 539
114 544
126 547
139 548
151 547
164 547
177 549
189 552
201 556
214 557
225 556
238 553
250 549
262 544
271 535
280 527
288 517
295 507
300 495
309 487
316 478
326 468
333 458
339 448
343 436
344 423
345 411
345 397
343 385
341 373
339 361
336 348
334 336
162 433
161 443
159 455
162 467
168 476
180 479
191 477
201 473
213 471
223 466
234 459
245 455
250 445
247 434
241 425
229 421
223 412
164 513
173 514
181 515
190 514
198 512
206 509
214 506
222 505
230 501
237 497
244 493
252 490
259 485
266 479
271 475
266 482
260 489
254 495
247 502
240 506
233 509
224 511
216 513
208 515
199 516
190 516
181 515
172 514
193 515
198 514
204 513
209 511
215 510
220 509
225 506
230 505
235 503
240 501
245 498
250 495
254 491
258 486
263 484
259 488
255 492
250 495
246 498
241 501
236 504
231 506
226 508
220 509
215 510
209 511
204 513
198 514
224 365
226 358
229 352
234 346
239 341
246 338
252 335
259 333
267 333
274 334
281 337
280 344
276 351
272 356
265 361
259 363
252 365
245 367
238 368
230 369
132 398
125 393
118 392
109 392
101 392
94 395
87 398
81 403
75 409
69 415
66 422
73 420
81 417
88 420
96 421
104 420
111 418
118 415
125 411
131 405
199 339
202 327
212 318
223 313
235 309
247 305
258 299
269 293
282 290
295 290
307 294
307 306
294 309
282 312
269 315
258 319
246 324
235 329
223 335
212 340
128 364
116 361
103 363
91 366
80 371
68 375
57 380
46 386
36 396
31 407
28 420
39 415
49 407
60 401
71 395
82 390
94 387
106 383
118 380
129 375
