533 1011
528 1049
523 1085
528 1124
535 1162
540 1199
548 1237
559 1274
572 1310
588 1345
605 1380
621 1415
647 1442
676 1467
705 1493
735 1517
767 1540
797 1560
831 1582
863 1599
900 1614
936 1622
977 1627
1013 1627
1051 1623
1088 1614
1124 1600
1157 1580
1186 1555
1212 1526
1236 1496
1260 1467
1285 1437
1306 1402
1322 1371
1336 1336
1347 1298
1355 1260
1359 1221
1363 1182
1369 1143
1015 1106
1013 1133
990 1156
978 1184
979 1213
999 1237
1029 1249
1058 1253
1088 1262
1116 1277
1143 1264
1172 1256
1196 1233
1205 1206
1199 1174
1181 1148
1176 1118
926 1352
943 1343
961 1339
980 1335
999 1332
1018 1328
1038 1326
1058 1325
1079 1325
1099 1324
1120 1325
1140 1324
1161 1326
1179 1330
1178 1349
1162 1360
1146 1371
1129 1380
1112 1386
1093 1390
1072 1391
1053 1388
1035 1383
1017 1376
999 1370
981 1366
962 1362
943 1358
931 1349
948 1350
966 1351
985 1351
1003 1351
1021 1353
1038 1355
1055 1357
1074 1357
1091 1354
1109 1354
1126 1351
1143 1349
1161 1347
1178 1344
1161 1348
1144 1351
1127 1353
1109 1354
1091 1356
1074 1357
1055 1358
1038 1356
1021 1353
1002 1353
984 1353
966 1352
948 1351
1180 997
1185 986
1196 980
1208 977
1220 976
1234 977
1246 978
1259 980
1271 982
1282 987
1293 992
1294 1003
1281 1004
1268 1005
1255 1005
1242 1005
1229 1005
1215 1005
1203 1004
1191 1001
989 1003
976 993
962 986
947 982
931 979
915 977
897 977
881 978
865 981
850 987
837 995
851 1004
865 1009
881 1013
897 1016
914 1016
931 1016
947 1018
964 1019
979 1016
1173 954
1186 937
1206 930
1227 928
1249 926
1270 923
1291 920
1313 917
1334 921
1352 930
1368 945
1370 966
1347 965
1327 961
1304 961
1282 962
1259 961
1237 960
1215 961
1193 959
1004 937
978 921
950 913
919 909
888 907
856 907
825 911
797 920
772 937
751 960
735 986
763 976
789 962
816 951
846 945
878 945
910 947
941 950
971 954
1001 960
