663 790
661 819
661 851
661 880
661 912
662 943
664 971
667 1004
671 1034
679 1062
689 1092
700 1120
713 1148
730 1176
746 1201
762 1228
780 1250
806 1269
835 1276
864 1281
897 1282
927 1280
956 1275
985 1266
1014 1257
1045 1246
1073 1237
1103 1227
1130 1212
1150 1190
1168 1165
1182 1140
1196 1112
1209 1084
1220 1055
1235 1026
1246 1000
1258 971
1267 941
1274 911
1279 880
824 829
815 853
804 872
788 894
793 919
813 932
832 948
858 944
879 934
905 938
930 945
954 943
968 923
969 897
952 877
935 858
929 833
757 1006
773 986
795 975
821 972
846 976
870 983
895 987
921 986
948 988
972 992
997 997
1020 1006
1040 1022
1042 1048
1027 1069
1007 1086
985 1099
963 1111
940 1120
916 1125
891 1129
865 1127
840 1121
817 1112
796 1097
779 1078
767 1056
760 1032
772 995
793 997
815 1000
835 1005
855 1009
875 1014
897 1016
919 1014
940 1011
962 1012
984 1012
1006 1014
1026 1019
1041 1034
1024 1048
1006 1057
987 1065
968 1071
946 1074
924 1074
902 1075
880 1076
858 1077
837 1073
819 1064
803 1048
791 1031
779 1014
993 758
1001 749
1012 744
1023 741
1035 740
1048 740
1060 741
1071 744
1081 749
1091 756
1100 764
1097 775
1085 776
1073 776
1060 776
1048 776
1036 774
1025 771
1014 767
1003 763
833 739
825 729
815 724
804 719
792 716
780 714
767 713
755 714
744 718
733 724
723 732
734 738
744 743
755 748
767 751
779 753
792 753
805 753
818 753
830 750
942 689
959 669
982 660
1006 654
1032 652
1058 653
1085 654
1111 656
1134 665
1155 679
1174 698
1168 716
1146 705
1124 694
1100 688
1073 687
1047 689
1021 691
994 691
968 692
827 672
815 662
801 656
786 652
771 649
755 646
739 644
723 645
709 651
696 660
684 670
699 673
715 672
731 670
747 672
762 676
777 680
792 684
808 686
824 686
