65 116
66 135
67 153
71 172
75 190
76 209
79 229
83 246
89 264
100 281
111 295
123 310
136 325
148 339
160 355
172 370
184 385
198 398
212 407
230 416
249 421
267 420
286 417
305 411
320 402
334 389
345 373
357 357
367 341
378 325
387 310
396 293
405 276
414 259
421 241
425 223
430 204
435 186
439 168
442 149
444 129
250 143
242 155
234 168
226 180
228 195
239 204
253 211
267 216
282 218
297 217
311 214
325 209
337 201
343 186
337 173
331 159
327 145
197 280
208 277
219 275
231 273
242 270
252 267
265 267
276 270
288 269
300 268
311 269
322 273
332 277
343 281
341 292
332 300
323 309
313 315
303 320
291 321
279 321
267 320
256 317
245 313
235 307
225 301
216 295
206 288
205 280
215 281
225 282
234 283
244 283
254 283
264 284
273 286
283 286
293 285
302 283
311 282
321 281
331 281
336 283
327 285
317 287
308 288
299 290
290 292
280 292
270 292
261 290
252 288
242 288
233 286
223 285
214 282
346 71
349 65
354 61
361 59
368 58
375 57
382 57
389 59
396 61
402 64
407 69
405 76
399 80
393 82
386 82
378 82
371 82
364 81
357 79
351 76
211 68
210 61
203 57
195 56
187 55
178 55
170 56
162 57
154 59
147 62
141 66
147 70
154 74
161 77
169 79
176 81
185 81
193 81
201 79
207 75
324 36
336 27
348 19
361 14
376 12
391 12
406 11
421 9
436 11
449 16
454 29
443 39
427 40
413 41
398 43
383 42
368 41
353 43
340 48
326 51
264 36
249 24
232 17
215 10
198 5
179 2
160 1
140 2
120 2
102 5
91 21
106 31
125 32
145 34
164 35
183 37
202 40
220 44
238 48
257 51
