500 633
500 657
499 682
497 705
498 730
502 754
510 779
520 800
531 821
542 844
554 866
566 887
579 909
591 928
606 947
627 962
648 971
672 974
698 974
721 974
747 972
771 965
793 958
816 950
838 940
860 925
881 913
901 898
916 881
934 863
948 844
962 822
975 802
984 779
987 755
988 731
989 705
987 681
987 656
987 632
987 607
618 648
613 665
608 684
604 703
604 721
616 737
634 739
653 736
672 732
692 732
709 726
726 718
734 702
732 682
725 664
716 647
707 629
567 760
585 758
603 760
619 765
637 766
655 768
673 770
691 772
710 771
728 770
747 770
765 771
782 776
777 792
763 804
749 814
735 825
720 834
705 842
688 846
670 848
653 844
637 838
622 831
609 817
597 803
586 789
576 775
582 761
596 766
609 772
621 778
635 782
650 785
664 787
678 790
694 791
709 789
723 786
737 783
752 781
767 781
762 792
749 798
736 803
723 809
709 813
695 817
680 818
665 819
650 817
636 814
624 806
612 795
601 784
591 773
722 580
729 570
740 568
752 567
764 566
776 566
788 567
799 568
810 571
821 574
831 579
822 586
811 590
800 593
789 594
777 594
765 594
753 592
742 590
732 586
633 577
624 570
615 566
604 564
594 562
583 561
572 560
560 560
549 561
539 563
529 568
538 573
548 577
558 580
569 582
579 583
590 584
602 584
613 583
623 582
705 554
715 542
730 535
744 530
760 527
776 525
793 524
810 525
826 527
840 532
853 542
850 557
834 558
818 555
801 554
784 554
767 553
751 554
735 557
719 560
609 542
600 532
590 525
578 521
566 518
552 518
538 518
525 520
513 523
503 530
496 541
508 545
519 540
532 539
545 541
557 544
570 546
583 548
594 553
607 555
