343 401
346 413
350 425
354 438
357 452
361 465
365 476
369 489
373 503
378 514
385 527
393 537
402 546
413 554
424 561
436 569
448 575
459 580
471 586
484 589
498 592
511 593
524 592
537 588
549 583
560 573
569 564
579 556
587 545
594 534
601 522
607 511
614 498
620 486
624 475
629 462
633 449
639 438
645 425
650 412
651 399
498 368
491 376
485 387
485 399
490 408
501 413
511 417
523 420
535 424
546 426
557 425
569 423
577 414
580 403
579 391
572 382
566 371
444 456
455 451
468 449
480 446
492 443
505 442
518 443
531 444
544 442
557 442
569 445
580 451
585 463
582 475
579 487
574 498
566 508
555 515
543 519
530 520
517 519
504 518
493 514
482 507
472 499
462 489
455 478
450 467
445 458
456 457
468 457
478 455
489 454
500 454
511 455
522 457
533 457
544 456
555 455
566 457
575 461
584 467
580 476
571 482
563 490
553 494
542 494
531 495
519 495
508 494
498 492
488 489
478 485
469 480
460 473
452 467
565 323
570 320
575 317
581 315
587 313
594 313
600 314
606 316
611 318
616 322
621 327
618 332
612 335
606 336
599 336
593 335
587 333
581 333
575 331
569 328
478 317
475 312
471 308
466 305
461 303
455 302
449 302
443 303
438 304
433 307
428 310
431 315
435 319
440 321
446 323
452 324
458 324
464 324
469 323
475 322
570 297
573 291
579 289
586 288
593 287
600 287
607 288
614 288
621 289
628 290
633 294
627 297
621 296
614 297
607 298
601 300
594 301
588 303
581 304
575 302
494 283
485 274
474 269
463 265
450 264
438 263
425 265
414 269
404 275
394 283
387 293
397 286
408 281
419 277
431 275
444 275
456 278
466 282
477 288
488 292
