29 764
30 802
34 845
39 888
43 930
46 971
57 1012
68 1051
93 1085
126 1111
156 1138
185 1171
216 1201
247 1225
289 1242
325 1262
359 1283
397 1303
434 1321
471 1341
515 1352
555 1352
597 1350
640 1344
679 1332
719 1320
753 1299
778 1262
790 1224
797 1183
803 1139
821 1101
838 1062
855 1024
864 983
871 942
876 902
879 859
882 817
886 774
887 731
609 820
593 845
577 867
564 897
566 925
585 949
613 953
643 949
671 957
688 981
716 981
743 966
767 947
776 918
770 889
760 860
749 831
464 1068
484 1060
507 1057
530 1056
554 1056
577 1054
599 1051
622 1053
644 1058
666 1055
687 1050
709 1045
731 1040
752 1046
741 1064
731 1084
716 1101
696 1109
675 1115
653 1119
630 1121
607 1121
584 1119
562 1114
542 1107
522 1101
502 1092
482 1082
483 1065
500 1067
516 1072
534 1073
552 1073
570 1074
588 1075
606 1076
624 1077
642 1078
660 1079
677 1077
693 1073
709 1067
724 1064
708 1069
693 1074
676 1078
659 1080
641 1079
623 1077
605 1076
587 1077
570 1075
552 1074
533 1074
516 1072
499 1068
732 692
742 682
753 673
765 666
778 661
792 658
806 656
820 656
834 659
845 667
853 679
846 691
834 699
822 705
808 707
794 710
780 711
765 711
752 707
738 704
538 715
537 699
527 686
515 677
500 671
484 670
468 671
453 675
438 679
424 685
411 693
398 705
412 712
427 716
442 719
458 722
474 723
491 723
507 721
523 718
736 657
754 650
771 643
789 637
807 630
825 623
844 618
863 615
883 613
904 614
920 626
906 640
887 644
867 648
847 650
827 651
807 655
788 659
770 666
751 671
603 639
577 627
549 620
522 613
493 607
463 607
433 609
405 616
379 625
353 636
327 649
352 664
382 662
411 657
440 654
471 653
501 655
531 657
562 657
593 657
