303 423
305 435
307 449
310 461
312 475
313 488
315 502
319 514
323 527
327 539
334 551
343 561
353 570
363 578
374 586
386 593
398 598
411 601
425 603
438 602
450 599
464 596
477 594
489 590
503 587
516 585
528 580
541 574
553 568
564 561
574 552
583 543
590 532
594 519
598 505
600 493
601 480
602 465
602 452
603 439
603 425
392 408
387 416
382 425
379 435
381 446
391 449
402 451
413 450
424 450
433 449
445 446
455 446
464 442
469 433
467 422
461 413
455 404
372 501
377 493
384 486
392 481
400 478
410 477
420 479
429 477
439 476
448 478
457 481
465 484
474 486
483 490
488 497
480 504
473 510
465 515
457 519
448 522
439 524
430 526
420 526
410 526
401 524
392 520
385 515
377 509
375 503
381 500
388 496
395 494
402 492
409 490
417 490
425 489
433 489
441 489
449 490
456 491
464 492
471 493
479 494
476 499
469 500
461 501
453 502
446 503
438 503
430 504
422 504
414 504
406 505
398 505
390 505
382 504
461 369
464 363
468 357
473 351
479 348
486 345
494 345
501 345
509 346
516 348
522 351
525 358
519 363
513 366
506 368
499 369
491 370
484 370
476 369
468 369
388 366
384 362
379 359
373 356
368 354
362 354
356 353
349 353
344 355
339 358
334 362
338 366
342 371
347 373
354 373
360 372
366 371
372 371
378 370
384 370
438 337
443 326
454 321
466 317
478 314
491 311
503 308
516 307
528 309
539 314
550 321
545 326
533 323
520 323
507 325
495 328
483 331
471 335
460 340
448 344
388 343
386 334
379 326
370 321
361 318
351 317
341 316
330 315
321 318
313 324
307 332
305 342
313 337
321 330
330 327
341 328
351 330
361 331
370 334
379 338
