630 888
633 915
637 940
643 967
651 992
658 1020
663 1046
670 1073
679 1098
694 1121
714 1140
737 1157
756 1173
776 1192
799 1208
825 1219
850 1224
879 1224
906 1223
932 1223
961 1224
988 1225
1016 1221
1040 1214
1066 1205
1093 1196
1119 1190
1145 1182
1172 1172
1196 1159
1216 1143
1232 1120
1242 1094
1247 1068
1249 1042
1249 1012
1249 986
1250 960
1252 931
1255 905
1257 876
789 868
782 885
776 905
778 924
792 938
812 945
831 947
852 947
871 945
892 942
911 943
931 937
947 925
953 905
946 886
938 869
927 851
750 1033
760 1015
777 1004
796 997
817 997
837 1001
859 1003
879 999
899 996
920 997
940 1001
960 1006
980 1011
998 1017
1004 1036
989 1052
972 1064
955 1074
936 1082
917 1087
897 1091
876 1093
854 1093
833 1091
814 1086
796 1077
779 1064
764 1049
782 1042
794 1034
806 1029
820 1025
834 1024
849 1024
864 1025
879 1026
894 1025
908 1024
923 1023
938 1025
952 1028
966 1029
981 1030
969 1039
956 1043
942 1044
927 1045
912 1047
898 1048
883 1049
868 1050
853 1051
839 1050
824 1050
809 1050
794 1050
956 774
962 764
972 757
982 752
993 748
1004 745
1017 745
1028 747
1039 750
1050 754
1060 761
1058 773
1048 777
1037 781
1025 784
1014 785
1001 785
989 784
977 783
966 780
791 770
782 764
773 759
763 754
753 752
741 751
731 753
720 756
711 762
702 769
695 777
704 783
714 787
724 790
736 790
747 790
758 788
769 786
780 784
790 781
904 692
921 675
941 668
964 665
987 664
1010 666
1033 668
1056 669
1079 672
1100 678
1118 690
1106 699
1085 695
1061 694
1038 695
1015 698
993 702
970 703
947 701
925 698
820 702
807 689
792 680
776 675
758 674
740 675
723 677
706 680
689 683
673 689
660 702
675 710
693 709
710 706
728 708
744 712
761 716
777 720
795 720
812 716
