309 422
311 434
312 448
314 462
316 475
319 489
323 501
328 514
334 527
341 538
350 548
359 558
369 568
378 577
390 584
403 591
415 596
428 600
441 602
455 606
468 609
481 610
495 609
508 606
521 602
534 596
546 589
556 579
564 569
571 558
577 546
582 533
586 519
589 506
592 492
595 480
599 466
601 453
604 439
606 426
608 412
463 395
456 406
451 416
445 428
442 440
443 454
452 462
463 468
476 470
489 468
500 462
511 455
518 444
515 432
510 420
506 408
501 395
409 507
418 505
427 503
436 501
446 499
455 498
465 498
475 499
484 498
494 497
503 496
513 497
522 499
532 500
532 509
524 514
516 518
507 520
498 523
489 525
480 526
470 526
461 525
451 523
443 520
434 518
425 515
417 512
419 508
427 508
435 507
444 507
452 508
459 509
467 510
475 510
483 509
491 507
498 506
506 505
514 505
522 504
529 504
522 505
513 505
505 506
497 507
490 508
482 510
475 511
467 510
459 509
451 508
443 508
435 508
427 508
510 356
515 351
521 348
526 345
533 344
539 344
546 343
552 344
558 347
562 352
565 358
561 363
556 366
550 369
544 370
537 369
531 367
525 366
519 364
513 361
427 364
424 360
420 356
415 353
409 352
403 351
398 352
393 354
388 356
383 360
378 363
382 368
387 371
392 373
397 375
403 375
409 375
414 374
419 372
424 369
496 326
503 318
511 312
520 308
530 306
541 307
552 308
562 308
572 311
580 318
585 327
585 337
575 334
566 330
556 328
546 327
535 328
525 330
515 331
504 331
455 322
446 314
434 312
422 311
411 312
399 313
387 315
376 317
365 321
356 329
350 339
361 342
372 340
383 336
394 333
406 333
418 332
430 333
442 334
454 334
