495 711
497 732
502 754
509 774
517 795
525 815
533 836
542 855
555 871
569 889
586 903
603 914
623 926
638 942
656 954
675 963
696 972
717 978
738 980
759 976
781 970
802 965
824 961
843 955
863 945
880 930
894 913
908 896
922 881
938 866
952 850
963 830
968 808
970 788
971 765
972 743
973 722
974 701
975 679
976 658
975 634
733 662
724 673
715 686
709 701
714 716
727 724
743 720
759 717
774 716
790 716
805 714
822 713
835 707
842 692
835 678
825 666
814 653
702 834
712 820
724 807
737 794
749 781
762 770
778 764
796 764
812 758
827 753
844 755
858 766
868 780
867 798
866 816
863 833
858 849
851 864
839 877
824 887
809 894
794 900
777 903
761 897
747 888
734 875
722 862
711 848
719 831
728 821
738 814
748 807
757 800
767 792
778 786
788 780
801 781
811 776
823 773
835 771
846 776
855 784
854 797
849 808
843 818
837 828
829 838
819 845
808 850
797 853
785 856
773 857
760 856
749 851
739 846
729 839
809 575
817 567
825 560
833 553
842 548
851 544
861 543
871 543
881 546
889 553
893 562
891 572
884 581
876 586
867 590
856 591
846 591
836 588
826 586
817 582
680 593
675 583
667 576
657 572
646 570
635 571
625 573
615 577
606 583
597 590
591 599
599 607
608 613
618 617
628 620
640 620
651 619
661 616
670 611
679 603
781 541
779 524
785 509
798 498
813 492
831 493
847 496
863 499
880 497
897 495
913 498
924 509
908 511
893 519
878 523
861 526
845 528
828 530
812 534
798 541
712 546
706 526
687 515
665 511
642 510
619 511
597 515
579 526
560 537
541 549
525 566
518 586
537 575
556 566
577 560
600 559
623 557
646 555
668 552
691 552
