385 365
388 379
391 395
396 409
403 423
411 436
418 449
426 463
433 476
443 489
451 501
461 512
472 523
484 533
496 544
506 555
519 563
534 569
549 573
562 578
578 580
593 578
608 573
620 565
631 553
640 542
649 529
657 516
664 502
670 487
676 473
682 459
687 445
691 431
695 415
698 400
701 385
703 370
704 355
705 340
707 323
561 353
558 364
551 375
546 387
546 399
555 408
567 412
580 415
593 418
606 416
617 412
627 404
636 394
637 382
630 371
622 361
616 349
513 477
522 472
532 469
543 465
553 462
564 460
575 461
586 464
597 464
607 460
618 457
629 458
639 462
644 472
639 482
632 491
625 500
617 508
608 514
598 518
587 520
575 520
564 518
554 514
545 509
536 502
527 494
520 486
526 476
533 473
541 472
550 472
558 471
566 471
575 470
583 471
592 470
600 468
608 467
616 466
625 466
633 466
633 473
626 477
619 480
611 483
604 485
596 487
588 489
580 490
572 488
564 487
556 485
548 484
540 482
533 479
615 310
620 305
624 300
628 295
634 291
639 288
645 286
652 285
658 286
663 289
668 294
670 300
665 305
660 308
654 310
648 311
641 312
634 311
628 312
622 311
541 305
536 299
530 295
523 293
515 293
508 294
501 296
494 299
488 301
481 305
476 309
482 313
488 316
496 317
503 317
511 316
519 316
526 315
533 314
540 312
603 276
609 265
618 255
628 246
639 239
649 231
660 224
673 223
684 229
692 239
697 251
699 264
690 267
682 257
671 252
658 254
646 259
635 266
625 275
614 282
574 282
571 267
558 258
544 251
529 248
512 246
496 245
481 249
467 258
456 271
445 283
438 298
453 294
466 283
480 275
494 270
511 270
527 272
542 277
557 282
