342 326
344 343
347 363
350 382
354 401
358 420
364 439
370 456
376 474
382 493
392 510
403 524
418 537
435 548
449 559
465 572
479 585
493 596
512 602
530 596
549 590
566 584
583 574
599 563
617 553
634 546
651 539
668 531
685 521
702 509
714 496
728 482
741 467
751 450
761 435
766 415
767 396
769 378
771 358
772 339
773 319
446 363
439 376
434 389
433 404
439 416
451 421
466 422
480 423
495 423
509 421
522 420
538 419
549 410
555 397
554 384
546 371
539 359
440 490
444 480
450 472
457 463
467 459
478 458
489 457
499 455
511 456
521 458
530 463
540 466
550 470
559 475
569 480
569 491
560 497
550 500
540 502
529 504
520 508
509 511
499 512
487 511
477 509
467 507
457 503
448 498
448 492
456 490
464 491
473 492
481 490
489 488
498 486
506 485
514 483
523 483
532 485
540 487
549 488
558 488
566 487
558 487
549 487
540 486
532 485
524 483
514 483
506 484
498 486
489 488
481 489
472 489
463 488
455 487
553 281
557 272
563 263
571 255
580 249
589 246
601 246
611 247
621 250
630 255
638 263
641 272
634 280
625 285
615 289
604 290
593 291
582 291
572 290
562 286
447 291
446 281
442 273
434 267
426 263
417 261
407 260
398 262
390 266
382 270
375 277
375 287
377 296
385 302
394 305
403 306
413 305
422 303
431 301
439 297
548 214
555 202
568 198
582 196
595 193
608 190
622 189
636 188
649 192
661 199
671 209
676 220
661 220
647 218
633 217
619 216
605 216
590 217
576 217
562 216
444 232
440 222
429 219
418 218
407 216
396 214
386 211
375 209
364 212
355 219
348 228
345 238
356 238
367 235
377 231
388 228
399 228
411 230
422 231
433 234
