799 844
803 887
809 935
822 977
836 1019
849 1064
862 1105
877 1149
897 1193
915 1236
936 1272
952 1315
964 1361
974 1404
997 1442
1027 1480
1070 1493
1115 1502
1158 1507
1206 1503
1252 1498
1293 1485
1335 1465
1374 1439
1412 1417
1452 1397
1492 1375
1536 1356
1578 1336
1615 1310
1652 1289
1689 1259
1718 1223
1735 1183
1758 1144
1778 1100
1781 1055
1780 1012
1784 963
1789 920
1787 872
893 882
884 913
870 943
878 976
897 1002
921 1028
950 1042
983 1048
1016 1042
1047 1030
1078 1017
1110 1003
1135 983
1159 959
1154 925
1138 896
1115 870
907 1166
928 1148
952 1137
979 1140
1008 1139
1034 1133
1061 1130
1088 1133
1114 1139
1142 1142
1169 1146
1197 1148
1224 1151
1231 1175
1210 1193
1189 1213
1168 1231
1145 1245
1121 1257
1097 1267
1072 1274
1044 1272
1016 1269
989 1265
965 1257
954 1233
942 1209
922 1189
924 1174
944 1180
966 1182
988 1185
1010 1186
1033 1186
1054 1181
1075 1177
1097 1175
1120 1177
1142 1177
1164 1174
1186 1171
1207 1169
1229 1165
1209 1166
1187 1169
1166 1173
1144 1176
1121 1176
1098 1175
1076 1176
1055 1181
1034 1185
1011 1185
989 1183
967 1181
945 1178
1149 663
1155 644
1174 634
1194 630
1216 627
1238 626
1260 627
1281 632
1301 637
1320 644
1338 656
1335 676
1316 683
1295 687
1273 690
1251 690
1229 689
1207 687
1185 685
1165 680
955 678
953 663
943 651
931 641
918 633
904 629
889 630
874 633
860 638
847 644
835 654
831 668
843 675
854 686
868 691
883 693
899 694
914 695
929 693
943 687
1057 568
1089 541
1127 532
1170 532
1211 535
1251 540
1291 546
1331 551
1369 561
1406 572
1442 585
1420 594
1378 592
1337 588
1297 583
1256 585
1213 585
1171 587
1131 593
1090 589
907 585
897 569
881 557
866 546
849 537
832 530
815 522
799 513
780 510
763 517
758 535
759 555
770 571
788 566
808 567
826 571
844 577
861 584
878 592
895 599
