90 268
94 276
100 285
105 293
112 303
118 310
125 318
132 326
139 333
146 341
152 349
159 357
167 364
176 370
185 373
196 373
206 372
216 368
225 364
234 359
244 354
253 349
261 342
268 336
275 328
282 320
289 313
296 305
302 296
306 286
310 277
312 267
314 257
315 247
315 236
314 226
314 215
313 205
314 195
315 184
315 174
120 236
119 244
116 253
114 262
118 270
127 273
136 275
145 275
154 273
163 270
171 266
179 261
185 255
185 246
184 237
177 230
172 222
132 310
137 305
143 300
149 298
157 298
164 296
170 294
177 292
184 291
191 291
199 291
206 291
213 290
216 296
213 302
209 308
205 314
199 318
193 322
187 326
181 328
174 330
167 331
160 331
153 330
147 325
143 320
138 314
136 310
142 310
147 308
153 308
159 308
165 307
171 306
176 305
182 303
187 301
192 299
198 298
203 296
209 295
213 293
208 296
203 298
198 300
192 302
187 305
182 307
177 309
171 310
166 311
160 312
153 312
148 311
142 311
172 173
174 168
177 164
181 160
185 157
190 155
195 154
200 154
205 154
210 155
215 157
214 162
210 166
206 169
202 171
197 173
192 174
187 175
182 175
176 175
118 195
116 191
111 189
107 187
102 186
97 186
92 187
88 188
84 191
80 195
79 199
81 203
85 207
89 209
94 209
98 207
102 204
107 202
111 200
116 199
138 159
143 150
150 143
158 138
167 135
176 132
186 131
196 130
206 130
217 131
227 132
222 138
212 139
202 140
193 142
184 145
175 148
166 152
157 156
148 159
109 173
105 169
100 166
95 164
89 164
83 165
78 166
72 167
68 170
64 175
62 180
63 186
68 183
73 181
78 179
84 178
90 177
96 177
101 178
107 178
