204 417
200 430
197 445
194 459
192 474
190 490
190 504
192 519
195 534
198 547
204 561
213 573
222 586
229 598
236 611
242 625
248 639
254 652
262 664
273 675
286 682
300 687
315 687
328 686
343 680
356 672
368 665
381 659
395 653
410 648
424 644
438 638
450 630
461 620
471 610
481 598
488 586
496 573
503 559
508 546
512 531
325 492
316 500
306 508
299 518
301 531
311 537
324 541
331 551
341 560
353 557
366 554
379 556
391 557
398 547
397 534
396 521
399 508
251 557
262 552
274 556
285 560
296 565
307 571
317 578
328 583
340 586
352 587
365 589
376 593
387 598
397 604
389 614
379 621
368 625
356 627
343 628
330 626
319 623
307 619
296 615
286 608
276 600
267 590
259 580
254 569
258 554
268 555
277 559
285 564
293 570
302 575
310 582
318 588
327 592
336 594
346 595
357 596
367 597
376 599
375 607
366 610
356 611
345 611
335 610
325 608
316 605
307 601
299 597
290 592
282 587
274 579
268 571
263 563
422 475
428 476
434 478
439 480
444 483
450 485
455 487
461 489
466 491
472 494
477 497
471 495
466 493
460 491
455 488
449 486
444 483
439 481
433 479
427 477
330 443
324 438
317 433
311 429
304 426
297 423
290 420
283 418
275 416
267 415
260 416
266 420
273 423
280 426
287 429
294 432
301 434
309 436
316 438
323 441
426 426
436 417
447 414
460 415
472 417
484 419
496 423
507 427
517 433
526 442
530 453
528 464
519 455
509 446
499 439
487 436
475 434
463 431
451 430
438 429
347 401
352 389
345 377
335 368
323 362
310 357
298 353
285 350
272 347
258 348
246 353
235 363
247 370
261 369
275 368
288 370
300 376
311 384
322 392
335 396
