598 626
588 648
578 674
572 701
570 728
568 753
567 781
567 806
567 834
565 861
565 888
567 914
578 939
591 963
602 987
613 1009
624 1033
639 1056
657 1076
678 1092
701 1107
727 1115
751 1118
779 1118
805 1116
833 1111
857 1105
885 1098
909 1091
933 1078
954 1061
973 1044
994 1025
1011 1006
1028 986
1044 964
1061 942
1076 920
1089 897
1101 874
1113 848
817 781
801 792
786 805
772 821
767 840
775 859
790 872
810 878
827 891
844 901
863 907
884 911
904 911
915 896
916 875
915 855
916 833
682 935
699 937
715 940
731 943
747 946
763 949
778 954
792 962
807 966
822 971
837 977
851 984
865 993
878 1003
875 1018
860 1023
845 1028
829 1031
812 1030
796 1027
781 1023
766 1017
752 1008
739 998
728 985
718 972
706 959
695 946
715 945
726 950
737 955
748 961
759 966
770 970
781 976
791 983
802 987
814 991
825 994
837 998
848 1001
860 1005
871 1010
859 1006
848 1002
837 998
825 994
814 991
802 988
791 983
780 979
769 974
758 968
747 962
736 957
726 951
968 745
976 753
984 760
992 766
1001 771
1010 776
1018 781
1027 785
1036 789
1046 791
1057 791
1046 791
1036 789
1027 785
1018 781
1009 776
1000 771
992 766
983 761
975 753
845 697
833 698
820 697
807 694
795 690
783 686
772 681
761 675
750 669
739 661
731 650
738 661
749 669
760 675
771 681
783 686
794 690
806 694
819 697
832 698
971 694
984 685
1000 683
1017 683
1034 683
1051 685
1066 689
1081 693
1095 700
1107 712
1116 725
1109 732
1096 721
1083 713
1068 707
1052 704
1036 702
1019 701
1002 700
986 698
866 642
867 628
855 614
842 601
828 590
813 583
797 577
779 574
761 574
743 576
727 583
717 597
736 598
755 598
773 597
791 598
808 602
822 612
836 624
850 635
