-50 240
-45 263
-38 288
-33 313
-28 335
-22 361
-16 386
-9 410
0 431
14 452
29 472
46 489
63 508
82 523
104 535
125 550
146 564
169 574
192 580
216 584
241 584
268 583
291 583
317 578
340 568
361 553
378 537
394 519
411 499
427 480
442 461
454 439
466 417
477 394
486 370
492 346
496 322
502 298
507 274
509 249
513 223
200 228
195 246
185 262
177 279
176 298
193 307
212 308
227 320
245 326
265 322
281 314
301 316
314 305
317 285
311 266
301 250
298 231
142 393
154 386
168 383
181 379
195 377
211 377
223 382
236 389
250 390
264 387
280 387
293 391
306 395
319 399
317 413
306 423
294 432
282 439
269 444
255 446
240 447
225 446
210 445
197 441
184 434
173 425
162 415
153 404
147 395
159 394
172 394
184 396
196 397
208 399
219 401
231 403
243 404
256 404
268 403
281 403
293 403
306 403
318 403
307 403
294 404
282 404
269 404
257 404
244 404
232 403
220 402
208 400
196 399
184 397
172 397
159 397
308 122
316 113
326 107
336 102
346 98
358 96
370 95
381 98
392 101
402 107
411 116
408 127
398 133
387 136
375 137
363 138
351 137
340 134
329 132
318 130
175 124
167 116
157 109
148 104
137 101
126 99
114 100
103 102
93 106
83 111
74 118
82 126
92 132
102 136
113 138
125 139
137 138
148 138
160 136
171 134
276 87
281 65
298 48
318 39
341 36
365 35
389 37
412 39
434 45
454 55
470 72
470 95
447 98
426 91
404 86
382 81
358 80
335 83
315 91
295 100
199 88
198 65
187 47
168 40
146 38
123 39
100 39
78 41
56 44
37 53
21 68
9 86
28 96
49 92
72 91
94 92
116 89
138 87
160 91
180 97
