159 528
162 546
164 564
165 582
167 602
172 619
178 637
184 654
194 670
208 683
223 694
239 704
256 712
274 719
290 728
306 738
322 748
339 756
356 759
375 761
395 759
412 755
430 748
446 741
461 728
476 718
491 705
506 694
523 685
538 677
551 663
563 648
573 632
579 614
584 598
586 579
586 560
584 540
583 523
580 504
578 484
309 476
300 489
292 503
288 520
294 533
310 538
327 540
343 543
359 543
375 537
390 532
406 528
421 521
423 504
414 491
404 479
395 464
268 614
282 606
296 597
311 590
325 583
342 579
359 577
375 575
392 572
410 573
427 575
444 577
459 582
474 590
474 608
464 622
451 633
437 641
421 646
406 652
390 656
374 659
356 659
339 657
323 653
308 646
294 637
280 627
270 615
283 609
296 603
310 599
324 595
339 591
353 589
368 586
383 585
399 584
414 584
430 584
445 587
459 591
466 603
454 614
442 621
429 628
415 631
400 634
385 636
370 637
355 639
339 639
324 636
310 633
296 629
282 624
405 426
413 421
421 417
430 414
438 411
447 408
456 406
466 405
476 404
486 405
495 407
487 408
478 409
468 410
459 412
450 414
440 416
431 418
422 420
413 423
284 434
277 432
270 430
263 429
256 428
248 428
240 429
233 431
226 433
220 436
213 439
221 440
228 439
236 440
244 439
252 439
259 439
267 438
275 438
283 438
390 370
397 356
411 348
425 343
441 340
458 341
475 341
492 342
507 347
520 355
532 367
534 380
520 374
505 368
489 367
472 366
455 366
439 368
423 369
406 371
308 383
301 368
285 361
267 359
248 361
231 364
214 369
199 377
184 386
172 400
164 416
160 433
173 420
188 411
203 401
219 394
236 390
254 388
273 388
291 387
