371 1312
383 1353
399 1397
408 1441
417 1488
425 1532
436 1574
450 1617
467 1663
482 1703
501 1747
525 1783
552 1817
586 1849
623 1876
664 1898
705 1911
753 1921
796 1927
844 1931
890 1926
932 1916
976 1904
1019 1889
1061 1869
1099 1844
1136 1817
1170 1787
1200 1754
1227 1717
1246 1676
1258 1634
1269 1588
1274 1541
1276 1495
1280 1450
1285 1407
1294 1359
1309 1320
1324 1278
1338 1230
699 1292
671 1316
652 1350
655 1391
679 1422
712 1443
747 1457
787 1468
826 1468
865 1463
900 1453
941 1443
969 1420
976 1382
968 1343
949 1306
927 1273
643 1617
663 1601
684 1586
706 1576
729 1569
755 1567
780 1571
806 1574
832 1573
859 1573
884 1578
907 1586
929 1595
952 1603
975 1613
958 1626
935 1634
912 1643
889 1650
865 1656
838 1657
812 1658
787 1653
762 1648
738 1642
715 1634
691 1628
668 1621
669 1612
691 1612
711 1614
733 1614
753 1615
774 1618
793 1623
812 1627
832 1629
852 1626
872 1622
893 1621
913 1622
934 1624
955 1626
936 1625
915 1624
893 1624
872 1625
852 1627
832 1630
811 1629
792 1624
773 1620
753 1616
732 1615
711 1614
690 1614
962 1104
977 1094
993 1086
1009 1078
1025 1072
1042 1068
1061 1066
1079 1068
1096 1072
1112 1080
1127 1091
1122 1107
1105 1111
1088 1117
1071 1120
1051 1120
1033 1118
1016 1114
998 1110
979 1109
663 1106
649 1096
635 1089
619 1084
602 1082
585 1082
568 1083
552 1086
536 1091
521 1097
508 1108
522 1116
537 1123
552 1127
569 1129
587 1129
604 1127
620 1123
635 1119
652 1117
947 917
974 895
1002 878
1032 864
1063 854
1098 852
1128 864
1155 887
1175 914
1192 943
1206 972
1195 996
1167 976
1140 956
1111 941
1079 931
1045 927
1014 936
983 948
950 951
638 939
636 917
621 899
602 888
583 879
563 871
543 862
520 861
498 865
477 871
460 884
451 904
467 921
490 923
512 926
535 928
555 935
577 938
598 942
619 949
