812 1107
820 1140
827 1172
836 1208
846 1240
859 1272
876 1305
894 1334
916 1360
943 1381
970 1401
1000 1423
1028 1446
1052 1468
1077 1494
1102 1519
1129 1541
1159 1559
1191 1572
1224 1581
1257 1591
1291 1594
1326 1589
1361 1579
1389 1562
1414 1536
1439 1511
1465 1487
1487 1463
1509 1435
1530 1407
1551 1379
1571 1350
1588 1318
1597 1286
1608 1254
1620 1220
1630 1186
1638 1153
1643 1119
1648 1081
1172 1155
1162 1181
1142 1208
1134 1239
1142 1267
1167 1287
1196 1283
1227 1282
1259 1287
1291 1282
1320 1278
1352 1275
1378 1255
1385 1227
1372 1198
1350 1175
1327 1152
1084 1365
1107 1355
1132 1361
1156 1368
1183 1370
1209 1368
1235 1364
1262 1365
1288 1362
1313 1356
1340 1358
1367 1359
1394 1357
1412 1367
1398 1389
1379 1408
1358 1424
1336 1437
1314 1448
1290 1455
1264 1458
1239 1452
1217 1440
1195 1427
1173 1414
1151 1401
1129 1388
1107 1376
1104 1367
1127 1369
1149 1373
1170 1379
1192 1384
1214 1388
1236 1392
1257 1398
1280 1401
1303 1398
1324 1393
1346 1388
1367 1382
1388 1376
1410 1371
1389 1379
1368 1383
1346 1389
1325 1395
1303 1399
1280 1401
1257 1398
1236 1393
1214 1389
1192 1384
1169 1381
1146 1378
1124 1375
1363 1016
1378 1002
1394 991
1412 983
1430 977
1449 972
1468 969
1488 965
1508 963
1528 964
1545 975
1536 992
1519 1000
1500 1006
1482 1011
1463 1015
1443 1019
1423 1021
1402 1022
1382 1019
1129 1019
1122 1004
1107 995
1090 991
1072 989
1053 990
1035 991
1017 992
998 993
981 997
966 1004
977 1019
991 1029
1007 1036
1025 1038
1042 1036
1061 1035
1078 1033
1096 1029
1113 1025
1347 930
1365 914
1385 904
1404 892
1424 882
1445 876
1469 875
1492 878
1516 879
1538 882
1558 891
1538 897
1515 899
1492 901
1470 906
1448 911
1427 918
1407 926
1387 936
1366 942
1151 937
1131 923
1110 914
1088 908
1064 904
1040 903
1014 903
990 905
966 909
944 916
923 923
942 938
966 941
991 940
1015 941
1040 942
1064 944
1088 948
1112 951
1137 952
