104 489
106 510
111 530
117 551
124 571
131 592
139 612
147 631
159 650
172 667
187 685
200 700
215 715
231 731
247 745
263 759
282 772
301 780
322 785
344 787
365 784
386 778
407 770
424 759
442 745
457 732
473 717
490 703
507 690
526 677
542 663
556 647
567 628
576 608
584 590
592 569
600 548
606 529
612 507
617 486
620 464
299 474
290 490
280 508
269 521
268 540
284 550
302 557
317 568
336 572
354 568
373 562
391 558
409 551
413 533
408 513
397 497
389 480
250 641
264 637
277 633
290 628
305 625
319 623
334 625
349 625
364 623
380 624
395 625
409 628
423 631
437 634
434 647
423 658
411 667
398 674
385 678
370 681
355 682
340 682
324 682
310 679
297 674
284 669
271 662
260 653
269 647
280 646
292 645
304 644
316 644
328 643
339 642
351 641
363 641
375 641
387 641
399 641
411 642
423 641
432 640
421 643
410 644
398 644
386 644
374 643
362 642
350 643
339 644
327 645
315 646
304 647
292 648
280 648
438 367
447 358
456 350
466 343
477 338
489 335
501 334
514 336
525 340
535 346
544 356
543 368
533 376
522 379
509 380
497 381
485 379
473 376
461 374
449 371
263 363
253 353
243 345
233 339
221 334
209 332
196 333
184 336
172 340
161 346
152 355
161 366
171 372
183 375
195 377
209 377
222 376
234 373
247 372
260 373
392 319
403 300
423 290
443 283
466 280
489 279
512 277
534 275
556 280
575 289
593 302
590 321
568 317
548 310
525 307
502 307
481 312
459 317
436 319
414 323
287 317
286 299
268 290
250 282
231 277
210 275
189 274
169 278
149 283
131 290
113 300
104 317
125 320
145 315
164 311
185 308
206 309
226 313
246 317
267 320
