266 437
272 453
277 468
282 484
287 500
291 516
297 532
302 548
310 564
317 578
326 593
335 606
345 621
355 634
364 648
374 661
388 672
402 677
419 677
437 676
453 673
469 668
484 659
498 650
512 641
527 632
540 624
555 616
569 605
582 594
594 583
605 570
615 557
622 543
628 525
633 510
637 494
638 476
640 461
643 444
646 426
349 430
345 444
339 460
334 474
329 490
336 503
348 516
363 521
379 518
394 514
409 512
425 505
427 491
422 475
417 459
412 445
406 428
343 577
350 570
359 566
367 563
377 562
387 563
396 561
406 560
416 561
425 564
434 566
444 567
453 568
462 571
464 580
456 586
448 590
439 594
430 597
421 599
412 601
402 603
393 604
383 603
374 600
366 595
358 588
351 581
353 577
360 576
367 574
374 573
382 573
390 573
397 574
404 575
412 574
420 575
427 574
435 574
442 574
450 574
457 575
451 576
444 575
436 575
428 575
420 575
413 576
406 575
398 576
391 575
383 575
376 575
368 575
360 576
439 390
446 383
453 376
460 369
468 365
477 363
486 361
496 362
505 364
513 368
520 374
522 383
514 388
506 392
496 394
487 394
477 394
468 393
458 392
449 390
346 394
343 387
336 380
330 375
322 371
315 368
306 367
298 368
290 371
283 374
276 379
278 387
282 394
289 399
297 402
305 401
314 400
322 399
330 397
339 397
401 353
408 340
422 333
436 327
451 323
467 321
483 319
500 319
516 320
531 325
544 333
539 346
524 342
509 338
493 336
476 338
461 341
447 346
432 351
417 355
333 355
330 346
322 339
314 334
304 332
293 332
283 334
274 338
265 343
256 348
247 352
245 362
255 361
265 361
275 357
284 353
293 350
304 351
314 354
323 357
