414 346
415 363
418 379
420 396
422 413
426 430
431 446
437 461
446 476
457 489
468 501
481 513
493 525
507 536
521 545
536 554
551 561
566 567
583 571
600 574
617 573
634 571
651 567
668 562
684 557
699 550
714 543
730 536
745 527
758 519
772 507
784 497
796 483
804 468
812 453
819 439
823 422
827 405
828 388
829 372
827 353
580 335
573 345
566 358
561 372
562 385
574 394
588 395
601 391
615 391
629 390
641 396
655 398
669 394
673 381
669 367
663 355
656 341
557 466
562 457
567 448
574 440
583 434
592 429
602 427
613 428
624 429
634 431
643 436
651 443
659 451
666 459
674 467
676 476
672 485
663 491
653 494
643 496
632 496
622 495
611 493
601 492
591 490
582 485
573 480
565 472
580 460
584 458
589 456
594 455
599 454
605 454
610 455
615 455
621 455
626 455
631 456
636 458
640 459
645 461
650 463
648 463
643 463
637 462
632 462
627 461
622 461
616 460
611 461
606 462
600 461
595 462
590 463
585 462
676 281
680 274
687 269
694 266
703 264
711 263
720 264
728 266
736 269
742 275
746 283
739 289
732 293
724 296
716 299
708 300
699 300
690 299
682 296
676 291
564 281
561 273
555 266
548 262
540 260
531 260
523 260
514 262
506 264
499 267
491 270
498 275
505 280
512 284
520 288
527 291
536 292
545 292
553 291
561 289
665 224
676 214
689 210
703 209
717 210
730 213
743 216
756 221
767 230
775 241
783 252
776 260
766 250
756 240
745 232
733 227
719 225
705 226
692 228
677 229
589 231
577 224
563 221
548 221
533 223
519 226
505 228
491 232
479 239
467 248
457 259
469 252
481 244
494 240
509 238
524 238
540 238
554 239
568 242
583 243
