147 174
141 186
135 199
130 211
124 224
119 237
115 250
112 262
112 276
114 291
118 304
123 316
132 328
142 335
154 341
168 347
180 350
193 355
206 360
220 363
234 366
247 368
261 372
274 375
286 380
300 385
313 388
326 388
339 382
350 374
358 363
365 352
372 339
378 326
384 314
388 302
394 289
400 277
405 264
412 252
418 238
272 172
268 184
262 194
249 199
244 210
249 222
260 228
273 228
286 231
298 232
308 239
321 237
327 227
322 215
318 203
316 190
315 177
202 275
211 272
220 269
228 266
237 263
246 261
256 260
266 261
273 266
283 267
292 270
300 276
307 282
314 289
320 297
320 307
311 304
302 302
293 301
283 300
273 300
263 299
254 297
246 292
238 287
229 283
221 279
212 277
218 275
225 273
232 273
240 272
248 273
255 273
263 274
270 276
277 278
283 280
290 283
297 286
303 290
308 295
314 301
308 297
302 292
296 288
290 285
283 282
276 279
269 278
262 276
255 274
248 273
240 273
233 273
225 274
333 163
337 157
342 154
349 152
356 151
363 152
369 154
375 157
380 162
384 167
388 173
387 180
381 183
374 182
368 180
361 179
355 176
349 174
343 171
337 168
257 139
255 133
250 130
245 127
239 125
233 124
227 123
221 123
215 124
210 126
205 131
210 135
215 138
221 140
226 143
232 145
237 146
243 147
250 147
255 144
323 115
331 109
340 107
351 107
360 109
370 111
379 113
389 114
398 118
406 124
410 133
400 135
391 131
382 128
372 128
362 129
352 130
342 130
331 130
323 126
280 101
275 92
266 86
257 81
247 80
237 78
227 75
217 73
206 75
197 77
187 81
196 85
207 84
218 84
227 87
237 91
246 95
254 101
263 105
273 108
