536 543
539 581
541 621
545 661
553 702
563 744
578 780
591 820
608 856
628 892
654 923
669 961
697 986
731 1013
765 1034
805 1042
844 1049
883 1057
922 1060
965 1056
1004 1045
1041 1029
1079 1013
1116 999
1153 981
1192 964
1230 956
1270 954
1310 943
1344 924
1380 904
1412 880
1446 856
1475 828
1507 801
1538 776
1567 747
1598 719
1621 689
1626 649
1628 605
798 469
777 488
762 514
766 543
788 561
817 565
848 563
875 567
907 564
933 558
964 557
995 560
1022 558
1038 532
1033 506
1018 480
999 455
735 733
755 708
779 685
803 665
834 660
867 662
897 656
929 654
958 662
986 675
1013 689
1039 704
1066 718
1094 730
1113 754
1089 776
1063 792
1035 803
1005 810
974 816
944 821
912 823
879 824
846 822
816 817
788 805
763 787
746 761
760 736
780 718
802 705
826 698
851 693
878 693
905 691
931 689
957 693
980 701
1003 710
1027 719
1051 726
1075 733
1096 745
1078 765
1055 776
1030 782
1005 786
978 788
951 789
924 789
897 787
871 784
846 779
821 774
796 768
774 757
1072 390
1088 380
1104 368
1121 357
1138 349
1157 345
1178 344
1197 349
1215 355
1232 365
1247 378
1253 396
1233 399
1213 401
1193 402
1172 401
1152 400
1131 399
1111 397
1091 395
803 378
795 363
783 350
769 340
754 333
737 330
719 331
703 334
688 341
673 349
660 361
651 376
665 386
682 389
700 390
718 390
736 390
754 389
772 387
789 385
1062 199
1094 186
1131 186
1166 192
1201 197
1236 204
1269 213
1301 226
1332 240
1362 257
1391 279
1361 280
1328 271
1295 261
1263 250
1231 239
1197 231
1162 223
1127 218
1091 221
712 184
709 166
687 166
668 171
650 178
632 186
615 198
599 212
584 227
572 244
564 262
560 282
575 269
589 253
605 238
621 224
638 214
656 204
674 197
694 193
