458 578
454 596
453 615
456 635
460 654
466 674
475 691
485 708
494 725
505 741
516 757
529 773
540 787
552 805
563 820
578 833
593 844
612 852
630 857
649 860
669 858
688 850
704 842
722 831
737 820
753 807
767 794
782 780
795 766
806 750
816 734
825 717
834 699
843 682
849 663
853 644
858 624
863 606
868 587
872 567
874 547
536 598
534 611
532 625
531 638
531 652
542 658
556 662
569 661
583 659
597 660
610 659
622 653
628 642
624 629
614 619
608 607
602 595
532 708
542 702
552 697
564 696
576 697
587 695
599 694
611 695
624 694
636 696
648 697
660 696
672 695
681 698
671 704
661 710
651 717
642 723
632 729
622 735
611 739
600 741
588 743
576 742
565 739
555 733
547 723
542 713
550 710
559 712
567 713
576 714
585 714
593 713
602 712
611 711
619 710
628 709
637 708
645 706
653 705
661 703
669 701
661 703
653 706
644 707
636 709
627 710
619 711
610 711
601 712
593 713
584 714
575 715
567 714
558 712
615 531
619 524
625 518
632 513
639 509
646 506
654 504
663 504
671 505
679 507
686 510
687 518
680 522
673 526
665 529
658 531
649 532
641 533
632 532
624 532
532 537
529 530
524 525
518 521
512 519
505 518
497 518
490 520
484 523
478 527
474 533
470 539
476 544
483 546
490 546
498 546
505 546
512 544
519 543
527 542
593 477
596 463
608 455
622 450
636 447
651 445
666 446
679 451
691 460
699 472
704 485
703 498
698 485
691 472
678 466
664 463
648 462
634 464
620 468
607 474
513 494
509 486
501 481
492 479
482 477
472 476
462 476
454 480
447 487
444 496
442 505
444 514
448 507
451 499
459 492
468 490
478 489
487 490
496 493
505 496
