378 535
381 548
385 561
391 575
399 588
406 601
412 614
418 628
424 640
432 654
440 665
451 676
462 684
475 689
491 691
505 690
519 686
533 681
546 676
560 672
575 669
589 664
602 659
616 654
630 649
642 643
655 633
665 622
673 611
680 598
687 585
691 572
693 557
693 542
692 528
691 513
691 498
690 483
690 470
688 454
682 441
448 481
447 492
446 504
447 515
450 526
459 533
471 534
482 533
493 528
504 522
514 518
524 512
531 503
531 491
523 482
516 473
509 463
450 593
453 584
458 575
462 566
470 559
479 555
489 552
498 549
506 544
516 542
526 543
537 544
547 544
557 546
566 551
568 560
560 567
552 572
543 577
535 583
526 587
517 592
508 594
499 597
489 599
479 601
468 600
459 596
459 594
465 588
471 582
476 575
483 569
490 566
498 563
506 561
514 559
522 557
531 556
540 556
548 557
557 557
566 556
561 561
552 562
543 562
535 563
527 564
519 566
511 568
503 570
495 573
487 576
480 580
473 585
466 589
522 420
523 414
526 409
530 404
535 402
540 399
546 398
553 398
558 399
564 401
568 405
569 410
564 414
559 416
553 418
548 420
542 422
537 424
531 426
525 425
437 453
432 451
427 450
422 448
416 449
411 450
406 452
401 455
397 459
395 464
395 470
398 474
404 476
409 474
414 472
419 470
423 467
428 464
433 461
437 459
477 385
484 375
493 366
503 360
514 356
526 353
538 351
550 350
562 350
573 354
584 360
580 368
568 367
555 366
543 366
531 368
520 371
509 376
499 383
489 388
422 405
412 403
402 404
393 407
384 412
376 418
368 425
363 434
360 443
358 453
355 463
364 459
367 449
370 440
375 431
383 425
392 421
402 418
412 416
421 413
