345 471
346 485
346 500
346 515
346 530
347 544
349 559
352 573
357 587
363 600
372 612
381 624
391 635
400 646
410 658
420 667
434 675
448 679
462 682
476 684
492 685
506 684
521 682
535 678
550 674
563 670
577 665
591 658
603 651
615 642
626 632
636 622
646 610
654 598
661 584
666 570
669 556
672 542
675 527
678 513
682 498
481 469
471 476
462 486
456 497
456 509
465 519
478 522
491 522
503 523
516 523
530 525
543 524
553 517
556 506
552 493
546 481
540 470
433 564
443 563
453 560
463 557
472 554
483 553
493 555
504 555
513 552
524 551
534 553
543 557
552 562
560 569
559 579
551 585
542 592
534 597
524 601
514 603
503 604
493 603
482 602
473 599
464 594
456 588
447 581
440 573
437 569
444 564
453 565
461 566
470 565
479 565
488 566
496 567
505 568
514 566
522 565
531 564
540 564
549 565
554 568
547 570
538 572
530 573
522 576
513 577
505 578
496 578
488 576
480 574
471 574
462 573
453 572
445 570
560 421
564 417
569 415
575 413
581 412
586 412
593 412
599 413
604 415
608 419
610 424
609 430
604 432
598 433
592 433
586 432
580 430
575 428
570 426
564 425
460 412
457 407
453 405
448 403
442 402
437 401
431 401
426 401
420 402
415 404
411 407
415 411
420 414
425 416
430 417
435 418
441 419
446 418
452 418
457 416
546 376
554 369
563 363
572 358
581 355
591 352
601 350
611 351
621 355
629 362
633 371
632 382
626 390
615 390
606 387
596 384
586 382
575 383
565 385
554 383
481 379
478 368
468 362
458 356
447 350
436 346
425 344
412 345
402 350
392 357
385 367
379 377
390 381
402 382
414 380
424 375
435 370
447 370
458 374
469 379
