264 393
265 408
266 423
267 437
267 453
268 467
270 483
274 496
278 511
283 525
292 536
304 547
315 556
326 566
336 576
349 585
361 593
375 600
388 606
402 613
416 618
429 623
445 626
459 626
474 622
488 617
501 611
513 601
524 591
533 579
541 567
549 554
556 542
563 527
568 513
573 499
577 486
581 471
585 457
590 442
594 427
433 402
426 412
420 422
417 434
418 446
425 456
436 460
447 463
460 465
472 466
484 466
496 463
503 453
504 441
502 428
499 416
496 404
381 511
390 505
399 501
409 498
419 495
429 492
440 491
450 492
462 492
473 492
483 493
493 497
501 503
508 511
507 522
500 531
493 539
485 547
476 550
465 552
454 552
443 551
433 548
424 544
415 538
407 531
398 524
390 517
385 510
393 507
402 506
411 506
420 506
429 506
438 507
447 509
455 510
464 511
473 510
482 510
492 510
500 512
508 516
499 518
490 519
481 520
473 521
463 522
454 522
445 520
436 519
428 517
420 515
411 514
401 514
393 513
500 363
506 358
513 355
521 352
528 350
536 350
544 351
552 352
560 354
567 358
573 364
569 371
561 373
553 374
545 375
537 374
529 373
521 371
514 369
506 367
417 359
416 351
410 346
403 341
395 338
387 336
379 335
371 337
363 339
355 342
348 346
342 352
349 357
356 360
365 361
373 360
382 359
391 359
399 359
408 358
504 324
511 315
520 310
531 308
542 307
554 307
566 307
577 308
587 313
595 320
600 330
596 335
589 326
580 319
570 315
559 315
547 316
537 318
526 321
516 324
438 307
427 298
415 293
402 290
389 288
374 287
360 287
347 291
335 297
326 308
317 318
329 312
340 305
352 300
366 298
379 300
393 302
405 306
418 310
430 315
