563 753
566 776
571 802
577 827
584 851
591 874
604 897
617 919
626 942
638 962
653 984
671 1002
688 1020
704 1040
721 1057
740 1076
759 1091
783 1099
808 1104
833 1107
858 1108
882 1105
906 1099
929 1089
947 1071
964 1052
977 1030
988 1007
1002 986
1015 966
1030 946
1042 924
1056 901
1068 879
1076 857
1085 832
1094 810
1097 785
1105 761
1112 737
1118 711
794 753
779 768
765 787
760 809
768 829
791 837
813 838
831 853
851 862
873 855
891 840
910 831
933 823
947 806
945 782
929 767
915 748
716 929
732 909
754 899
777 892
801 886
828 885
854 887
878 883
903 878
927 882
951 888
976 893
980 917
973 939
963 962
952 983
941 1005
926 1025
906 1041
884 1050
858 1052
833 1050
809 1044
788 1031
771 1012
756 992
742 971
728 950
725 928
742 921
761 916
780 913
799 911
819 909
839 908
860 909
880 908
900 906
920 904
939 902
960 902
968 918
955 933
941 948
928 963
913 977
897 987
879 994
860 997
840 996
821 992
804 983
788 973
772 962
756 952
740 941
929 655
935 642
945 632
957 625
970 619
983 616
998 616
1013 616
1027 620
1039 624
1051 633
1054 645
1042 652
1029 657
1016 660
1001 662
986 661
972 659
959 656
944 655
770 664
770 651
758 643
746 636
732 631
718 630
703 630
688 631
674 635
662 640
651 651
645 664
658 670
671 675
685 677
700 678
714 675
728 672
742 669
756 666
877 626
886 604
908 594
930 586
952 579
975 573
999 569
1023 565
1047 561
1072 563
1093 573
1094 595
1070 599
1045 601
1020 602
995 605
971 609
948 614
925 621
902 627
794 623
784 604
764 596
741 594
719 590
698 584
678 577
655 576
633 580
612 587
593 597
587 618
610 619
634 620
657 620
680 618
704 617
727 619
749 622
772 624
