376 523
380 539
386 555
391 570
398 586
405 603
415 616
425 630
438 642
450 655
462 666
475 678
487 689
500 701
512 712
526 724
541 733
556 738
573 741
590 740
607 738
624 731
638 723
650 711
661 697
671 683
679 669
687 654
696 639
704 623
712 607
719 593
725 577
731 561
735 545
739 527
741 511
743 493
743 476
743 460
743 441
514 546
511 560
507 576
505 592
511 608
525 609
542 610
558 611
575 609
590 606
607 602
621 598
631 585
625 571
618 557
609 543
598 530
520 666
529 661
538 657
547 653
556 647
565 644
576 645
586 643
595 640
605 639
616 639
626 637
636 635
647 634
643 643
638 652
631 659
623 667
615 673
607 680
598 684
588 686
577 686
566 685
556 684
547 680
538 676
529 671
538 662
546 661
553 659
560 658
568 659
575 660
583 660
590 658
597 656
605 655
612 652
618 649
625 648
632 646
639 642
632 644
625 646
618 648
612 651
605 654
598 655
591 657
583 658
575 658
568 658
560 657
552 658
545 660
600 470
603 462
607 454
614 448
621 442
628 438
637 435
645 433
655 433
663 435
671 438
674 447
668 454
660 459
653 463
645 466
636 468
628 470
618 470
609 471
494 482
488 476
481 471
473 468
465 466
456 465
447 466
439 469
431 473
424 478
419 485
426 490
433 495
441 497
450 498
459 497
468 496
476 494
484 491
493 490
566 412
572 399
585 393
600 390
614 387
628 384
642 379
656 375
671 374
685 377
698 384
690 394
675 396
661 399
647 403
633 407
619 411
605 414
590 417
577 422
493 434
486 422
474 417
459 416
445 417
430 417
417 413
403 415
392 423
383 434
378 446
375 460
386 452
397 444
411 441
426 442
440 443
454 444
468 445
483 445
