421 527
424 545
425 565
430 583
434 602
438 622
442 642
446 661
453 678
463 695
476 711
487 726
497 742
510 758
525 770
537 786
548 800
564 813
582 822
600 829
617 836
636 837
656 836
675 830
692 821
707 808
720 793
729 778
742 764
759 754
774 739
785 724
796 709
806 692
814 674
820 656
828 637
832 618
837 599
844 581
848 562
635 567
628 581
619 593
613 609
616 625
628 635
642 643
657 651
671 656
688 655
704 652
720 650
731 640
734 624
730 609
724 593
718 577
559 688
573 682
588 680
603 677
620 677
634 680
648 687
662 691
678 690
693 693
706 700
720 706
733 714
729 729
717 740
705 750
693 759
680 768
666 773
651 775
635 774
621 769
607 763
594 755
583 743
573 731
567 718
563 703
570 693
581 694
592 693
604 693
615 695
626 698
636 700
647 703
658 704
670 705
681 706
692 708
702 711
712 715
707 723
697 726
687 730
677 734
666 736
655 737
643 735
633 733
623 729
613 725
603 721
593 715
584 709
575 702
723 539
730 532
737 525
746 521
755 518
764 517
774 518
783 520
792 524
799 531
805 539
803 549
795 553
786 556
776 557
766 557
757 554
748 552
739 549
731 545
628 519
623 511
616 504
608 499
599 496
590 494
580 493
570 493
560 495
552 499
544 504
549 512
557 517
565 522
574 525
584 526
593 527
604 528
614 528
624 527
732 488
742 478
755 477
768 477
781 476
794 477
807 478
819 481
831 486
841 493
848 504
841 512
829 507
817 504
805 502
792 501
778 502
765 503
752 502
740 498
642 480
644 463
629 457
613 453
597 449
581 446
563 445
546 446
530 450
515 457
503 469
495 484
510 477
525 471
542 468
559 468
576 469
592 473
609 476
625 478
