323 486
327 499
330 515
332 530
333 545
338 560
343 574
346 588
351 603
357 617
367 628
376 640
386 652
396 663
408 674
420 682
433 690
447 694
463 693
478 691
492 691
507 693
523 695
538 692
553 687
565 681
579 671
590 661
600 650
610 639
618 627
624 613
630 598
634 584
637 569
641 555
644 539
647 524
648 509
650 494
652 478
463 465
457 475
450 484
449 496
450 507
459 514
470 514
482 514
493 514
505 516
516 520
526 515
529 503
530 491
527 481
521 471
514 461
429 584
434 576
441 569
449 564
458 560
468 559
477 561
486 563
496 561
505 559
514 562
523 566
531 572
539 577
547 581
554 586
546 589
536 591
527 593
517 593
506 593
496 593
486 592
476 592
466 591
456 590
447 589
437 587
437 582
443 580
450 576
456 573
463 572
471 572
479 573
486 574
494 574
501 573
509 571
517 571
524 573
531 575
537 579
530 576
524 574
516 572
509 572
501 573
494 574
487 575
479 574
472 573
464 573
457 574
450 578
443 580
525 410
530 404
536 401
542 398
548 396
555 396
562 397
569 398
575 401
581 405
586 410
583 416
578 420
571 423
564 423
557 422
550 421
544 419
537 417
531 415
453 410
448 406
442 402
436 400
429 399
421 399
415 400
408 402
402 405
397 409
392 414
398 417
404 419
411 421
417 422
424 423
432 423
438 422
444 419
450 416
516 376
520 365
531 359
543 357
556 356
569 357
580 360
591 366
601 372
611 381
618 391
622 401
612 395
602 388
591 382
579 379
567 377
554 376
541 376
529 377
461 374
461 362
448 357
435 355
420 354
406 354
393 357
381 363
369 370
359 380
351 391
345 403
358 400
370 394
382 389
395 384
407 380
419 376
433 374
447 375
