471 654
476 673
482 694
489 714
497 733
505 752
513 773
521 792
530 812
540 830
552 847
567 861
585 875
601 887
619 900
636 913
655 922
675 928
695 932
717 934
737 931
759 927
778 918
797 909
816 899
831 885
845 869
859 853
872 837
885 820
899 802
910 784
921 767
928 746
929 726
931 705
931 683
929 661
930 642
930 620
930 598
648 631
639 643
631 657
628 671
628 686
637 699
652 700
668 699
683 699
699 699
714 697
730 697
743 689
748 675
746 660
737 648
731 633
616 773
628 768
641 765
654 762
665 756
677 750
689 745
702 743
715 741
730 741
743 743
757 744
771 744
785 743
787 755
776 764
766 773
755 780
743 786
731 790
718 794
705 795
691 794
678 792
665 790
652 787
640 783
628 778
630 774
642 773
653 774
665 773
676 771
687 768
699 767
710 765
721 763
732 760
743 758
754 755
765 753
776 750
786 747
776 751
766 754
754 756
743 758
732 761
722 764
710 766
699 767
687 769
676 771
665 773
654 774
641 774
732 537
734 530
739 524
745 519
751 516
758 514
766 512
773 512
781 514
788 516
795 519
797 526
791 530
785 533
778 535
770 537
763 538
755 538
747 538
739 538
610 554
604 548
598 545
590 544
582 544
575 545
568 547
561 551
555 554
549 558
543 563
548 568
556 570
564 571
572 571
579 570
587 568
593 566
600 564
607 561
693 503
696 489
707 481
721 477
735 477
750 476
764 473
778 472
792 474
804 478
816 486
817 499
803 501
788 500
774 500
759 500
745 502
732 506
719 510
704 510
613 525
610 512
598 508
584 509
571 511
558 514
546 518
534 523
522 527
510 532
499 539
499 553
512 551
524 547
536 542
549 539
562 536
574 533
588 531
602 531
