917 629
933 657
952 685
972 712
990 739
1008 767
1027 793
1047 819
1068 844
1090 868
1117 892
1140 911
1167 934
1191 956
1216 976
1245 995
1276 1001
1310 995
1339 984
1371 968
1399 953
1429 935
1453 916
1478 891
1500 868
1523 843
1546 817
1565 793
1586 766
1604 739
1621 708
1632 679
1637 647
1634 612
1630 580
1625 545
1621 513
1617 482
1616 448
1614 414
1604 381
1065 560
1066 585
1069 612
1072 637
1086 661
1107 676
1130 687
1155 684
1181 675
1201 659
1224 643
1242 624
1250 600
1245 573
1230 552
1205 542
1194 519
1110 813
1118 794
1132 777
1150 764
1170 758
1191 754
1210 745
1229 735
1249 729
1271 727
1294 727
1317 726
1339 724
1359 728
1353 748
1343 766
1330 784
1316 801
1299 817
1282 830
1263 839
1244 848
1224 856
1204 861
1181 862
1161 856
1143 843
1127 828
1129 812
1144 807
1159 801
1174 795
1191 794
1207 790
1221 783
1236 776
1250 770
1266 764
1281 760
1296 755
1311 749
1326 743
1339 734
1325 741
1310 748
1296 755
1281 759
1265 764
1250 770
1235 776
1221 783
1206 789
1190 793
1174 795
1158 800
1143 806
1215 368
1218 353
1227 341
1237 329
1249 320
1262 314
1276 310
1292 308
1307 309
1321 314
1334 320
1338 333
1326 342
1312 347
1299 352
1284 356
1271 361
1258 367
1244 372
1228 372
1020 449
1014 436
1000 431
987 426
973 422
958 420
942 420
929 425
916 434
907 446
902 459
904 474
914 486
928 490
944 488
957 484
971 480
984 475
997 468
1010 461
1117 344
1123 313
1141 288
1163 264
1190 248
1218 237
1245 226
1273 215
1302 206
1334 203
1365 206
1362 223
1329 225
1300 232
1272 243
1246 260
1221 281
1198 304
1174 327
1149 346
989 381
973 369
956 361
938 354
920 349
899 349
879 352
859 354
839 355
822 362
817 380
836 382
856 379
876 381
896 381
916 383
935 387
955 390
974 393
992 398
