403 552
408 566
413 581
419 597
425 612
430 626
436 641
442 656
450 670
458 684
468 697
477 710
487 723
497 736
508 748
520 760
533 768
548 772
564 771
580 768
596 763
611 757
625 750
638 741
648 729
660 717
671 707
683 695
694 685
707 673
717 662
728 648
735 635
742 620
748 605
752 590
756 574
758 558
759 541
759 525
760 509
507 527
502 539
495 552
490 563
491 578
501 585
514 590
526 591
541 591
553 591
567 588
580 583
591 576
596 564
595 550
588 538
583 525
480 637
489 632
498 626
507 622
517 620
528 620
539 622
550 622
561 621
572 620
582 619
593 620
604 621
615 622
617 630
608 636
599 641
590 645
581 650
571 653
561 655
550 656
539 656
528 655
518 652
509 647
499 643
490 639
497 634
506 633
515 634
523 635
532 637
541 638
550 638
559 637
568 637
576 635
585 633
593 631
602 630
610 628
616 628
608 629
599 631
591 633
582 634
574 636
565 637
557 639
548 640
539 639
531 637
522 635
514 634
505 636
594 453
597 447
601 441
607 435
613 432
619 429
627 428
634 428
641 430
647 433
653 439
655 445
649 449
642 452
636 455
629 457
622 458
615 458
607 458
600 457
491 462
486 457
480 453
473 452
466 451
459 452
452 454
446 456
440 459
434 464
430 470
436 473
442 476
449 477
456 478
463 477
470 476
477 474
483 472
489 469
574 416
583 407
592 399
603 396
615 394
627 393
640 394
652 393
664 394
674 399
685 402
676 408
665 411
653 413
641 414
629 415
617 416
606 419
594 421
583 424
519 431
507 422
494 417
480 414
465 414
450 416
436 419
422 422
408 425
395 430
383 438
394 448
409 450
423 448
437 445
451 442
465 440
481 441
496 441
511 442
