303 389
303 402
304 415
307 429
309 441
309 454
313 468
317 480
321 493
327 505
334 516
344 524
357 529
369 533
382 537
395 542
407 547
420 552
431 556
443 564
454 570
467 575
481 574
493 572
505 565
514 556
523 546
532 536
539 526
551 519
562 511
570 501
575 489
581 476
585 464
590 451
594 439
599 426
601 414
602 400
603 386
480 372
472 378
465 388
460 398
459 409
465 418
475 419
486 423
494 430
505 434
515 431
524 424
532 416
540 408
540 397
535 387
526 379
436 466
442 458
451 456
460 454
470 452
480 452
490 451
499 449
509 449
519 449
529 450
538 454
545 460
548 469
545 478
539 485
531 491
523 495
515 500
506 504
497 505
487 505
478 503
470 499
461 494
454 488
446 482
440 474
442 467
449 466
456 464
463 463
470 462
478 462
486 463
493 463
501 464
508 464
516 464
524 464
531 465
538 466
538 472
531 476
525 478
518 480
511 482
504 483
496 484
489 484
481 484
474 482
467 480
460 478
454 475
447 472
523 335
528 332
533 330
538 328
544 326
549 324
555 323
561 323
567 324
572 326
576 330
573 336
568 338
563 340
557 341
551 342
545 341
539 340
534 339
528 338
457 332
451 328
445 326
438 324
431 323
424 322
417 323
411 325
404 327
398 330
392 333
398 336
404 339
411 341
418 342
425 342
432 341
439 340
446 339
453 338
531 299
535 292
542 289
550 287
558 286
565 283
573 281
581 280
588 282
595 287
599 294
594 300
587 299
578 299
571 302
563 304
556 307
548 308
540 309
532 307
462 302
461 291
451 284
441 281
430 279
418 277
407 275
396 277
385 279
375 283
366 290
361 300
371 303
382 300
393 297
405 297
416 299
427 301
439 302
450 303
