47 863
51 889
57 915
64 940
74 966
83 989
91 1015
102 1040
112 1064
126 1086
145 1106
166 1122
189 1136
212 1147
238 1155
264 1164
288 1177
310 1189
336 1198
360 1206
387 1210
413 1210
441 1204
466 1194
488 1180
511 1168
537 1159
561 1151
587 1142
610 1130
631 1112
647 1092
662 1071
675 1046
682 1021
690 995
696 967
701 942
709 917
716 892
724 864
351 883
343 899
331 914
324 933
325 951
339 963
358 970
377 968
395 968
415 966
435 967
454 970
471 964
482 950
484 930
478 912
468 895
315 1051
326 1046
337 1043
350 1042
363 1041
376 1041
387 1045
398 1048
410 1047
422 1045
435 1046
447 1048
459 1050
471 1054
476 1062
464 1065
452 1068
441 1072
430 1075
418 1078
406 1080
394 1078
382 1075
371 1072
359 1068
348 1064
338 1059
327 1054
330 1048
340 1048
350 1048
360 1051
369 1053
378 1055
387 1059
396 1062
406 1063
415 1060
424 1057
434 1055
444 1054
454 1055
464 1056
455 1056
445 1056
434 1056
424 1057
416 1061
406 1064
396 1063
388 1059
379 1056
369 1053
360 1051
350 1049
340 1049
490 815
493 801
503 790
514 782
527 777
540 774
555 774
569 777
581 782
593 789
601 801
602 815
595 827
583 833
569 836
554 837
540 835
526 833
513 829
500 824
311 802
304 789
295 778
284 768
272 761
257 761
243 763
230 768
218 775
206 785
198 796
206 808
218 818
230 826
242 832
256 834
271 832
285 829
298 825
309 817
476 741
482 722
500 714
521 712
543 711
564 713
584 716
603 722
621 730
639 740
656 752
656 769
636 766
617 761
597 755
578 750
558 747
536 746
515 748
494 749
329 728
310 715
287 711
262 710
238 713
215 718
192 721
169 725
148 734
129 749
119 770
140 761
161 754
184 748
207 744
230 739
254 737
278 737
302 741
324 747
