139 287
136 299
135 313
135 326
136 340
137 353
139 366
142 379
145 393
149 406
155 418
161 430
167 441
174 453
183 463
191 472
202 481
214 488
226 493
239 498
251 501
264 502
278 503
292 501
305 498
317 493
329 485
339 478
350 470
359 461
368 450
375 440
381 427
385 414
388 402
390 388
393 374
396 362
399 349
402 336
404 322
260 287
255 297
249 306
243 316
243 327
247 338
258 338
269 334
280 333
290 336
301 342
312 342
317 332
317 321
312 310
304 302
304 291
216 387
224 384
231 382
239 378
246 375
253 371
262 370
269 373
277 375
285 373
294 373
301 376
308 382
314 388
321 393
318 401
310 403
303 405
295 407
286 408
278 407
269 407
261 406
253 404
245 401
238 398
230 395
223 392
225 388
232 386
239 386
245 384
252 384
260 384
267 385
273 386
281 386
288 386
295 386
301 388
308 390
314 393
320 395
314 394
308 391
302 389
295 387
288 387
280 387
273 386
267 385
260 385
253 384
246 385
239 386
232 387
316 258
320 254
325 251
330 249
335 248
340 247
345 247
351 248
356 250
360 253
364 257
363 262
358 264
353 265
347 265
342 265
337 264
331 263
326 262
321 261
248 247
244 243
240 239
236 236
231 234
226 233
220 232
214 233
209 234
204 236
200 239
202 244
206 247
211 250
216 251
222 252
227 252
233 252
239 251
244 250
329 225
331 217
338 213
346 214
355 214
362 217
370 220
377 223
384 227
390 232
394 239
395 247
388 249
381 243
375 238
368 235
360 231
352 230
344 230
335 229
262 216
256 207
246 204
236 201
225 200
215 197
204 196
194 199
185 204
177 212
172 221
172 233
181 229
190 223
200 219
211 218
222 218
233 219
243 221
254 223
