422 556
423 573
424 590
426 606
429 623
434 640
439 656
445 672
453 687
459 703
468 717
478 732
487 745
498 758
508 772
518 785
529 798
543 809
558 817
574 822
591 824
608 825
626 824
643 822
659 816
673 809
689 801
703 792
716 782
730 771
744 760
756 749
768 737
779 725
790 711
799 697
808 681
815 665
820 650
826 634
830 617
576 596
565 606
558 620
553 634
558 650
569 662
582 671
592 682
608 688
623 687
638 682
654 677
668 673
676 659
675 644
671 627
666 612
520 689
532 695
544 700
557 704
570 710
583 713
596 718
610 720
624 721
638 722
653 723
667 720
680 716
692 720
681 728
669 735
656 741
644 747
631 752
618 755
604 756
590 754
577 750
564 744
554 734
544 723
536 712
529 700
529 697
537 706
547 713
557 719
567 725
578 731
589 734
600 737
613 737
625 736
638 735
650 733
661 730
672 727
682 719
672 726
661 730
650 732
638 734
626 736
613 737
601 736
589 734
578 730
568 725
558 718
548 712
538 705
697 540
702 533
709 527
717 524
726 524
735 525
743 529
751 533
759 536
767 539
774 543
772 551
764 555
755 556
746 556
737 555
728 554
720 551
712 548
704 544
565 524
566 516
559 509
552 502
544 498
535 495
526 492
517 490
508 489
498 488
488 488
489 498
493 506
501 511
509 515
518 517
528 519
537 520
547 521
556 522
682 498
691 486
703 479
718 477
734 477
749 478
765 477
781 477
795 479
809 485
822 491
821 501
805 500
790 498
775 498
760 500
744 500
729 499
714 498
698 498
604 473
593 461
580 454
566 449
552 446
537 442
523 439
508 437
492 437
477 440
464 444
478 448
492 451
507 454
521 459
535 462
549 466
564 470
577 474
591 478
