811 1037
810 1066
812 1100
818 1131
825 1163
827 1195
832 1225
839 1257
848 1287
863 1314
886 1340
904 1364
923 1390
944 1414
968 1437
992 1456
1019 1474
1046 1491
1073 1504
1105 1508
1139 1512
1169 1515
1201 1518
1234 1521
1264 1517
1297 1516
1325 1500
1352 1483
1379 1464
1402 1442
1425 1424
1452 1404
1471 1379
1488 1352
1505 1324
1519 1295
1531 1267
1544 1239
1561 1210
1575 1182
1585 1150
1134 952
1111 973
1087 993
1084 1024
1101 1053
1129 1061
1161 1058
1193 1058
1226 1064
1257 1072
1288 1078
1321 1082
1352 1075
1362 1047
1360 1014
1339 988
1323 960
1044 1204
1060 1186
1082 1180
1103 1172
1125 1166
1149 1167
1173 1170
1196 1172
1219 1176
1241 1182
1263 1188
1284 1194
1306 1201
1326 1210
1344 1227
1339 1249
1316 1253
1292 1253
1268 1251
1245 1249
1221 1247
1198 1243
1176 1238
1153 1234
1130 1231
1107 1226
1086 1220
1064 1214
1051 1196
1071 1193
1094 1193
1115 1191
1137 1190
1158 1192
1179 1196
1200 1199
1221 1201
1242 1203
1262 1208
1282 1213
1301 1221
1321 1225
1341 1229
1324 1227
1304 1223
1283 1220
1263 1216
1241 1214
1219 1215
1198 1213
1177 1210
1156 1207
1136 1203
1116 1198
1094 1197
1072 1198
1357 856
1367 848
1377 841
1387 835
1399 832
1411 830
1424 831
1435 833
1446 839
1455 847
1465 856
1461 867
1451 874
1439 876
1426 875
1414 873
1402 871
1391 867
1379 865
1368 861
1105 835
1103 823
1094 814
1083 808
1072 804
1060 802
1047 802
1035 805
1024 809
1013 815
1003 822
995 832
1006 837
1017 841
1029 843
1042 844
1055 843
1069 843
1081 842
1094 841
1314 694
1339 686
1369 686
1398 687
1425 691
1452 696
1479 702
1504 710
1525 731
1538 755
1541 783
1519 798
1494 788
1470 777
1443 770
1415 769
1388 763
1365 747
1341 735
1317 722
1191 720
1186 691
1162 675
1134 665
1106 658
1076 653
1045 656
1015 661
988 670
963 685
940 708
925 733
952 742
984 741
1012 734
1039 723
1071 723
1102 726
1133 727
1164 730
