249 774
246 806
244 841
246 876
252 911
259 945
268 979
277 1015
283 1049
292 1083
312 1111
332 1140
354 1169
376 1195
403 1217
431 1239
457 1262
486 1281
517 1296
549 1305
586 1311
619 1313
654 1313
689 1311
723 1306
760 1296
788 1279
816 1258
831 1227
849 1197
869 1165
893 1141
917 1115
930 1084
937 1050
946 1016
955 981
964 947
974 913
983 879
987 843
564 773
549 802
526 832
508 860
511 896
542 911
573 923
603 946
635 961
670 960
700 941
731 926
768 915
783 886
777 851
757 821
744 786
457 1049
483 1042
510 1039
536 1035
564 1032
592 1033
619 1038
644 1045
670 1038
698 1036
725 1039
752 1043
778 1048
801 1061
798 1089
777 1105
753 1117
729 1125
703 1131
676 1136
648 1136
621 1132
594 1128
568 1122
544 1113
520 1102
498 1087
476 1070
482 1060
504 1059
523 1063
544 1066
564 1070
584 1074
605 1076
626 1077
648 1077
669 1076
691 1075
712 1074
734 1074
756 1074
767 1079
748 1085
727 1088
707 1090
686 1092
664 1092
643 1091
622 1090
601 1088
580 1085
559 1083
538 1081
519 1076
500 1069
776 689
785 678
797 673
809 669
822 665
836 664
849 666
862 669
874 675
885 684
893 695
895 708
881 709
867 710
853 710
839 710
825 708
811 707
799 702
787 695
542 691
538 681
525 672
512 663
499 654
485 646
471 641
455 639
439 640
424 645
411 654
402 667
417 672
431 676
446 680
462 683
478 684
495 683
511 684
527 687
728 593
748 576
773 570
799 567
825 569
852 569
879 570
904 573
928 581
949 593
965 613
948 632
921 633
898 624
874 618
848 615
822 612
797 615
770 617
745 613
540 560
524 543
503 538
480 534
456 535
432 534
409 531
386 532
365 540
347 556
336 575
354 590
375 596
397 591
419 584
441 581
464 583
487 586
510 588
531 580
