783 790
793 818
804 844
816 872
827 899
836 927
846 955
857 982
869 1010
880 1037
892 1062
909 1087
929 1111
948 1129
975 1147
1000 1162
1026 1171
1057 1177
1084 1178
1115 1172
1143 1162
1168 1151
1195 1135
1218 1118
1241 1098
1262 1078
1283 1055
1300 1032
1317 1009
1333 984
1346 956
1356 928
1363 900
1368 870
1370 842
1374 811
1378 784
1380 754
1381 725
1377 697
1369 665
915 706
913 729
909 750
902 773
909 795
926 809
944 797
964 784
987 782
1009 782
1032 785
1056 785
1071 768
1070 746
1059 725
1044 707
1030 688
924 918
934 902
949 889
966 882
985 883
1005 882
1024 877
1043 876
1062 878
1081 881
1100 884
1118 888
1135 896
1143 912
1132 928
1117 942
1102 952
1085 961
1069 969
1052 976
1034 982
1015 985
996 987
976 989
958 985
946 969
942 951
928 936
938 936
951 930
962 919
975 912
989 908
1003 905
1017 901
1031 898
1046 897
1062 897
1078 897
1093 899
1107 902
1122 903
1132 912
1120 920
1107 925
1092 928
1078 931
1064 935
1051 940
1038 945
1023 949
1009 951
994 952
978 952
963 950
950 945
1060 630
1066 619
1075 608
1085 601
1096 594
1108 589
1121 587
1134 586
1148 587
1161 589
1172 594
1172 608
1162 617
1151 623
1139 627
1127 630
1114 632
1100 633
1086 632
1073 632
923 660
921 649
910 644
898 641
886 639
873 640
861 643
851 649
840 656
831 665
823 675
819 686
831 689
844 690
856 688
869 687
881 684
892 680
903 675
913 668
992 542
997 512
1019 488
1046 474
1076 469
1108 471
1139 475
1169 480
1197 490
1223 505
1247 526
1251 552
1223 542
1197 528
1170 515
1138 513
1108 518
1079 525
1051 535
1023 545
928 580
917 564
901 553
883 544
864 538
844 537
824 541
807 550
790 562
776 577
767 594
764 615
780 605
796 594
814 585
831 575
850 571
870 574
891 576
908 584
