478 778
484 799
490 822
496 846
501 868
507 890
514 914
523 936
533 955
547 976
562 992
581 1008
600 1022
617 1035
638 1050
655 1064
674 1078
694 1092
714 1102
737 1110
759 1115
783 1117
805 1115
828 1110
851 1101
869 1088
884 1070
897 1048
908 1030
923 1010
937 992
951 973
963 954
976 932
984 911
990 889
995 867
999 842
1003 820
1012 797
1016 773
724 782
716 801
710 820
707 842
712 862
730 873
749 879
770 882
792 884
811 883
831 878
852 869
867 858
869 836
863 817
853 799
844 778
668 932
686 933
704 933
721 931
738 928
756 926
774 928
791 929
808 926
825 923
842 920
859 918
876 915
886 924
877 938
865 952
852 965
838 974
823 981
807 986
790 988
772 986
755 983
740 978
724 971
710 963
695 954
682 943
691 941
705 941
719 942
733 943
747 944
761 946
775 947
789 948
803 947
815 944
827 938
839 934
852 930
865 926
876 923
865 929
852 933
839 936
827 940
814 944
801 948
788 950
773 950
759 950
745 949
731 947
718 945
704 944
855 687
860 679
866 671
874 664
882 660
891 656
901 654
911 652
921 650
931 652
939 656
940 665
931 669
922 672
913 676
904 679
894 681
884 681
873 681
864 683
693 686
684 680
675 675
665 671
654 669
643 668
632 669
621 670
611 673
602 678
593 685
603 688
613 691
624 694
634 696
645 696
657 696
668 695
679 694
690 694
830 620
838 605
853 594
868 584
883 575
899 568
915 561
934 558
952 561
968 567
982 580
979 596
961 594
942 592
924 595
908 601
893 611
877 619
861 627
844 632
742 625
735 603
716 591
695 581
675 572
653 566
630 563
606 564
584 570
564 581
548 599
538 619
559 611
582 607
605 605
630 606
653 610
675 615
697 621
718 627
