97 339
99 349
102 359
105 369
108 379
111 388
117 398
122 406
129 413
136 420
144 428
150 436
156 445
161 453
167 462
174 470
181 477
190 483
198 488
209 490
218 491
228 487
238 483
246 477
255 471
263 465
271 459
280 453
287 445
292 436
299 429
306 421
314 414
320 406
327 398
331 389
335 379
337 370
338 359
339 349
341 338
175 345
174 353
172 361
172 368
176 375
183 378
190 381
198 382
206 383
214 382
221 380
228 377
236 374
239 367
238 359
236 352
235 344
165 416
171 410
178 407
185 404
193 402
201 402
209 402
217 401
225 402
233 403
240 405
248 407
256 409
263 410
266 416
258 418
251 421
244 423
237 427
230 431
223 433
215 434
207 435
198 434
191 432
184 429
177 425
170 422
166 416
172 414
178 412
185 411
192 410
199 410
206 410
214 409
221 409
228 409
235 410
241 411
248 412
256 412
263 413
257 414
250 415
243 415
236 415
229 415
222 416
214 416
207 415
200 415
193 416
186 416
179 417
172 418
239 295
241 290
246 285
251 281
257 278
262 276
269 275
275 275
281 277
287 279
292 282
292 288
287 293
282 296
276 298
270 299
263 299
257 299
250 299
244 298
174 293
170 289
165 285
161 282
155 280
149 279
144 280
138 282
133 285
128 288
124 292
128 296
133 299
138 301
144 302
150 302
156 302
161 301
167 300
173 299
218 266
225 258
234 255
244 252
254 251
264 250
274 249
284 249
294 251
302 255
305 264
297 268
287 267
276 268
267 269
256 271
247 273
238 276
229 279
219 276
183 267
176 262
168 260
160 259
151 258
143 257
134 255
125 255
117 257
110 261
104 268
113 268
122 269
130 270
139 271
148 271
157 272
165 273
173 275
182 275
