153 419
155 432
158 446
163 460
168 473
174 486
181 499
187 511
193 524
200 537
208 549
216 561
223 575
229 587
237 598
249 608
262 612
276 615
291 616
304 615
318 612
332 608
346 602
358 595
372 589
384 583
397 576
408 568
419 558
428 547
438 537
448 526
455 514
461 500
467 487
472 474
477 460
480 446
482 432
482 418
481 403
250 405
243 414
239 426
238 437
243 448
252 454
262 460
272 466
284 467
295 462
306 462
317 458
326 450
335 443
339 432
333 421
325 412
220 486
231 480
244 478
258 478
270 480
282 483
295 485
308 486
321 487
334 489
347 491
359 494
370 499
368 511
360 521
350 531
339 536
327 540
315 543
302 544
289 545
276 544
263 542
252 537
241 531
233 521
228 510
223 498
228 490
239 491
249 493
259 495
268 499
277 502
288 500
297 498
308 498
319 498
330 498
340 496
350 494
361 495
355 503
346 508
337 511
328 515
318 517
307 518
297 520
287 521
276 521
266 519
256 517
247 514
239 507
232 499
343 354
346 347
352 342
359 339
367 338
375 338
383 339
391 340
398 342
404 347
410 352
408 359
401 361
393 363
385 364
377 364
369 365
361 364
354 362
347 360
257 355
256 346
252 340
245 337
238 335
231 333
223 331
215 331
208 332
201 335
195 340
189 346
195 350
202 354
209 356
217 357
225 357
233 357
241 357
249 357
324 320
330 309
339 302
350 298
361 295
374 293
386 294
399 294
410 298
420 304
429 313
426 321
415 316
404 313
391 313
380 315
369 319
358 322
346 325
334 326
264 311
256 302
247 295
237 290
226 287
215 283
204 282
192 282
181 285
172 292
165 301
174 308
184 303
196 301
207 304
218 307
228 311
238 315
248 320
260 321
