279 349
279 360
280 372
281 384
283 396
285 408
288 419
292 430
297 441
300 453
303 463
308 474
313 485
321 495
329 501
339 508
350 514
360 519
371 523
383 526
395 529
406 528
417 527
430 524
440 521
451 516
462 511
473 505
483 500
494 494
502 487
510 478
517 469
523 457
528 447
533 437
537 426
541 415
546 404
551 394
555 382
406 366
401 374
394 381
386 388
383 397
386 407
395 412
405 413
415 413
425 416
435 419
445 419
455 415
458 405
457 396
452 387
449 377
370 451
375 446
381 443
387 440
394 438
400 437
408 437
414 439
421 440
428 441
435 442
441 446
445 452
449 458
451 464
448 470
442 474
436 477
429 479
423 480
415 481
409 479
402 477
396 474
390 471
385 466
379 462
374 457
374 452
378 451
383 449
388 449
393 448
398 448
403 449
408 450
413 451
418 452
423 453
428 454
432 456
436 458
441 461
438 463
433 462
428 461
423 460
418 459
413 459
408 458
403 456
399 455
394 454
389 453
384 453
379 453
470 338
473 334
477 332
482 330
486 330
491 329
495 330
500 331
504 333
508 336
511 340
510 344
505 345
501 346
496 346
491 346
486 345
482 344
477 343
473 341
396 323
393 318
389 315
384 312
380 309
375 308
370 307
364 307
359 308
354 310
349 312
353 316
357 320
362 322
367 323
372 324
377 325
382 326
388 327
394 327
472 289
480 288
488 287
496 286
504 287
512 287
521 287
528 289
535 292
539 299
541 307
534 310
527 307
519 306
511 305
503 304
495 303
487 302
480 300
473 297
415 286
415 277
407 273
399 269
390 265
382 261
373 258
364 256
354 256
345 259
336 263
330 271
340 273
349 274
359 274
369 275
379 276
388 279
397 281
406 284
