252 357
262 376
274 398
286 419
299 437
310 458
322 478
337 497
353 515
373 529
394 541
414 554
433 565
455 576
478 586
499 593
521 600
546 605
568 608
592 609
616 609
640 609
664 604
685 596
704 583
720 565
732 544
742 522
749 501
755 476
758 453
759 431
761 405
765 383
766 358
765 334
764 311
761 288
758 265
755 242
752 216
527 296
526 313
521 333
516 351
524 369
539 377
559 381
578 382
597 381
616 378
630 367
642 352
648 333
648 315
639 299
624 285
609 272
503 481
519 476
534 471
549 464
563 454
577 445
592 438
609 435
624 429
639 421
654 415
671 413
687 409
700 418
695 433
690 449
684 464
674 478
661 489
646 496
630 501
614 505
598 509
580 510
564 506
549 500
534 493
518 486
518 482
531 480
545 477
559 474
572 471
585 467
597 462
610 458
624 454
637 450
649 444
660 436
672 428
683 420
695 413
685 423
674 433
663 442
651 449
638 454
625 457
612 460
599 464
586 468
572 472
559 475
545 478
532 481
586 171
589 160
594 150
601 140
610 132
620 125
631 120
642 117
654 116
666 117
677 121
676 133
671 143
663 152
653 160
643 165
632 168
621 171
609 172
597 174
437 219
428 214
419 210
408 208
397 208
387 210
378 215
369 222
361 230
355 238
348 246
357 250
367 253
378 253
389 253
400 251
410 249
419 244
428 238
436 230
561 134
567 119
575 106
588 96
601 89
615 81
629 74
643 69
657 63
671 57
687 58
678 71
665 79
651 87
638 95
625 103
611 112
599 122
588 134
574 142
461 168
442 161
420 162
399 166
380 173
359 178
339 183
320 190
301 200
285 214
272 232
291 223
309 214
328 207
348 200
369 196
390 193
411 190
433 188
454 185
