242 425
243 437
242 451
243 464
245 476
248 489
251 502
254 515
259 527
265 538
272 549
281 560
288 569
298 580
306 590
315 600
324 607
335 615
347 622
359 626
372 630
385 632
397 632
410 631
424 627
435 622
446 614
455 605
464 595
472 585
481 575
489 565
497 555
504 545
511 533
516 521
521 510
526 498
532 486
537 474
542 460
377 436
370 446
363 457
361 469
362 481
371 489
382 493
395 495
406 495
420 496
431 497
444 495
454 488
458 478
458 466
452 454
445 444
336 528
346 528
355 527
364 526
374 525
383 524
393 524
402 526
411 528
420 528
430 527
439 528
447 531
450 540
444 547
438 554
431 561
423 566
415 569
405 569
396 568
387 566
379 562
371 558
363 553
355 548
348 543
341 536
342 531
349 532
357 534
365 535
373 536
380 537
388 538
395 540
403 541
411 542
419 541
427 541
435 540
443 539
450 538
443 540
435 541
427 542
419 542
411 542
403 542
395 541
387 541
379 539
372 537
364 536
356 535
349 534
463 387
466 382
471 377
476 373
481 371
487 369
494 369
500 370
506 373
511 376
515 381
516 387
510 391
505 393
499 395
492 395
486 395
479 394
473 393
468 391
365 371
361 365
357 360
351 357
345 355
339 354
332 353
325 354
319 356
313 359
309 365
314 370
319 373
325 376
331 378
337 379
344 380
351 380
357 379
364 377
455 358
460 350
468 346
476 342
486 341
495 339
504 336
512 333
522 332
531 334
540 337
540 346
532 349
522 349
512 350
503 352
494 354
485 357
475 358
465 357
383 334
374 325
363 320
352 316
341 312
330 308
318 305
305 306
294 310
284 317
278 327
288 321
301 321
313 324
325 326
337 328
348 332
359 337
370 341
381 344
