496 776
500 797
506 819
510 842
514 864
520 887
528 909
535 930
547 951
561 969
577 987
593 1001
611 1016
631 1028
652 1040
672 1051
691 1060
712 1071
734 1079
756 1088
779 1094
799 1099
822 1100
845 1097
866 1087
885 1075
905 1060
923 1046
939 1032
956 1015
974 999
990 984
1005 967
1018 947
1027 926
1033 905
1039 881
1042 859
1046 835
1049 814
1050 789
803 784
795 797
785 812
777 829
779 844
795 855
812 856
829 857
847 859
864 859
881 857
899 852
915 844
926 832
920 815
910 800
901 785
740 933
753 930
767 928
781 927
795 926
809 925
823 926
836 928
850 927
864 925
878 924
893 924
907 925
919 930
913 942
902 949
891 956
879 961
866 966
853 969
839 970
825 969
813 965
800 961
788 956
776 951
764 945
752 940
757 935
767 934
779 934
790 934
801 934
812 935
823 937
834 938
845 938
856 937
866 935
876 932
887 930
898 930
903 934
893 936
883 939
873 942
863 945
853 948
842 948
831 948
820 946
810 944
799 943
788 941
778 939
767 938
903 687
911 677
921 667
932 661
943 657
956 655
969 657
981 662
991 669
1001 678
1008 689
1001 700
991 707
978 710
965 712
952 713
939 712
926 711
913 708
903 701
762 687
753 676
743 668
732 661
720 657
707 655
695 658
683 662
672 668
662 676
652 686
663 695
673 702
685 707
697 710
711 711
724 710
737 709
749 705
761 700
885 634
894 616
912 608
931 603
951 600
972 597
990 590
1010 593
1026 606
1037 623
1045 641
1049 660
1035 649
1021 633
1003 623
982 622
963 626
944 632
925 637
904 639
822 617
802 601
780 591
757 584
733 577
708 574
683 578
660 588
639 601
619 617
601 636
622 624
644 614
669 609
695 607
720 610
744 617
767 625
790 632
815 637
