610 804
615 829
621 857
629 882
640 908
652 931
665 954
679 977
693 999
709 1022
726 1045
743 1064
764 1082
783 1103
802 1121
826 1136
848 1152
872 1163
897 1159
926 1158
949 1148
973 1134
990 1112
1009 1094
1030 1075
1047 1056
1063 1035
1082 1013
1094 989
1109 966
1123 942
1136 921
1149 896
1159 870
1167 845
1173 818
1176 792
1179 766
1181 737
1181 711
1180 682
796 790
789 808
782 825
782 845
783 865
798 875
817 875
836 879
855 884
874 880
893 875
913 870
926 859
932 839
926 821
915 805
902 789
779 979
794 969
809 962
824 956
840 949
858 949
876 947
892 942
909 940
927 942
944 945
963 945
980 946
980 963
970 978
962 992
952 1006
941 1020
928 1033
913 1042
897 1047
878 1047
861 1044
845 1039
830 1030
817 1018
805 1005
793 991
790 980
804 977
819 974
834 973
850 974
866 974
880 972
895 968
909 965
923 961
937 957
951 953
966 951
974 962
965 974
955 986
945 997
934 1009
922 1017
908 1023
894 1026
879 1029
864 1027
851 1022
838 1015
826 1005
815 993
803 985
923 689
927 676
933 664
942 653
953 645
966 640
979 636
993 637
1006 640
1018 646
1030 654
1037 665
1028 676
1017 683
1004 687
991 691
978 694
964 695
949 695
935 693
754 708
749 697
739 690
729 682
719 676
708 673
696 676
685 681
675 689
667 698
660 708
654 719
664 724
676 727
687 730
699 732
712 732
723 727
734 722
744 715
878 606
896 596
915 587
934 579
953 572
973 567
995 565
1016 567
1036 572
1055 581
1072 594
1061 601
1042 594
1022 588
1000 588
980 593
960 598
939 603
920 609
899 611
767 628
757 620
745 618
733 614
721 611
709 609
696 611
683 612
670 612
659 618
655 630
665 638
677 635
689 633
703 633
715 635
726 639
738 642
752 642
763 639
