299 396
299 407
300 419
302 431
305 443
308 454
312 465
317 476
322 487
327 498
332 509
338 520
345 529
353 538
361 546
370 555
378 562
391 565
402 565
414 567
426 566
438 565
450 563
462 559
472 555
482 548
490 539
498 531
506 521
512 511
518 501
523 489
529 479
535 469
540 459
545 448
549 437
551 424
553 412
554 400
556 388
385 386
383 395
381 405
381 415
386 422
395 426
404 430
413 434
422 434
432 433
442 431
451 427
457 420
458 410
453 401
449 393
445 384
361 478
368 474
376 471
384 468
392 466
402 466
410 469
419 470
427 468
436 467
445 468
453 470
461 472
469 475
472 482
464 486
457 492
450 497
442 500
434 502
425 502
415 502
406 502
398 500
389 498
382 494
374 490
368 484
369 478
376 476
383 475
390 476
398 476
404 478
411 479
418 480
425 479
433 478
440 478
447 478
455 478
462 478
468 479
461 479
454 480
447 481
440 482
433 483
426 484
419 484
411 484
404 483
397 482
390 481
384 479
377 478
457 330
461 325
465 321
470 318
476 317
482 316
488 316
494 317
500 319
505 321
509 326
508 332
503 335
497 337
491 338
485 338
479 337
473 337
467 336
461 334
374 337
373 332
371 327
367 324
362 322
357 320
352 319
347 320
342 321
338 324
334 328
330 332
334 335
338 337
343 339
348 339
353 340
359 341
364 340
369 340
435 319
442 309
451 301
461 296
472 292
482 288
494 287
507 286
519 286
531 288
540 294
540 306
529 310
517 309
505 308
492 309
480 310
469 311
458 316
447 319
391 314
383 306
374 301
365 298
355 295
345 292
335 290
324 288
314 290
305 294
297 302
301 312
310 317
320 315
330 313
341 312
352 313
362 314
373 316
383 318
