476 616
473 634
470 652
470 671
469 690
474 709
478 726
483 746
488 764
492 781
498 800
504 817
513 834
521 851
530 869
540 883
552 899
568 908
586 913
606 915
624 915
644 915
662 913
680 911
700 910
718 907
736 900
752 891
769 883
785 874
803 864
817 854
830 840
842 824
851 809
864 793
873 777
882 760
890 744
899 726
906 709
607 613
601 628
589 638
577 649
571 664
577 679
588 692
602 702
617 709
632 712
650 712
666 709
681 702
690 687
691 671
690 655
690 637
527 712
545 707
563 710
580 715
596 723
612 731
630 734
648 737
664 743
681 749
697 755
714 761
729 769
720 785
705 796
690 807
674 814
657 819
639 822
620 823
601 823
584 818
568 810
554 797
545 781
538 765
533 748
531 729
543 713
557 717
570 723
583 731
595 740
608 747
621 752
636 753
652 753
668 754
683 756
698 758
711 763
715 776
703 786
690 792
676 796
661 798
646 799
631 796
616 794
602 791
589 785
576 778
565 767
557 754
551 741
547 727
734 587
741 583
748 581
756 581
765 581
772 583
779 585
786 589
793 593
799 598
805 603
797 605
789 606
781 606
773 606
765 604
757 602
750 600
743 597
736 594
620 553
617 546
612 540
606 534
600 530
593 527
585 525
578 524
569 524
561 524
554 526
558 532
564 538
570 542
577 545
584 549
592 550
599 552
606 554
614 556
732 540
744 531
759 529
775 530
790 531
805 535
819 539
833 544
845 551
857 562
861 576
850 579
841 567
830 556
816 550
801 548
785 548
770 550
755 553
739 553
617 504
612 493
603 483
593 475
582 469
571 464
560 460
547 458
535 460
524 465
513 471
523 478
535 474
548 473
559 477
570 484
580 491
590 500
600 508
611 514
