457 631
457 652
458 672
461 695
466 715
472 736
481 756
491 774
503 793
516 810
531 826
547 838
565 850
585 858
605 866
626 873
646 880
667 887
688 893
708 901
727 907
747 914
770 916
791 914
811 907
830 896
845 880
853 860
856 839
857 817
858 797
859 775
866 755
876 735
883 715
891 695
900 676
908 656
914 635
912 613
906 592
763 643
753 653
744 666
743 681
747 696
758 706
774 708
789 707
804 708
818 708
833 705
848 699
859 687
866 674
864 660
856 646
845 635
674 765
686 756
702 754
717 752
733 751
749 749
765 748
781 747
796 744
811 740
825 734
838 727
845 739
845 756
846 772
843 787
836 800
824 811
810 816
795 820
780 821
764 820
749 816
735 811
721 804
708 796
695 788
683 778
684 767
694 760
706 761
719 761
733 761
746 761
759 761
771 760
784 759
796 758
808 756
819 750
829 744
840 745
837 757
831 767
822 776
812 783
801 787
789 788
776 790
764 791
751 791
738 789
727 787
716 782
705 777
694 772
806 545
809 538
814 532
820 527
826 522
833 518
839 514
846 511
853 510
861 509
866 515
864 522
861 529
855 535
848 538
841 541
834 543
827 546
820 548
812 548
720 571
714 563
706 558
697 556
688 556
678 556
668 557
659 559
650 562
643 568
639 576
646 583
654 588
663 589
673 590
683 590
692 588
701 586
710 584
718 580
815 516
818 508
825 502
832 496
840 490
847 485
854 479
861 473
869 468
877 465
885 469
885 478
878 483
870 487
862 491
854 497
847 502
840 507
832 512
824 516
718 520
705 512
689 512
673 513
657 515
642 517
627 520
613 525
600 532
588 543
576 554
590 548
604 543
618 539
633 535
647 532
664 532
679 533
695 534
711 532
