360 367
363 381
366 395
369 409
372 424
377 437
383 450
391 464
397 476
403 491
410 503
421 512
433 521
445 530
456 538
468 548
479 556
493 563
506 569
519 573
534 577
548 579
562 578
578 573
590 567
602 559
614 550
624 539
632 527
642 515
650 503
659 492
667 480
673 467
680 453
684 440
687 425
689 410
690 396
692 381
693 366
499 357
488 363
482 372
480 384
485 395
494 404
504 407
517 409
529 411
541 410
553 407
564 404
575 398
585 391
592 381
592 369
589 357
459 452
470 445
482 440
495 436
508 433
522 431
535 430
550 429
563 427
577 426
591 425
605 426
619 429
618 442
611 454
605 465
598 477
588 487
577 495
565 501
552 503
538 504
524 502
512 497
501 489
490 480
480 470
469 461
470 450
482 448
493 447
505 446
517 447
529 447
541 446
552 444
563 441
573 437
585 436
596 435
608 433
619 435
612 445
603 451
593 457
584 463
574 468
563 472
553 476
541 477
529 477
518 476
507 473
496 469
486 465
476 459
571 292
574 287
579 283
584 281
590 279
595 278
602 278
608 277
614 278
619 279
624 282
623 288
618 290
613 292
607 294
601 294
595 294
589 294
583 294
577 294
485 298
479 295
472 293
465 291
458 291
451 292
444 293
438 296
432 300
426 303
420 306
426 308
434 307
441 306
448 305
455 305
462 304
470 304
477 303
485 303
560 273
562 262
570 253
579 245
589 240
600 238
612 237
624 239
635 242
646 245
656 249
662 259
652 263
640 263
628 263
616 264
604 265
593 267
582 269
571 272
500 275
491 263
478 258
463 257
448 259
433 261
418 262
403 264
390 268
377 275
366 284
372 296
387 298
400 291
413 286
427 284
442 283
458 284
472 282
488 282
