279 369
284 391
290 413
297 433
304 455
309 477
313 499
319 521
325 544
330 566
340 585
354 603
367 621
378 640
392 660
406 677
424 691
443 705
463 713
485 720
506 720
528 725
551 718
572 709
591 699
606 683
626 670
646 658
664 645
683 633
702 621
715 603
726 584
738 565
750 543
756 522
760 500
765 478
768 456
772 434
777 410
436 463
426 474
418 487
420 502
432 513
445 522
459 529
473 535
490 536
506 534
520 529
534 522
547 513
556 501
554 486
545 472
536 459
402 592
415 586
430 584
444 580
459 578
473 582
488 585
504 585
519 583
534 586
549 586
564 589
577 594
585 606
575 618
564 629
552 639
540 647
526 652
511 654
496 655
480 656
464 656
451 650
440 640
429 628
420 617
411 604
419 598
428 594
438 595
448 594
459 594
469 595
479 596
489 597
499 598
510 598
520 597
530 597
541 596
551 596
554 601
544 602
535 605
526 608
516 610
506 612
496 613
486 613
476 611
466 609
457 606
448 603
439 601
430 597
584 334
593 328
603 322
613 317
624 314
636 314
647 317
657 321
667 326
677 331
675 342
666 349
656 355
646 360
636 364
625 367
613 366
603 361
594 354
585 346
432 335
426 324
416 315
405 308
393 302
381 297
368 295
355 297
342 299
330 303
318 309
325 320
334 330
345 339
356 345
368 350
382 349
395 347
407 344
420 341
574 279
577 268
587 263
599 262
611 260
622 256
632 251
643 249
655 248
667 250
677 254
677 264
665 264
654 266
643 269
632 273
620 274
609 277
597 278
586 280
417 272
406 260
394 250
381 240
369 229
357 218
345 209
330 204
315 207
301 213
286 216
301 220
316 223
331 226
344 236
355 247
368 257
381 265
394 273
407 280
