676 1007
683 1034
691 1065
698 1093
708 1123
720 1153
733 1178
749 1205
766 1231
785 1254
807 1275
831 1294
857 1310
884 1323
916 1331
945 1335
975 1337
1005 1339
1036 1343
1066 1346
1098 1344
1127 1339
1157 1329
1184 1319
1212 1303
1237 1284
1260 1264
1283 1245
1308 1226
1330 1205
1348 1181
1360 1154
1367 1125
1370 1094
1371 1061
1370 1032
1365 1002
1357 972
1348 943
1339 914
1332 882
930 951
926 973
925 997
934 1018
955 1029
978 1035
1002 1039
1025 1036
1045 1029
1068 1023
1089 1012
1108 996
1126 981
1140 964
1141 940
1128 922
1107 908
938 1157
948 1140
964 1127
982 1117
1000 1108
1018 1101
1037 1094
1056 1089
1076 1084
1095 1079
1115 1074
1135 1072
1157 1071
1177 1073
1188 1089
1176 1106
1166 1123
1153 1139
1136 1153
1119 1162
1100 1169
1080 1173
1060 1176
1038 1174
1018 1170
999 1165
980 1159
959 1157
946 1149
962 1141
978 1133
994 1126
1010 1120
1027 1115
1045 1111
1062 1108
1079 1103
1096 1096
1112 1090
1129 1085
1147 1082
1165 1079
1184 1080
1169 1089
1153 1095
1136 1101
1120 1108
1104 1116
1088 1122
1070 1125
1052 1128
1035 1132
1017 1136
1000 1141
982 1143
964 1146
1074 808
1080 800
1088 795
1097 790
1105 786
1114 783
1124 782
1134 782
1144 784
1153 786
1162 790
1160 799
1151 802
1141 803
1131 804
1121 803
1111 805
1102 807
1093 810
1083 810
906 850
896 848
885 848
874 847
863 848
853 851
843 856
835 862
826 870
818 877
810 885
820 882
831 880
841 879
851 876
861 873
871 869
880 865
890 861
899 856
1024 711
1030 690
1049 678
1069 671
1090 664
1111 658
1133 655
1157 654
1179 658
1198 668
1216 683
1216 705
1194 709
1170 709
1148 712
1127 717
1106 724
1085 729
1062 733
1041 728
881 728
863 722
843 721
822 722
803 725
785 731
768 740
752 752
738 767
728 783
721 801
741 802
761 800
779 795
797 787
814 779
832 774
851 769
869 762
884 748
