694 1030
706 1054
719 1078
732 1103
746 1130
761 1153
776 1176
794 1199
812 1219
832 1241
852 1257
874 1277
895 1296
918 1312
943 1326
968 1335
997 1339
1026 1336
1054 1330
1081 1322
1107 1312
1132 1300
1157 1287
1180 1272
1204 1254
1225 1237
1246 1216
1266 1197
1283 1175
1297 1150
1306 1124
1313 1097
1317 1069
1322 1041
1328 1014
1332 985
1333 956
1333 928
1328 900
1321 872
1314 845
860 942
856 963
852 987
851 1009
861 1029
881 1041
903 1039
924 1030
945 1021
966 1012
987 1004
1009 998
1025 981
1024 959
1013 939
995 924
976 909
839 1137
862 1131
884 1120
903 1103
923 1088
947 1082
971 1077
993 1067
1017 1061
1043 1061
1069 1063
1095 1061
1121 1060
1143 1068
1133 1090
1117 1110
1098 1128
1078 1145
1058 1160
1037 1172
1015 1182
993 1191
970 1199
944 1199
921 1192
899 1181
879 1168
859 1152
855 1141
873 1134
891 1128
908 1120
926 1114
945 1110
964 1107
982 1101
1000 1093
1017 1087
1037 1084
1057 1084
1078 1083
1097 1080
1105 1093
1090 1107
1074 1117
1057 1126
1039 1134
1022 1141
1004 1147
985 1152
967 1157
949 1162
929 1163
909 1160
890 1156
873 1149
1002 809
1005 797
1014 789
1024 783
1034 778
1045 774
1057 773
1069 774
1081 776
1092 779
1102 783
1104 794
1094 799
1083 802
1072 806
1061 809
1050 811
1038 812
1025 812
1013 812
832 868
826 859
815 855
804 853
791 852
779 852
767 854
756 857
745 862
735 869
726 877
735 886
745 892
756 896
768 895
779 893
792 891
802 887
813 882
823 876
927 759
935 740
950 723
967 709
986 699
1005 692
1025 685
1046 680
1068 677
1091 676
1111 681
1105 693
1082 693
1060 695
1039 701
1020 710
1002 720
983 730
964 741
946 751
818 773
804 764
788 759
771 760
754 763
738 767
722 771
707 776
693 785
684 799
680 815
694 821
709 816
724 810
739 804
754 797
769 792
786 790
803 791
820 788
