402 510
396 525
391 542
388 558
386 576
386 592
387 609
390 627
392 643
395 659
401 675
414 689
427 699
442 707
456 716
471 726
485 735
501 743
516 747
534 749
551 752
567 754
584 756
601 756
619 753
636 750
653 748
669 746
685 742
703 735
715 723
725 710
732 695
737 678
741 663
746 646
752 629
757 613
763 596
767 580
770 563
575 532
567 542
559 554
548 563
545 576
548 591
561 597
575 594
588 594
603 599
611 610
624 615
637 610
641 597
641 583
639 568
638 554
509 663
518 658
527 653
536 649
545 643
553 637
563 633
573 633
583 637
593 639
602 643
608 652
612 661
617 670
621 679
624 689
618 698
608 701
598 704
588 706
577 705
567 702
558 699
548 696
539 692
530 686
522 680
514 672
509 663
517 663
525 663
532 661
539 659
545 656
552 654
559 652
567 651
575 652
582 653
589 656
594 662
599 668
603 674
605 681
597 680
590 677
583 676
575 676
568 674
561 672
554 670
546 669
539 668
531 668
523 667
516 665
654 524
661 517
669 512
678 509
687 508
696 509
705 512
713 516
720 522
726 530
731 537
730 546
721 549
711 549
701 549
692 548
684 545
676 540
668 536
660 531
563 498
560 489
556 480
550 472
545 464
537 457
528 454
518 452
508 454
499 457
491 462
483 467
488 475
496 483
504 489
512 493
522 495
532 495
542 496
553 497
658 476
663 464
677 460
692 462
705 467
718 472
731 478
744 484
757 491
768 503
773 516
774 531
763 521
752 510
740 501
727 494
714 490
700 487
686 482
672 478
605 446
593 432
578 423
562 416
545 411
527 409
508 408
490 410
473 415
457 422
442 432
461 433
479 431
498 430
517 430
535 433
551 438
567 444
583 452
599 459
