524 1403
537 1473
558 1552
575 1627
596 1694
622 1767
651 1839
687 1908
728 1973
775 2034
827 2091
880 2146
934 2202
987 2258
1046 2305
1118 2342
1189 2360
1265 2368
1341 2370
1424 2374
1500 2382
1575 2395
1650 2396
1729 2379
1796 2350
1860 2312
1932 2274
2001 2239
2067 2197
2124 2157
2185 2108
2242 2054
2295 1996
2340 1939
2383 1872
2415 1801
2442 1727
2467 1653
2487 1585
2500 1510
2506 1426
1301 1368
1267 1424
1237 1482
1213 1541
1216 1606
1260 1652
1321 1673
1386 1677
1453 1671
1518 1674
1581 1673
1647 1661
1697 1623
1704 1557
1686 1496
1661 1432
1630 1373
1254 1928
1276 1903
1302 1886
1329 1873
1359 1865
1391 1868
1421 1876
1454 1876
1483 1866
1515 1864
1544 1873
1571 1885
1598 1900
1624 1919
1647 1943
1629 1968
1600 1977
1571 1986
1543 1996
1514 2005
1483 2010
1450 2009
1421 2000
1393 1989
1365 1976
1337 1965
1308 1956
1278 1949
1261 1925
1286 1919
1311 1912
1335 1904
1361 1900
1388 1901
1414 1904
1440 1908
1467 1911
1493 1915
1519 1919
1544 1924
1569 1930
1594 1937
1617 1948
1597 1954
1569 1954
1542 1953
1514 1952
1488 1948
1463 1942
1439 1934
1416 1925
1390 1920
1364 1917
1337 1919
1312 1924
1287 1930
1744 1142
1749 1096
1777 1060
1812 1027
1848 1000
1889 984
1937 983
1982 988
2024 1002
2064 1021
2100 1049
2117 1088
2083 1122
2048 1153
2008 1173
1965 1183
1917 1184
1872 1178
1827 1170
1783 1161
1179 1152
1173 1106
1151 1068
1121 1032
1086 1001
1048 977
1004 969
958 974
915 984
875 1002
838 1029
810 1065
840 1101
872 1136
909 1161
952 1173
998 1177
1046 1176
1092 1171
1135 1162
1700 829
1761 807
1823 787
1884 766
1948 749
2014 738
2084 732
2152 738
2212 764
2265 812
2305 866
2279 909
2220 881
2159 859
2093 846
2022 847
1956 859
1890 873
1822 880
1752 877
1206 929
1193 858
1131 822
1066 797
998 777
929 760
859 744
787 732
711 736
648 768
604 826
591 898
667 896
729 860
794 834
868 826
938 841
1004 865
1069 890
1134 917
