388 576
389 594
389 613
392 633
398 651
404 669
410 687
419 706
428 723
438 739
447 756
458 771
473 786
488 797
503 809
519 822
534 832
552 842
569 847
590 848
608 851
628 854
648 855
667 854
685 850
703 842
720 833
736 820
748 806
760 790
770 773
779 756
789 740
797 722
799 703
802 684
805 664
807 645
808 625
811 607
814 586
606 560
597 574
590 588
587 606
591 622
606 627
623 632
637 640
654 647
670 646
685 638
698 627
710 616
719 602
714 586
704 573
692 560
550 703
561 698
573 696
585 694
597 691
608 687
620 685
633 684
647 684
660 684
673 684
685 686
697 689
708 693
710 705
700 712
690 718
679 723
668 727
655 729
643 730
630 729
618 727
606 725
594 722
582 718
571 714
560 710
558 704
569 704
579 704
590 704
600 703
611 704
621 705
631 705
642 704
652 703
662 702
672 700
682 699
692 698
697 701
688 704
679 707
669 709
660 711
649 712
639 713
629 713
619 712
608 711
598 710
587 710
577 709
568 707
695 495
702 492
709 490
717 487
725 485
733 484
741 484
750 484
758 486
765 488
771 495
765 501
758 504
750 506
742 506
734 505
726 503
718 501
710 499
703 497
582 490
575 484
566 481
557 480
548 481
539 483
531 485
522 487
514 489
505 491
497 494
506 495
515 497
524 499
532 501
541 502
551 502
560 501
568 499
577 498
687 472
690 459
698 449
710 443
722 439
734 435
747 431
760 429
774 429
786 432
798 439
799 451
788 457
775 460
763 464
750 467
736 467
723 469
711 475
698 477
602 446
590 437
578 431
564 427
551 424
536 422
521 422
508 426
495 432
483 438
471 446
486 446
499 450
513 455
527 456
542 457
556 461
570 463
585 462
599 459
