313 693
314 723
318 753
327 781
340 811
352 837
363 866
373 896
384 924
398 953
414 979
431 1004
450 1029
470 1052
493 1072
520 1085
553 1083
580 1073
610 1059
636 1045
664 1030
692 1017
717 1002
742 986
770 970
797 957
826 944
855 929
881 914
904 893
923 869
938 844
949 813
955 784
956 754
955 722
952 693
950 660
949 630
946 600
941 568
410 622
397 640
385 661
380 683
391 703
400 725
418 741
441 744
464 742
487 738
511 733
532 721
549 708
558 685
549 665
532 649
518 628
421 824
428 807
444 797
463 793
481 787
498 781
518 780
537 783
556 788
574 792
593 796
611 801
628 808
633 826
617 839
601 849
585 859
569 869
552 878
534 884
516 888
498 893
479 897
458 897
440 893
434 876
438 857
424 844
437 852
448 845
460 841
473 838
485 835
498 832
511 829
524 826
538 825
551 824
565 823
579 822
593 821
606 820
620 821
607 822
594 823
580 824
566 824
552 825
537 825
524 827
511 830
499 833
486 836
473 838
460 842
448 846
597 516
602 506
606 497
613 488
621 481
630 477
641 476
652 477
662 479
672 482
681 487
686 496
677 502
667 506
657 508
647 509
636 511
626 514
617 518
606 520
428 549
421 542
413 537
404 533
395 529
386 527
375 527
366 530
358 534
351 542
346 550
346 561
354 568
364 568
374 566
383 563
392 561
401 559
411 557
421 557
535 420
548 399
569 388
591 380
615 374
639 371
665 370
689 373
712 380
734 390
753 407
733 415
710 407
689 397
665 392
639 393
616 399
596 413
576 428
554 436
414 494
408 483
400 473
394 462
384 454
372 449
359 448
346 446
334 443
321 442
315 452
313 465
318 476
330 474
344 474
356 477
368 482
379 486
390 491
402 495
