221 337
222 350
221 362
221 375
222 389
224 402
226 415
229 428
233 440
238 452
244 463
252 475
259 485
267 495
275 506
284 515
294 524
305 531
316 537
328 543
341 546
353 547
367 546
380 544
393 541
404 537
415 529
425 520
434 511
443 502
451 492
459 482
467 471
473 460
479 448
484 436
489 423
494 411
498 398
502 386
506 374
337 338
332 348
327 357
325 369
329 379
339 385
349 389
360 394
371 397
382 398
392 397
404 394
413 387
417 376
415 366
408 356
402 346
300 420
310 419
319 416
329 413
339 411
349 412
358 415
368 417
379 418
390 418
400 420
408 424
416 431
418 441
412 450
405 458
397 464
388 469
379 471
368 471
358 470
348 468
338 466
329 461
321 454
315 446
310 437
305 429
305 424
312 427
320 428
328 428
336 428
344 429
352 430
359 432
367 433
375 433
383 433
391 434
399 435
406 436
408 441
401 442
393 443
385 444
377 444
369 445
362 444
354 442
347 439
340 436
333 434
326 432
319 430
312 427
424 298
428 296
433 294
438 293
443 292
448 292
454 293
458 294
463 297
467 300
470 304
467 308
462 309
457 309
451 309
446 308
441 307
437 306
432 304
427 302
334 285
330 281
325 278
321 276
316 274
310 274
304 274
299 275
294 277
289 279
285 282
289 285
294 287
299 289
304 290
310 290
316 290
321 290
327 290
333 290
410 259
419 254
429 252
440 251
451 250
462 249
474 250
484 252
493 258
500 266
501 277
495 270
487 262
477 260
466 261
456 263
445 266
435 268
424 269
413 269
371 253
360 246
348 241
335 238
322 235
310 231
297 228
283 228
271 233
260 241
253 252
264 245
276 239
290 238
302 241
314 246
326 252
337 258
349 262
363 263
