855 1222
858 1255
861 1288
866 1322
873 1357
878 1390
889 1423
902 1455
919 1486
936 1514
958 1541
980 1568
1006 1593
1032 1616
1059 1634
1089 1655
1116 1672
1148 1688
1181 1701
1213 1710
1247 1715
1281 1719
1315 1717
1350 1713
1383 1704
1414 1693
1449 1679
1477 1665
1508 1647
1539 1628
1566 1608
1591 1586
1614 1560
1634 1531
1652 1501
1667 1473
1686 1442
1699 1411
1710 1377
1721 1344
1731 1311
1177 1251
1165 1276
1152 1304
1144 1329
1146 1360
1168 1377
1196 1386
1225 1385
1255 1386
1283 1387
1313 1393
1340 1395
1369 1389
1380 1363
1379 1334
1372 1306
1361 1277
1134 1497
1153 1495
1172 1492
1188 1485
1205 1478
1223 1475
1241 1478
1260 1479
1279 1477
1297 1481
1312 1491
1327 1501
1344 1510
1360 1516
1366 1532
1351 1544
1336 1553
1319 1560
1301 1563
1282 1564
1262 1564
1243 1562
1225 1558
1208 1553
1191 1547
1176 1537
1161 1525
1148 1511
1149 1502
1165 1502
1180 1501
1195 1499
1210 1501
1224 1505
1239 1507
1254 1509
1269 1510
1285 1509
1300 1510
1315 1513
1330 1515
1345 1518
1359 1520
1346 1519
1331 1517
1316 1514
1301 1513
1286 1512
1270 1511
1254 1511
1239 1509
1225 1505
1210 1503
1195 1502
1179 1503
1164 1504
1411 1153
1418 1137
1431 1124
1445 1114
1460 1108
1477 1106
1495 1107
1512 1110
1528 1115
1542 1125
1556 1136
1554 1153
1540 1164
1525 1171
1509 1175
1491 1177
1473 1177
1456 1174
1439 1170
1423 1166
1151 1115
1144 1100
1134 1087
1120 1078
1105 1072
1088 1068
1071 1067
1054 1068
1037 1071
1023 1078
1010 1091
1022 1104
1034 1116
1048 1126
1063 1132
1079 1136
1096 1138
1114 1137
1131 1135
1147 1131
1399 968
1425 955
1456 954
1487 955
1517 958
1547 961
1576 967
1602 979
1628 994
1650 1016
1661 1042
1637 1051
1610 1040
1583 1032
1555 1023
1528 1015
1500 1007
1472 1000
1441 997
1411 994
1196 975
1193 945
1165 933
1134 931
1103 927
1073 922
1043 917
1011 916
981 923
955 936
931 957
915 982
946 981
978 979
1009 977
1042 976
1073 977
1105 979
1136 983
1168 984
