748 1694
747 1745
750 1800
758 1849
767 1902
770 1956
794 2004
821 2047
847 2096
875 2146
900 2193
929 2238
964 2278
1004 2314
1049 2342
1096 2361
1145 2373
1200 2378
1255 2374
1309 2366
1357 2357
1413 2346
1463 2335
1517 2317
1564 2300
1616 2283
1669 2265
1716 2248
1764 2222
1804 2189
1839 2146
1866 2100
1897 2057
1916 2009
1935 1956
1940 1902
1945 1849
1948 1799
1953 1745
1956 1690
1954 1635
1080 1655
1056 1688
1034 1725
1029 1761
1053 1799
1082 1828
1117 1847
1155 1855
1197 1848
1237 1838
1281 1831
1318 1818
1343 1786
1357 1745
1341 1708
1316 1674
1287 1643
1003 1970
1029 1958
1057 1950
1087 1945
1117 1944
1147 1947
1178 1950
1209 1950
1238 1945
1268 1941
1298 1944
1325 1952
1352 1962
1380 1971
1389 1995
1363 2008
1337 2018
1309 2026
1281 2034
1253 2040
1223 2044
1191 2044
1161 2040
1132 2035
1104 2029
1077 2020
1050 2008
1026 1993
1037 1977
1059 1974
1081 1968
1103 1964
1127 1964
1150 1967
1172 1971
1195 1972
1218 1971
1241 1967
1263 1964
1287 1964
1310 1967
1332 1971
1354 1976
1338 1981
1315 1980
1291 1980
1267 1981
1244 1983
1222 1986
1198 1987
1175 1986
1153 1982
1130 1978
1107 1977
1083 1977
1060 1979
1367 1454
1380 1440
1395 1427
1411 1417
1427 1410
1445 1405
1465 1403
1484 1405
1502 1409
1520 1414
1536 1423
1536 1442
1519 1448
1501 1453
1483 1457
1464 1459
1444 1460
1424 1460
1404 1460
1384 1459
1034 1460
1019 1449
1002 1442
985 1436
968 1431
949 1429
930 1431
913 1437
897 1446
882 1458
868 1470
883 1479
901 1485
919 1487
938 1489
958 1488
977 1487
996 1485
1015 1483
1032 1477
1248 1350
1278 1311
1320 1289
1367 1278
1415 1270
1464 1263
1513 1258
1564 1261
1610 1273
1653 1291
1693 1320
1681 1357
1633 1347
1584 1341
1533 1343
1483 1348
1434 1355
1388 1366
1341 1377
1291 1373
1071 1355
1062 1318
1029 1303
990 1299
950 1297
911 1295
871 1292
834 1299
801 1315
771 1343
755 1376
749 1414
783 1428
817 1415
851 1401
888 1393
928 1391
968 1393
1008 1395
1043 1384
