271 124
269 134
267 144
266 155
267 165
268 176
269 187
269 197
269 208
270 219
271 229
272 239
276 249
281 258
288 267
294 275
302 282
311 287
320 293
329 299
338 305
347 309
357 313
368 314
378 314
389 312
399 309
408 305
418 299
427 293
435 288
442 281
451 273
458 266
465 257
472 249
478 241
485 233
492 225
499 217
505 208
377 174
371 180
365 185
362 192
363 200
366 208
375 209
382 212
389 217
396 220
404 223
412 224
420 222
423 215
423 207
422 199
420 190
328 235
335 232
342 234
349 235
356 235
363 235
370 237
376 240
383 243
389 246
395 249
401 253
407 258
411 264
413 270
406 271
399 272
392 273
384 274
377 273
370 272
363 270
357 267
351 264
346 258
341 252
337 247
332 241
329 234
335 236
341 238
347 240
352 242
358 244
364 246
369 249
375 251
381 253
386 254
392 256
398 259
403 261
408 264
403 263
397 261
391 260
385 258
379 256
373 255
367 253
362 251
357 247
351 244
346 242
340 240
335 238
444 154
450 150
456 148
463 147
469 146
476 147
482 149
488 152
493 157
497 162
498 169
495 175
490 177
482 177
476 175
471 172
465 170
459 167
453 164
448 159
390 127
389 122
386 117
382 112
378 108
373 106
368 104
362 103
356 103
350 103
344 104
346 109
350 113
354 117
359 121
364 123
369 126
374 128
379 129
385 130
458 128
462 121
469 118
476 117
484 117
492 119
499 121
507 122
514 124
520 128
523 135
522 142
515 141
511 134
504 131
496 130
489 129
481 128
473 128
465 129
415 85
412 77
405 72
398 68
391 64
384 59
376 56
369 53
360 52
352 53
345 57
351 64
360 64
369 64
376 67
383 72
390 78
397 83
403 88
411 92
