523 666
524 687
525 713
527 737
531 760
538 783
547 806
555 827
566 850
578 870
593 890
608 908
622 927
639 946
657 960
676 973
696 988
715 1003
736 1012
761 1019
784 1023
808 1025
833 1030
855 1028
874 1012
890 997
908 979
918 959
929 935
936 914
949 892
961 873
977 855
989 835
1001 814
1013 791
1021 768
1031 747
1038 724
1043 700
1044 676
842 736
835 752
824 769
817 787
818 805
831 818
851 822
870 825
888 832
905 837
925 836
942 829
957 816
962 799
960 779
956 761
948 742
751 878
763 882
776 886
790 888
804 889
818 888
833 889
847 890
861 891
875 891
889 889
902 886
916 884
924 895
915 906
905 916
894 925
883 933
870 938
856 937
842 935
829 932
816 928
805 922
793 914
782 906
771 897
762 887
755 881
767 885
779 889
792 891
806 892
819 891
833 892
847 892
861 891
875 892
888 890
900 887
913 885
923 893
915 903
906 914
895 922
884 927
872 931
858 932
844 932
831 930
819 926
808 921
797 914
786 907
775 900
765 890
936 627
939 618
943 609
949 601
957 594
965 589
974 584
984 581
994 580
1004 581
1010 590
1011 600
1010 610
1005 619
996 624
987 627
977 628
967 627
956 627
946 628
809 630
802 621
793 612
783 607
772 605
760 605
749 608
739 612
729 619
720 626
711 633
719 641
729 648
738 653
749 656
762 656
773 654
783 649
793 644
803 639
953 569
956 559
966 553
975 547
984 542
994 536
1004 533
1015 531
1027 530
1039 530
1048 537
1044 547
1033 548
1022 547
1010 548
1000 551
991 557
981 562
972 568
962 574
849 570
837 563
823 559
809 555
794 552
779 552
764 555
750 558
736 562
722 565
709 573
723 579
737 576
751 573
767 572
782 572
797 574
812 577
826 580
841 582
