287 393
290 405
293 416
296 428
298 440
301 453
304 464
309 475
316 486
323 496
330 506
338 516
346 525
355 534
363 542
373 550
383 557
394 563
406 566
418 568
431 568
442 566
454 564
467 561
478 555
488 549
497 540
506 532
515 523
522 514
529 504
537 494
542 482
546 470
551 460
556 448
559 436
562 424
563 412
565 400
567 387
401 386
393 394
386 402
381 413
380 424
388 433
397 438
408 440
419 439
430 439
442 439
451 435
459 426
462 416
459 405
452 396
445 387
366 476
375 474
384 474
392 471
400 469
409 470
417 472
426 471
434 469
444 469
453 470
461 472
470 473
478 475
470 479
465 486
459 493
452 497
444 500
436 502
427 503
418 503
409 504
400 503
392 500
384 496
378 489
373 482
372 477
378 476
385 477
392 477
398 478
405 479
411 480
418 480
424 479
431 479
437 478
444 478
451 477
457 477
461 478
455 480
449 481
443 482
436 482
429 483
423 483
416 484
409 484
403 484
396 483
390 482
384 481
377 480
466 325
470 323
475 321
479 320
484 320
489 320
494 321
498 322
502 324
506 326
510 329
506 331
501 332
497 333
492 333
487 333
482 332
477 332
472 331
468 329
376 331
371 328
367 327
362 325
357 324
352 324
347 325
342 326
338 328
333 330
329 334
334 334
339 335
344 336
349 336
355 337
360 336
365 336
370 336
375 335
449 301
456 296
464 293
472 291
480 290
489 290
498 291
507 291
515 293
522 297
527 304
519 306
510 305
502 304
493 305
484 305
475 305
467 306
460 309
451 309
384 305
377 302
370 300
362 299
354 297
347 295
339 295
331 296
324 298
317 302
312 308
320 309
327 311
335 311
343 311
352 311
360 311
368 312
376 313
384 312
