297 415
298 427
301 440
303 453
306 464
310 477
315 489
320 501
326 512
334 522
342 532
349 542
358 551
369 560
379 566
391 573
402 576
415 579
427 581
441 584
453 585
466 586
478 587
492 587
504 585
516 580
526 573
539 567
550 561
559 552
568 542
574 532
578 519
583 508
588 496
592 483
594 471
596 458
596 445
597 433
596 419
428 404
421 411
415 420
412 432
413 442
421 449
432 449
444 451
455 452
467 451
477 452
489 452
500 449
504 439
502 428
498 418
492 408
393 492
401 487
411 485
420 483
430 481
440 481
450 482
460 484
470 482
480 481
490 481
500 483
509 486
517 490
514 499
507 507
501 514
492 520
483 523
473 524
463 524
453 524
442 523
433 520
425 516
417 510
409 503
401 496
398 492
406 494
414 495
422 496
430 496
439 496
447 497
456 497
464 497
473 497
482 497
490 496
498 495
507 495
515 494
506 495
498 496
490 497
482 497
473 497
464 498
456 498
447 498
438 498
430 497
422 497
413 495
405 494
496 364
501 361
506 358
510 355
516 353
521 352
527 351
533 352
539 353
544 354
549 358
548 363
542 364
536 363
530 365
525 365
519 365
513 364
508 362
502 364
415 362
410 358
405 357
399 356
393 355
387 355
382 355
376 356
370 357
365 359
360 361
365 364
371 365
376 366
382 367
388 367
394 367
399 367
405 366
411 366
478 336
485 328
494 323
504 320
514 317
524 315
534 313
545 312
555 313
565 317
574 322
570 332
561 337
551 334
541 332
530 332
519 333
509 335
499 338
488 338
434 339
431 328
421 322
409 318
397 315
385 314
372 313
359 314
348 318
338 327
331 338
326 348
338 345
349 340
360 336
372 333
384 331
397 333
409 335
421 338
