1030 1342
1037 1381
1047 1421
1057 1461
1068 1497
1081 1538
1093 1576
1112 1612
1133 1646
1162 1680
1192 1707
1223 1734
1252 1761
1285 1784
1321 1806
1356 1823
1396 1836
1437 1844
1476 1850
1516 1853
1560 1854
1597 1849
1638 1841
1677 1830
1716 1817
1753 1802
1793 1783
1826 1762
1859 1737
1889 1710
1917 1680
1941 1647
1964 1613
1983 1577
1998 1539
2009 1499
2020 1459
2029 1418
2034 1378
2037 1337
2039 1296
1363 1308
1347 1337
1332 1368
1322 1400
1327 1435
1354 1454
1387 1458
1421 1462
1453 1464
1490 1460
1522 1458
1558 1454
1581 1430
1576 1398
1558 1370
1539 1342
1517 1313
1323 1617
1343 1608
1363 1599
1383 1589
1404 1580
1427 1577
1451 1578
1475 1577
1499 1577
1522 1583
1544 1588
1564 1596
1585 1605
1605 1613
1623 1631
1604 1643
1586 1659
1566 1669
1543 1672
1518 1672
1494 1671
1471 1669
1447 1671
1422 1671
1399 1667
1378 1661
1359 1648
1340 1633
1344 1620
1363 1620
1381 1616
1399 1614
1418 1612
1437 1611
1456 1612
1475 1611
1495 1612
1514 1612
1533 1612
1552 1613
1570 1616
1588 1620
1605 1625
1586 1624
1568 1621
1550 1618
1531 1617
1511 1616
1492 1616
1473 1614
1455 1612
1436 1613
1417 1615
1398 1616
1380 1619
1362 1622
1585 1161
1591 1138
1604 1118
1620 1099
1640 1085
1662 1078
1687 1077
1710 1083
1731 1093
1751 1105
1771 1118
1782 1139
1765 1157
1746 1171
1724 1180
1701 1184
1676 1186
1651 1185
1627 1182
1604 1175
1318 1157
1305 1138
1287 1122
1267 1110
1247 1101
1224 1097
1200 1099
1179 1107
1160 1118
1142 1134
1124 1150
1137 1169
1155 1185
1175 1195
1198 1200
1222 1201
1246 1200
1268 1195
1290 1188
1310 1177
1566 1015
1581 985
1611 968
1646 963
1683 962
1720 961
1756 963
1791 968
1823 979
1854 994
1883 1013
1862 1030
1827 1025
1793 1018
1758 1013
1722 1012
1687 1018
1655 1029
1623 1039
1589 1043
1297 1075
1287 1046
1264 1021
1237 1004
1209 991
1178 984
1145 988
1115 998
1085 1005
1056 1018
1031 1040
1017 1069
1048 1062
1078 1053
1109 1046
1141 1041
1175 1043
1205 1051
1235 1060
1265 1069
