578 1816
593 1885
622 1957
650 2020
685 2085
724 2148
768 2215
811 2270
865 2321
927 2362
992 2401
1059 2438
1130 2470
1194 2497
1266 2520
1341 2540
1414 2551
1486 2552
1558 2563
1632 2574
1707 2575
1786 2567
1858 2553
1924 2531
1995 2494
2052 2445
2094 2385
2125 2322
2145 2247
2149 2174
2142 2101
2130 2027
2120 1952
2120 1878
2118 1803
2113 1730
2113 1651
2112 1576
2110 1501
2101 1430
2079 1356
1455 1533
1450 1585
1433 1637
1434 1692
1469 1737
1522 1754
1572 1741
1626 1726
1682 1721
1738 1723
1790 1705
1828 1667
1858 1615
1889 1574
1880 1519
1836 1488
1795 1448
1371 2090
1414 2071
1459 2058
1507 2050
1554 2040
1601 2030
1648 2019
1692 2003
1736 1985
1779 1969
1823 1952
1865 1930
1905 1904
1947 1881
1981 1897
1969 1944
1936 1981
1897 2011
1856 2036
1813 2055
1769 2069
1722 2079
1673 2086
1624 2092
1574 2096
1523 2097
1472 2095
1421 2092
1417 2084
1458 2074
1500 2067
1541 2059
1582 2050
1621 2037
1660 2024
1699 2011
1738 1998
1779 1988
1820 1980
1858 1963
1894 1942
1928 1917
1963 1890
1930 1919
1895 1942
1858 1963
1821 1980
1779 1989
1739 1999
1701 2014
1662 2027
1623 2039
1582 2050
1542 2061
1500 2069
1459 2076
1643 1196
1662 1175
1679 1152
1697 1131
1718 1111
1740 1094
1763 1081
1788 1070
1813 1062
1842 1062
1864 1077
1864 1106
1845 1128
1822 1141
1797 1151
1773 1160
1747 1167
1721 1174
1694 1179
1668 1186
1205 1327
1180 1318
1153 1315
1125 1317
1100 1326
1075 1336
1051 1348
1028 1361
1006 1377
985 1396
964 1415
993 1415
1021 1414
1049 1411
1076 1407
1102 1400
1127 1391
1150 1379
1173 1364
1196 1349
1574 989
1592 947
1621 908
1659 876
1699 851
1741 831
1785 816
1835 813
1881 821
1909 858
1921 904
1931 950
1902 922
1856 914
1809 924
1767 943
1727 968
1688 997
1651 1030
1600 1029
1314 1124
1264 1069
1187 1064
1111 1070
1036 1080
962 1090
889 1105
826 1141
770 1197
731 1259
709 1328
725 1396
784 1348
838 1291
898 1245
962 1211
1034 1195
1112 1192
1190 1190
1266 1182
