480 727
485 745
492 764
498 784
499 802
504 823
507 841
513 859
523 877
536 893
550 905
566 918
582 929
598 940
614 951
630 963
648 972
666 977
687 980
706 980
726 977
745 972
763 964
780 954
795 944
811 932
827 918
841 905
855 891
870 877
883 863
894 847
901 829
907 810
912 791
916 771
921 752
926 733
930 715
931 695
930 674
638 700
634 716
620 729
610 746
614 765
627 776
647 779
666 778
686 780
703 778
723 772
740 767
756 756
759 736
752 720
736 709
730 691
603 851
617 849
629 842
640 833
652 827
666 824
681 825
695 824
710 822
724 821
739 822
753 824
767 827
780 831
780 844
769 853
758 863
746 870
734 875
720 878
706 881
693 883
678 884
664 883
650 880
638 874
626 867
614 859
608 853
621 853
633 852
646 853
659 854
672 853
684 852
697 851
709 849
721 847
733 844
745 841
757 839
769 836
780 835
768 838
756 840
744 843
733 845
720 847
709 850
697 853
684 854
671 854
658 854
645 854
632 854
620 855
735 614
739 606
746 599
753 593
760 587
768 583
776 579
785 578
795 579
804 581
812 585
814 593
806 599
799 604
791 608
782 611
773 613
764 614
754 614
745 614
611 625
604 619
597 614
589 611
581 609
572 608
564 609
556 613
549 617
542 621
536 628
544 632
551 636
559 638
568 639
577 639
586 639
595 638
603 636
611 633
713 546
722 529
738 519
754 509
772 501
790 497
810 497
829 501
846 510
862 522
875 537
868 546
852 534
835 524
817 519
797 520
779 526
762 535
746 546
730 555
599 549
592 536
580 529
567 526
553 525
538 523
524 524
511 529
499 536
488 545
481 557
479 571
492 570
503 561
515 555
529 553
544 552
559 553
573 555
587 555
