872 1061
891 1109
910 1161
929 1207
946 1259
965 1313
984 1359
1015 1408
1047 1448
1082 1489
1114 1531
1145 1574
1173 1620
1201 1670
1230 1715
1261 1756
1297 1795
1340 1830
1387 1858
1436 1876
1487 1890
1543 1886
1593 1871
1643 1848
1689 1817
1730 1782
1767 1743
1796 1703
1824 1654
1850 1606
1871 1557
1890 1508
1917 1464
1951 1421
1982 1373
2005 1326
2020 1277
2034 1223
2049 1172
2065 1123
2080 1066
1335 1113
1318 1165
1309 1224
1296 1285
1287 1344
1318 1392
1369 1427
1420 1451
1480 1459
1539 1446
1590 1414
1634 1374
1677 1332
1682 1275
1665 1218
1646 1160
1626 1101
1204 1512
1248 1505
1294 1510
1337 1519
1379 1532
1421 1544
1466 1551
1514 1551
1556 1539
1596 1524
1639 1513
1682 1502
1721 1483
1762 1470
1735 1503
1706 1539
1682 1577
1654 1613
1616 1634
1572 1643
1527 1648
1480 1651
1433 1649
1388 1642
1349 1623
1313 1594
1277 1565
1242 1534
1292 1532
1324 1539
1355 1550
1386 1561
1417 1570
1449 1578
1483 1583
1518 1580
1548 1566
1578 1555
1608 1542
1638 1528
1667 1513
1697 1498
1726 1483
1698 1497
1668 1510
1639 1524
1609 1537
1578 1550
1549 1564
1518 1575
1485 1580
1450 1578
1418 1569
1387 1558
1356 1547
1326 1534
1645 878
1659 852
1679 828
1702 808
1728 794
1755 783
1784 776
1815 774
1846 776
1875 783
1900 799
1905 829
1884 853
1858 867
1831 877
1802 884
1770 885
1739 884
1709 880
1677 880
1285 884
1266 860
1241 842
1215 829
1187 820
1158 814
1126 813
1095 816
1067 824
1041 838
1018 859
1030 886
1054 907
1081 917
1111 920
1142 917
1172 913
1201 907
1231 901
1262 899
1551 814
1577 764
1625 732
1678 714
1730 693
1780 667
1832 645
1888 632
1949 632
2003 648
2049 686
2052 746
1997 760
1944 743
1885 738
1825 743
1767 750
1710 761
1655 775
1603 795
1316 818
1313 774
1264 753
1212 739
1160 725
1108 711
1057 697
1004 684
947 683
898 703
860 746
841 795
884 832
937 822
986 802
1039 789
1096 787
1152 792
1206 801
1259 814
