211 315
211 337
213 362
218 385
226 409
237 430
246 452
253 475
261 497
270 520
282 540
301 555
322 569
336 586
353 605
369 623
387 638
408 651
429 662
452 663
478 662
500 659
524 651
542 635
557 617
572 598
587 577
601 558
616 539
630 521
642 501
654 478
662 455
670 432
671 409
672 384
674 362
675 337
678 312
679 289
680 264
388 306
379 325
371 345
363 367
359 388
374 402
396 403
414 415
437 420
456 409
472 395
494 389
510 376
504 357
490 338
481 317
473 296
326 463
346 459
367 457
387 455
408 453
429 455
450 453
470 449
491 448
512 445
532 443
553 439
568 446
557 464
545 480
532 496
518 512
502 526
485 538
468 548
449 554
427 555
407 552
389 544
372 530
357 515
344 498
333 481
330 465
347 462
366 462
384 464
403 464
422 464
440 466
457 464
474 459
491 455
508 452
525 449
542 444
557 448
544 461
530 473
516 484
502 495
487 505
472 514
455 518
438 521
420 519
403 514
388 507
372 499
358 488
344 477
484 245
488 236
496 230
504 225
513 221
522 218
531 216
542 215
552 216
561 218
569 223
569 233
561 240
552 243
542 245
532 246
523 248
513 249
503 250
492 250
359 264
356 255
347 250
337 246
327 243
317 241
306 240
295 240
285 242
275 245
267 252
262 261
272 263
282 265
293 265
304 265
315 264
326 263
337 263
348 263
460 196
468 184
480 173
492 164
505 158
519 155
535 155
549 157
564 161
577 166
589 175
586 186
572 181
557 180
543 183
529 187
515 191
501 195
487 198
473 202
355 215
347 201
333 190
317 184
299 182
281 183
263 183
246 187
230 193
217 205
208 220
202 236
217 228
232 220
248 216
267 216
284 219
302 221
320 220
338 219
