1142 1141
1134 1196
1128 1249
1124 1305
1119 1357
1114 1413
1109 1469
1108 1524
1116 1578
1126 1630
1138 1686
1152 1742
1167 1790
1185 1844
1196 1901
1207 1952
1223 2006
1241 2058
1261 2108
1296 2153
1346 2178
1397 2191
1450 2193
1506 2189
1562 2178
1616 2162
1660 2135
1703 2101
1751 2069
1797 2040
1848 2012
1895 1982
1941 1952
1988 1923
2028 1891
2065 1850
2096 1806
2124 1755
2153 1708
2185 1662
2217 1615
1421 1688
1407 1716
1401 1750
1405 1781
1415 1814
1427 1845
1443 1874
1463 1900
1490 1921
1521 1925
1553 1913
1584 1899
1611 1883
1641 1867
1667 1845
1682 1815
1687 1782
1259 1874
1291 1883
1318 1905
1345 1926
1374 1942
1404 1955
1434 1966
1466 1975
1499 1981
1532 1987
1567 1992
1602 1991
1636 1987
1672 1986
1667 2009
1636 2020
1605 2029
1572 2036
1538 2040
1502 2039
1468 2035
1436 2028
1406 2013
1378 1994
1351 1973
1324 1952
1297 1930
1272 1904
1274 1888
1294 1912
1319 1928
1343 1950
1366 1970
1393 1984
1419 1997
1448 2003
1478 2009
1508 2014
1540 2014
1571 2011
1602 2008
1633 2004
1661 1997
1635 2004
1604 2007
1573 2010
1542 2013
1510 2014
1481 2009
1451 2003
1422 1997
1395 1985
1370 1968
1345 1950
1321 1929
1297 1910
1808 1510
1828 1497
1850 1486
1872 1477
1896 1472
1922 1471
1946 1475
1969 1484
1989 1497
2009 1512
2027 1531
2014 1551
1992 1561
1967 1564
1941 1564
1917 1558
1895 1550
1874 1538
1853 1527
1830 1519
1519 1393
1512 1371
1499 1352
1481 1335
1461 1321
1441 1309
1421 1299
1399 1290
1376 1286
1351 1286
1328 1290
1341 1309
1357 1328
1375 1345
1395 1358
1416 1367
1437 1375
1459 1383
1480 1393
1500 1403
1744 1450
1783 1432
1830 1429
1878 1428
1926 1430
1973 1432
2018 1438
2061 1450
2102 1464
2141 1484
2149 1522
2102 1524
2057 1518
2013 1508
1973 1492
1932 1476
1887 1470
1840 1473
1796 1482
1754 1493
1556 1364
1538 1329
1506 1302
1472 1279
1438 1257
1403 1235
1369 1213
1335 1191
1301 1169
1264 1153
1223 1159
1244 1193
1276 1223
1309 1248
1345 1265
1383 1277
1418 1297
1453 1317
1487 1338
1522 1360
