794 850
805 897
815 949
829 994
845 1043
859 1094
873 1142
888 1188
904 1240
919 1288
937 1334
960 1378
988 1422
1019 1460
1058 1498
1098 1528
1142 1548
1195 1557
1242 1556
1297 1551
1346 1548
1394 1542
1442 1525
1486 1496
1526 1464
1560 1431
1591 1392
1623 1347
1654 1308
1686 1269
1721 1232
1747 1191
1769 1144
1785 1095
1798 1045
1819 998
1837 950
1854 902
1861 853
1867 805
1859 751
1090 889
1074 921
1062 954
1064 992
1093 1014
1119 1044
1152 1056
1188 1052
1222 1033
1253 1012
1288 1003
1325 998
1356 979
1359 940
1349 905
1324 877
1293 855
1026 1151
1052 1136
1079 1125
1107 1116
1137 1111
1167 1117
1198 1119
1226 1110
1255 1104
1285 1098
1316 1096
1347 1098
1378 1100
1408 1105
1414 1134
1391 1157
1367 1175
1341 1190
1313 1199
1284 1207
1255 1212
1224 1215
1192 1216
1160 1216
1130 1211
1103 1199
1077 1185
1052 1167
1086 1140
1110 1138
1132 1143
1156 1146
1179 1149
1203 1149
1226 1146
1249 1142
1273 1141
1298 1142
1321 1140
1344 1135
1365 1129
1386 1121
1405 1109
1387 1124
1365 1130
1344 1137
1322 1142
1299 1145
1274 1145
1250 1146
1227 1149
1204 1152
1180 1149
1156 1148
1133 1146
1110 1142
1343 707
1354 693
1369 683
1384 675
1400 669
1417 664
1435 660
1453 659
1471 661
1487 666
1503 673
1504 689
1487 693
1470 698
1453 702
1436 706
1418 708
1399 710
1381 708
1362 708
1068 726
1054 719
1040 712
1025 707
1009 704
993 702
977 704
963 710
949 717
936 729
925 741
941 744
956 747
972 750
989 751
1005 750
1021 747
1037 743
1052 740
1068 736
1270 636
1288 611
1314 600
1343 593
1374 590
1406 590
1435 584
1462 574
1492 569
1523 570
1548 588
1529 612
1501 620
1471 623
1439 624
1408 626
1379 632
1351 640
1324 650
1294 655
1108 647
1083 629
1054 621
1024 618
991 618
961 621
931 626
901 631
874 642
850 661
831 685
860 691
892 689
921 682
950 677
982 675
1014 675
1044 678
1075 681
1105 677
