315 475
314 489
312 504
312 519
313 532
315 547
318 561
324 575
331 588
339 599
349 610
360 621
370 630
380 642
387 655
395 667
404 677
417 686
431 691
444 692
459 695
472 699
487 702
501 701
516 695
528 687
539 678
551 671
564 665
577 657
589 649
600 639
610 628
619 618
629 607
638 595
645 582
651 569
655 555
658 541
661 525
445 483
437 494
429 506
421 516
422 529
432 540
446 541
460 542
473 544
487 547
501 551
515 547
522 536
519 522
508 514
504 501
502 487
389 572
401 574
412 577
425 577
437 578
449 579
460 583
472 582
484 583
495 585
507 588
518 591
530 592
542 593
536 602
525 607
515 612
504 616
493 618
481 619
468 619
456 618
445 616
434 613
424 607
414 600
405 591
397 582
405 580
414 582
422 585
430 587
439 590
448 591
456 594
465 595
474 596
483 596
493 597
502 597
511 597
520 596
529 597
520 598
511 598
502 598
492 598
483 597
474 597
464 596
456 595
447 593
439 590
430 588
421 586
413 584
533 433
539 428
546 424
553 421
561 419
570 420
578 421
585 423
592 428
598 433
600 441
595 447
588 451
580 452
572 453
564 452
556 450
549 448
541 445
534 441
437 421
433 414
428 409
422 403
416 400
409 397
401 397
393 398
386 399
379 401
374 407
378 413
383 419
389 423
396 426
403 428
411 428
419 429
427 429
434 428
548 386
553 379
561 376
570 376
579 377
588 378
597 380
605 382
613 386
620 391
627 397
622 400
614 397
606 394
596 393
587 393
578 394
569 395
560 396
552 394
430 371
426 363
418 358
409 356
399 355
389 354
379 353
369 352
360 354
351 358
343 361
351 365
361 364
371 363
380 365
389 368
398 371
407 374
416 378
425 379
