781 566
790 597
802 629
815 661
829 693
843 727
857 758
872 788
888 819
905 849
919 878
930 912
942 945
957 977
966 1008
982 1039
1012 1053
1046 1067
1079 1075
1112 1077
1148 1070
1179 1056
1207 1034
1234 1013
1262 992
1288 974
1315 953
1341 930
1365 905
1390 879
1412 854
1435 825
1453 799
1471 767
1482 735
1490 701
1498 669
1505 636
1509 599
1510 566
1507 529
956 637
954 663
942 686
933 713
940 740
956 763
978 780
1004 782
1031 772
1055 760
1084 754
1106 738
1115 714
1113 686
1100 660
1086 638
1075 610
948 836
967 837
984 841
1003 840
1021 843
1039 845
1055 838
1072 841
1090 844
1108 845
1127 845
1145 843
1164 843
1177 850
1162 857
1146 864
1130 870
1114 878
1098 886
1083 893
1065 897
1047 898
1028 897
1011 894
994 888
980 879
966 866
955 852
954 848
970 849
985 849
1001 848
1017 848
1033 848
1049 849
1065 849
1081 850
1097 850
1113 849
1129 848
1144 846
1160 846
1166 852
1151 855
1136 857
1121 860
1106 862
1091 865
1075 865
1059 866
1043 865
1027 865
1012 863
997 861
981 859
967 856
1134 493
1146 485
1161 485
1175 488
1188 492
1202 494
1218 495
1232 493
1247 492
1261 494
1265 506
1253 514
1240 519
1226 522
1212 523
1197 521
1184 517
1171 512
1159 504
1147 496
929 485
923 477
912 474
901 472
890 470
879 469
868 469
856 469
845 471
835 475
827 484
834 493
844 499
855 500
866 501
878 502
889 501
900 499
910 496
920 492
1045 391
1060 362
1093 355
1127 352
1162 351
1198 350
1233 351
1268 353
1302 358
1333 367
1360 386
1337 397
1305 390
1271 386
1236 387
1203 393
1170 399
1138 406
1104 412
1071 415
930 376
919 361
904 349
888 339
872 332
854 328
836 323
818 320
798 319
781 324
766 337
776 353
794 356
814 356
832 361
848 367
865 373
883 379
900 384
918 388
