521 699
525 719
529 740
535 761
542 781
552 800
566 816
579 831
593 848
605 866
620 881
637 893
658 903
676 913
692 928
710 939
729 948
751 950
772 949
793 950
814 951
835 949
856 944
876 934
893 920
907 905
920 889
934 870
943 852
958 836
972 822
985 804
995 786
1005 765
1013 747
1024 726
1026 706
1027 684
1030 664
1035 642
1039 620
734 689
720 702
713 719
723 737
739 747
757 756
773 766
791 776
809 781
828 778
844 768
861 755
872 741
885 724
890 707
883 688
868 674
653 781
674 785
696 788
718 790
740 793
762 796
785 795
808 797
830 793
851 788
871 782
891 773
911 766
932 761
925 778
908 793
890 806
872 818
852 827
832 834
811 839
790 842
766 842
745 837
726 828
707 818
688 807
670 795
696 800
710 806
727 808
744 809
761 810
778 812
795 810
811 807
828 804
844 801
859 797
875 792
890 785
904 777
915 772
901 782
887 789
873 797
858 804
843 809
827 812
810 815
794 817
776 816
760 815
743 813
726 810
710 807
866 574
874 569
882 564
891 561
901 559
910 557
920 556
931 557
941 557
950 559
959 562
954 568
945 570
935 571
925 572
915 574
905 575
895 575
885 576
875 577
714 593
704 589
694 586
683 585
672 586
661 587
649 588
638 588
627 590
617 593
608 598
618 600
629 602
641 602
651 600
662 598
673 596
684 596
695 598
706 598
818 561
831 550
847 546
862 541
877 535
892 529
906 523
923 520
940 521
957 523
972 527
965 537
948 538
931 539
914 541
898 543
881 546
866 550
851 556
836 561
720 551
706 547
689 548
673 546
657 545
641 544
625 545
609 547
594 549
579 552
565 560
582 560
598 561
614 562
630 560
647 560
663 561
679 561
696 561
712 560
