313 338
316 349
319 361
323 373
327 386
331 397
336 409
341 419
348 431
354 440
362 451
369 462
376 471
384 482
392 490
401 500
410 508
419 516
430 521
443 524
455 525
467 523
479 519
491 513
501 506
511 498
520 491
530 482
538 473
546 463
553 453
559 442
565 431
570 420
574 408
577 396
580 383
583 372
586 360
587 348
588 334
398 324
396 331
392 340
391 349
395 357
402 362
410 365
418 367
427 368
436 367
444 364
452 359
457 352
458 343
456 334
452 327
447 319
387 402
390 393
398 387
408 385
418 386
428 387
438 386
448 388
457 390
465 395
473 400
481 407
485 416
484 426
480 434
473 442
466 450
458 454
449 457
439 458
428 458
418 457
409 455
401 448
397 439
394 430
393 420
391 411
395 396
401 391
409 390
416 392
424 393
432 392
439 391
447 392
454 394
461 397
467 402
473 407
478 413
475 420
469 425
463 431
457 436
451 439
443 441
435 441
428 440
420 439
414 435
408 431
402 425
399 418
398 411
397 403
464 281
468 276
473 272
478 269
484 267
490 266
497 266
503 267
509 268
515 270
520 273
518 279
513 282
507 284
501 285
495 285
488 285
482 284
476 283
470 283
394 279
390 275
385 272
380 270
374 268
368 268
361 268
355 269
350 271
345 274
341 279
346 283
351 286
357 288
363 289
369 289
375 288
381 288
387 286
393 285
454 255
457 244
466 236
477 232
489 231
501 230
513 230
526 230
537 231
547 237
555 246
556 255
546 249
536 246
524 245
511 245
499 246
488 248
476 250
466 254
390 256
385 247
377 240
369 235
360 231
350 230
340 228
330 228
321 232
314 239
311 248
311 259
318 252
326 245
335 244
345 245
355 247
364 250
373 253
382 257
