368 496
374 505
381 515
389 525
398 534
407 542
417 548
427 554
439 559
451 564
462 567
473 571
484 575
497 578
508 580
520 583
533 585
544 587
556 588
569 588
581 585
592 580
603 574
614 569
623 562
631 553
635 541
638 529
641 518
645 506
649 495
653 483
657 471
660 459
662 448
663 435
664 424
666 412
668 399
668 388
668 375
545 404
539 412
535 423
533 432
536 443
546 448
557 449
567 445
578 444
589 443
599 439
609 436
615 426
615 416
608 407
601 398
596 388
531 509
538 503
545 497
552 492
559 485
565 478
573 473
581 470
590 469
598 464
606 462
614 465
622 471
629 478
629 487
628 497
627 505
624 514
617 519
608 522
600 524
591 525
581 524
573 522
564 519
556 517
547 516
538 513
547 505
552 502
557 499
563 496
567 492
572 489
578 486
583 483
588 481
594 480
600 479
607 480
613 480
619 481
625 483
622 488
619 493
614 496
608 498
602 499
596 500
591 501
585 503
578 503
572 503
566 504
560 504
554 505
594 331
596 327
599 322
602 318
605 315
609 312
613 309
618 308
623 307
628 307
631 310
631 315
629 319
626 323
622 325
617 327
613 328
609 330
604 332
599 331
499 354
496 349
492 345
487 342
482 341
476 342
471 343
466 345
461 348
456 351
452 356
456 360
460 363
465 365
471 366
477 366
483 366
488 364
493 363
498 360
574 310
578 303
584 297
590 291
597 286
603 280
609 274
614 267
619 260
624 254
630 257
626 264
620 270
615 277
610 283
604 290
598 296
592 303
587 309
581 315
520 319
513 313
504 311
495 309
486 306
478 304
469 302
459 301
450 300
441 302
434 308
444 308
453 309
462 311
471 313
479 317
487 320
496 322
505 325
514 326
