606 787
611 816
615 845
618 874
620 905
623 936
628 966
637 995
646 1022
659 1049
675 1075
692 1099
712 1124
730 1147
751 1170
773 1189
801 1204
829 1211
858 1212
888 1211
920 1209
947 1203
975 1188
1001 1172
1029 1158
1055 1147
1081 1132
1102 1111
1126 1091
1146 1069
1164 1044
1176 1015
1184 989
1192 959
1198 929
1202 898
1205 870
1207 840
1209 809
1210 778
1209 747
785 784
774 807
764 830
759 853
769 877
792 877
812 895
833 905
857 900
878 885
899 871
924 869
947 859
950 835
942 813
923 796
911 773
740 961
762 957
783 953
807 953
830 954
853 953
876 954
896 948
918 944
941 944
964 943
988 943
1011 943
1005 964
992 982
976 999
959 1014
941 1026
922 1036
902 1043
880 1047
858 1049
835 1048
816 1039
797 1028
779 1015
763 998
750 980
752 966
771 968
790 968
809 968
829 968
848 967
867 966
885 964
902 959
920 955
938 953
957 952
975 949
994 949
986 963
971 972
955 980
939 986
922 992
905 996
888 1001
870 1004
851 1005
833 1003
815 999
798 994
782 986
767 976
935 700
942 691
951 682
960 676
970 671
981 667
992 665
1004 665
1015 668
1025 673
1035 680
1037 691
1027 696
1016 700
1006 703
994 706
982 706
970 705
958 704
947 702
777 699
768 694
760 687
751 682
741 679
731 677
721 679
711 683
702 687
693 693
685 701
695 704
704 708
714 711
724 712
735 713
746 712
756 710
767 709
777 710
909 638
913 619
932 614
952 611
972 608
992 607
1013 606
1035 607
1055 609
1074 614
1090 625
1087 643
1067 645
1047 642
1026 641
1005 643
985 644
966 648
946 651
925 651
781 652
778 635
763 627
746 622
729 619
711 621
694 624
676 626
658 629
644 638
634 652
631 670
646 678
660 668
675 660
693 658
712 658
730 659
748 661
766 660
