389 499
391 515
392 532
393 550
394 567
395 585
400 601
407 617
415 632
425 647
435 660
447 674
458 687
469 699
482 711
495 722
509 732
525 740
542 747
558 751
575 755
592 760
608 759
626 755
641 747
656 738
669 726
682 715
693 701
705 690
717 676
729 665
739 650
744 634
750 616
753 600
755 583
756 566
755 549
756 531
758 513
567 499
557 508
548 518
546 533
548 546
555 558
566 565
580 570
594 573
608 574
621 570
634 566
643 555
646 541
643 528
638 515
630 503
509 609
521 603
534 601
548 599
561 602
574 605
586 609
598 612
612 611
625 608
639 607
652 609
664 615
673 626
666 637
657 647
647 656
635 662
623 667
609 667
596 666
583 663
571 659
559 653
548 647
537 639
526 630
517 620
516 607
526 603
536 607
547 608
558 610
568 613
579 616
589 618
601 619
612 617
622 615
634 614
645 613
656 616
658 626
649 631
639 635
629 638
618 640
607 641
595 641
584 640
573 638
563 635
553 631
543 626
534 621
524 615
638 437
644 433
649 430
655 427
661 425
667 425
674 425
681 425
687 426
693 428
698 432
695 437
689 440
683 441
677 442
670 442
663 442
657 441
650 440
644 438
549 433
543 430
536 428
530 426
523 425
516 424
509 424
502 425
495 426
489 429
483 433
489 438
495 441
502 441
509 440
516 439
523 438
530 438
537 437
544 436
624 412
630 400
642 394
655 390
670 388
684 389
698 388
712 390
725 394
737 402
743 415
744 428
731 426
718 420
706 415
692 412
678 410
664 410
650 413
637 417
551 397
539 391
525 388
510 388
496 390
482 391
468 392
455 394
443 400
432 411
426 423
440 421
453 417
466 414
480 413
494 411
508 409
522 410
536 413
549 410
