365 500
368 516
371 530
374 545
377 560
381 575
387 590
394 605
401 618
410 630
419 643
429 655
438 668
447 682
456 693
468 705
481 712
496 714
512 713
527 710
543 707
558 702
573 696
586 689
598 680
611 671
623 661
636 652
646 640
655 627
662 612
668 599
675 584
680 570
684 555
689 539
693 524
697 509
702 494
708 480
713 465
476 478
469 490
463 501
457 514
457 528
466 539
478 542
491 548
506 549
518 546
531 540
544 536
551 525
548 513
539 501
533 489
527 475
437 574
449 571
461 569
474 568
488 568
500 570
513 571
527 571
539 569
553 569
566 569
578 572
588 579
580 589
572 599
564 609
555 619
545 627
534 633
521 635
508 636
495 635
484 631
473 625
463 617
455 607
450 596
443 585
444 574
455 576
465 579
476 581
487 581
498 584
508 586
519 585
530 582
541 581
552 581
563 579
573 576
585 576
577 584
568 592
559 597
550 603
540 608
529 609
518 610
507 611
496 609
485 606
475 603
466 598
457 592
449 584
565 417
568 412
572 408
578 406
584 405
590 404
596 404
602 404
608 405
613 408
617 413
616 419
611 422
605 424
599 424
593 424
587 425
580 425
574 425
569 422
447 421
443 417
438 414
433 412
428 411
422 410
416 410
411 411
406 413
401 416
399 421
402 426
406 429
412 430
417 430
423 430
429 430
435 429
440 428
445 426
521 390
530 380
541 374
553 368
565 364
577 361
591 360
604 360
618 362
630 365
641 372
639 383
626 383
612 382
598 382
585 384
572 386
559 389
547 392
533 394
456 384
447 378
438 375
429 373
418 373
408 372
398 373
388 375
379 379
371 385
367 393
377 394
385 389
394 386
404 386
415 386
425 387
434 390
444 392
454 392
