656 796
656 822
654 848
649 876
647 903
648 931
650 957
659 985
672 1008
685 1032
698 1055
711 1079
725 1104
739 1128
755 1149
773 1170
789 1193
808 1212
827 1229
851 1244
877 1254
903 1254
929 1251
957 1243
981 1230
1004 1214
1023 1198
1044 1178
1062 1160
1083 1139
1101 1120
1121 1101
1140 1082
1157 1061
1173 1040
1186 1016
1198 989
1208 965
1218 940
1227 914
1231 885
921 816
910 839
893 861
878 884
877 908
889 931
910 948
932 963
959 971
986 976
1012 971
1034 958
1052 940
1052 913
1045 887
1037 861
1031 833
772 978
799 974
827 975
856 976
882 981
907 989
932 996
958 1002
986 1002
1015 1001
1043 1002
1070 1006
1093 1019
1079 1042
1061 1063
1041 1084
1020 1101
997 1115
973 1123
945 1126
918 1124
892 1117
868 1106
847 1090
826 1069
809 1048
794 1025
782 1002
809 985
830 983
849 987
868 991
886 997
904 1003
924 1008
942 1013
963 1014
984 1014
1005 1013
1025 1011
1046 1010
1051 1027
1038 1043
1023 1058
1006 1068
988 1074
967 1075
946 1076
925 1077
904 1077
885 1072
868 1063
852 1052
836 1037
825 1020
816 1003
1044 778
1050 767
1060 760
1070 754
1081 750
1093 747
1106 746
1118 748
1130 751
1140 757
1150 765
1152 776
1141 781
1129 783
1118 786
1105 788
1092 787
1080 786
1068 784
1056 782
902 743
895 732
886 722
875 715
864 711
852 708
839 706
826 706
814 709
802 715
792 722
800 733
811 740
821 746
833 751
845 754
858 754
871 753
884 753
898 754
1063 708
1077 697
1092 692
1109 689
1127 687
1145 687
1163 687
1181 688
1198 691
1213 699
1225 712
1216 718
1201 710
1184 706
1166 707
1149 709
1131 710
1113 711
1096 714
1078 715
920 682
903 668
885 659
866 651
847 645
827 640
806 637
783 637
762 639
743 646
727 661
748 659
769 655
790 652
812 653
832 659
851 667
869 675
888 683
907 689
