1085 1392
1091 1432
1095 1481
1097 1526
1106 1571
1120 1614
1136 1656
1160 1695
1182 1730
1209 1767
1238 1802
1268 1836
1299 1869
1331 1904
1362 1934
1398 1963
1436 1987
1477 2009
1519 2030
1559 2042
1603 2046
1647 2037
1689 2018
1725 1990
1758 1960
1789 1923
1818 1888
1845 1855
1874 1816
1897 1781
1924 1742
1948 1707
1975 1668
1996 1629
2012 1588
2025 1542
2033 1500
2042 1455
2051 1409
2052 1366
2057 1317
1534 1295
1516 1332
1493 1370
1471 1409
1472 1451
1501 1485
1541 1473
1586 1474
1619 1502
1658 1519
1691 1492
1724 1464
1768 1463
1776 1424
1759 1382
1737 1343
1715 1304
1336 1607
1376 1590
1421 1584
1467 1580
1514 1577
1562 1576
1607 1581
1655 1579
1698 1569
1741 1560
1786 1553
1833 1551
1872 1568
1851 1606
1832 1646
1809 1684
1782 1720
1750 1755
1711 1776
1670 1789
1625 1797
1577 1797
1536 1784
1496 1765
1459 1741
1423 1712
1389 1680
1356 1646
1373 1603
1409 1599
1446 1600
1482 1604
1517 1608
1553 1613
1589 1617
1626 1617
1663 1614
1698 1608
1731 1599
1763 1587
1795 1575
1812 1590
1794 1620
1778 1651
1754 1677
1724 1695
1692 1706
1658 1715
1623 1720
1585 1719
1550 1714
1516 1706
1484 1693
1455 1675
1426 1653
1401 1626
1723 1169
1731 1154
1744 1141
1759 1132
1774 1124
1789 1118
1806 1115
1825 1115
1843 1116
1859 1121
1873 1130
1871 1147
1857 1156
1842 1164
1826 1169
1809 1173
1792 1176
1774 1178
1756 1178
1739 1175
1466 1178
1451 1165
1434 1156
1416 1149
1397 1146
1376 1146
1356 1149
1337 1153
1319 1158
1302 1166
1286 1178
1302 1190
1319 1198
1338 1203
1357 1206
1378 1206
1398 1203
1417 1200
1436 1196
1455 1193
1711 1066
1729 1041
1753 1023
1778 1007
1805 996
1834 988
1864 985
1895 983
1927 985
1956 991
1982 1005
1980 1032
1948 1032
1916 1032
1886 1035
1856 1041
1828 1049
1800 1056
1771 1063
1741 1069
1506 1070
1480 1055
1453 1046
1426 1037
1396 1032
1366 1028
1336 1025
1306 1022
1275 1025
1247 1033
1226 1056
1256 1060
1287 1059
1319 1058
1348 1064
1376 1070
1405 1076
1435 1082
1463 1088
1493 1092
