349 454
349 467
349 481
350 495
353 510
355 523
359 536
364 549
370 563
377 575
386 586
397 595
408 604
418 614
427 624
437 635
448 644
459 651
472 658
485 662
499 663
513 661
527 656
539 649
551 641
562 632
573 623
583 614
593 604
601 594
611 582
620 571
628 560
634 547
640 535
644 521
647 507
649 494
649 479
649 465
652 450
485 437
480 447
473 458
467 468
462 480
469 489
481 492
492 493
505 494
516 497
529 498
541 495
549 487
550 475
546 464
541 453
536 441
431 528
441 522
452 520
464 518
476 518
487 519
498 522
510 523
522 521
534 522
545 524
556 527
566 531
573 540
566 549
558 558
549 566
539 571
528 574
516 576
504 576
492 575
481 573
470 569
461 563
451 556
443 547
436 538
437 528
447 528
457 529
467 530
478 530
487 533
496 535
506 537
516 536
526 534
537 534
547 535
558 535
568 535
564 544
556 548
546 550
537 553
528 556
518 557
508 557
497 557
487 556
478 554
468 551
460 547
451 542
443 536
559 390
563 387
568 384
572 381
578 380
583 380
589 380
594 380
599 382
604 385
606 389
603 394
598 396
593 398
588 399
582 399
577 398
571 398
566 397
561 394
454 387
449 384
445 381
440 379
434 378
429 377
423 376
417 376
412 377
407 380
405 385
409 388
414 391
419 392
425 393
430 394
436 394
442 393
448 393
453 392
536 351
544 345
553 339
562 335
572 333
582 334
593 335
603 337
613 340
622 344
630 351
627 359
617 357
607 354
597 352
587 351
576 352
566 353
556 355
545 354
471 347
464 340
456 335
448 333
438 333
428 334
419 334
409 336
401 339
393 344
386 350
395 352
404 351
414 350
423 349
433 348
442 350
451 353
459 355
469 355
