591 1017
596 1055
602 1096
612 1138
622 1177
634 1220
647 1257
657 1300
664 1339
674 1377
692 1416
714 1453
731 1490
749 1528
769 1565
793 1599
824 1626
859 1647
897 1663
941 1664
980 1654
1017 1636
1054 1614
1087 1594
1123 1571
1159 1549
1193 1525
1227 1500
1260 1474
1293 1448
1321 1417
1338 1381
1354 1345
1371 1304
1386 1264
1398 1224
1408 1184
1416 1146
1423 1102
1427 1063
1431 1019
875 1190
862 1215
845 1245
825 1268
824 1298
841 1323
857 1349
883 1367
911 1369
937 1350
969 1342
1000 1337
1017 1313
1019 1282
1009 1254
995 1227
983 1196
769 1385
793 1383
812 1395
832 1404
856 1405
878 1410
899 1417
922 1420
943 1425
965 1431
987 1435
1011 1436
1035 1436
1041 1456
1024 1473
1004 1484
984 1494
964 1501
942 1506
918 1507
896 1503
874 1497
854 1489
835 1476
818 1459
807 1440
798 1419
787 1400
792 1393
808 1401
823 1410
838 1419
854 1427
869 1434
885 1440
903 1443
920 1448
937 1451
956 1451
975 1450
993 1449
1011 1447
1028 1446
1010 1447
993 1451
975 1454
956 1453
938 1451
920 1449
903 1445
886 1440
868 1438
852 1430
838 1420
823 1410
807 1402
1078 1075
1093 1087
1108 1099
1124 1107
1141 1113
1159 1116
1177 1119
1196 1122
1215 1122
1232 1116
1247 1104
1234 1110
1217 1116
1198 1118
1179 1116
1159 1116
1141 1113
1124 1106
1108 1097
1093 1086
842 1033
829 1032
811 1033
794 1034
777 1034
760 1033
743 1031
728 1027
713 1020
700 1010
686 1001
699 1013
712 1023
726 1031
741 1036
757 1039
775 1039
792 1038
809 1037
826 1036
1011 1021
1041 1015
1069 1005
1097 994
1127 990
1160 989
1191 985
1224 985
1253 992
1280 1005
1307 1017
1281 1027
1250 1024
1218 1020
1186 1019
1155 1015
1123 1017
1094 1025
1064 1031
1036 1040
845 955
829 935
810 918
789 904
766 893
743 885
719 879
694 875
668 877
645 885
623 896
647 901
673 905
697 910
721 917
743 926
766 936
788 948
809 960
832 971
