411 563
412 578
414 592
418 608
421 622
426 637
430 652
436 666
445 678
453 691
462 704
471 716
482 727
494 735
508 744
519 753
534 757
548 760
564 764
579 764
595 762
610 758
624 753
638 748
652 742
663 731
673 721
687 712
697 700
707 690
718 678
727 667
734 653
739 639
744 624
745 609
747 594
745 578
744 563
742 548
741 532
523 522
522 534
515 544
508 555
510 567
518 576
530 578
543 578
554 577
566 575
578 570
589 566
599 557
599 544
593 534
586 524
580 512
493 635
502 627
513 622
524 618
536 615
549 615
562 613
572 608
584 604
596 603
609 603
621 606
632 609
644 612
643 625
637 636
629 645
619 653
608 658
597 661
585 663
572 663
559 663
546 663
534 660
523 656
512 650
502 643
503 632
511 628
521 625
531 625
542 625
552 626
563 626
572 624
581 621
591 618
600 615
610 613
620 612
630 614
633 622
625 629
617 635
608 639
599 643
590 645
580 646
569 647
559 648
548 648
538 647
529 645
519 642
511 637
587 456
589 451
594 447
599 442
604 440
610 437
616 435
622 434
628 435
634 436
639 439
639 445
634 448
628 451
623 452
617 454
611 455
605 456
599 457
592 458
506 467
499 465
492 465
484 464
477 465
470 467
464 469
458 473
452 477
447 482
442 488
448 486
455 485
463 485
470 484
477 483
484 481
491 479
497 475
503 473
547 406
556 394
570 388
586 387
602 388
618 389
635 388
650 390
664 397
674 409
680 423
665 420
651 413
637 408
621 409
606 412
591 416
578 421
564 426
550 421
514 435
511 423
500 415
487 416
474 419
462 422
450 426
438 430
426 435
416 444
410 455
405 467
418 469
429 461
439 453
450 447
463 444
476 442
489 441
503 441
