1141 1149
1146 1200
1150 1251
1153 1304
1160 1359
1171 1411
1192 1460
1216 1508
1245 1553
1278 1595
1313 1636
1343 1675
1377 1717
1414 1758
1456 1794
1499 1822
1550 1838
1604 1848
1657 1853
1707 1847
1760 1833
1809 1822
1862 1805
1912 1786
1961 1765
2008 1740
2056 1715
2100 1690
2143 1654
2176 1614
2200 1564
2212 1514
2221 1463
2231 1407
2239 1356
2242 1303
2243 1248
2241 1199
2239 1144
2240 1087
2242 1034
1458 1050
1431 1088
1408 1131
1393 1179
1407 1224
1452 1238
1497 1255
1544 1279
1593 1271
1636 1251
1679 1227
1727 1213
1746 1167
1739 1123
1710 1080
1678 1042
1641 1008
1356 1369
1395 1360
1435 1356
1476 1351
1517 1353
1556 1360
1596 1355
1632 1340
1671 1333
1713 1331
1755 1331
1796 1334
1836 1340
1840 1379
1813 1410
1782 1438
1750 1463
1717 1486
1684 1508
1650 1527
1613 1539
1572 1540
1533 1533
1497 1517
1465 1493
1434 1464
1407 1433
1380 1402
1400 1382
1435 1382
1470 1382
1505 1381
1539 1384
1574 1384
1608 1380
1638 1371
1670 1364
1703 1360
1737 1358
1771 1355
1806 1354
1839 1357
1818 1382
1789 1395
1760 1408
1731 1421
1700 1431
1670 1442
1641 1454
1609 1461
1575 1463
1541 1461
1510 1452
1481 1439
1453 1423
1425 1406
1726 889
1741 874
1757 863
1774 854
1793 849
1813 846
1834 846
1855 848
1874 852
1892 859
1904 875
1891 890
1874 898
1855 902
1835 906
1815 908
1794 910
1774 911
1753 912
1735 907
1429 908
1414 896
1398 886
1381 878
1364 874
1344 873
1325 875
1307 879
1290 887
1275 898
1260 911
1276 922
1293 928
1311 932
1329 935
1350 935
1368 933
1387 929
1406 926
1425 925
1641 780
1675 753
1715 739
1758 734
1804 732
1848 728
1893 726
1937 731
1976 745
2010 774
2027 812
1990 831
1949 821
1909 809
1866 801
1820 801
1777 807
1736 816
1694 827
1651 821
1457 811
1435 785
1404 775
1371 768
1335 767
1301 771
1266 773
1230 774
1198 783
1171 804
1159 835
1176 863
1212 862
1241 845
1271 835
1306 832
1342 831
1378 831
1411 837
1445 842
