872 963
887 999
903 1033
920 1066
942 1102
963 1131
987 1162
1012 1195
1038 1222
1068 1248
1096 1271
1132 1287
1168 1303
1203 1318
1241 1335
1277 1350
1312 1364
1349 1379
1384 1390
1423 1397
1461 1394
1499 1388
1538 1381
1575 1366
1606 1341
1631 1314
1649 1282
1658 1242
1664 1205
1672 1166
1684 1130
1696 1093
1706 1053
1713 1015
1717 979
1719 938
1719 900
1717 862
1715 822
1708 784
1695 746
1369 901
1366 933
1357 963
1353 996
1366 1024
1394 1039
1427 1036
1461 1040
1487 1056
1520 1051
1543 1028
1552 1000
1569 969
1569 937
1553 911
1529 885
1509 859
1293 1163
1318 1151
1344 1142
1372 1135
1399 1129
1427 1122
1453 1112
1481 1107
1509 1102
1533 1087
1557 1071
1582 1057
1602 1078
1604 1108
1605 1137
1602 1167
1591 1192
1572 1214
1549 1232
1523 1245
1496 1252
1467 1255
1438 1253
1410 1247
1384 1237
1359 1223
1337 1205
1315 1184
1300 1161
1322 1154
1345 1149
1369 1145
1393 1141
1418 1139
1442 1136
1465 1131
1487 1125
1509 1117
1530 1105
1550 1092
1569 1076
1588 1062
1587 1085
1576 1106
1563 1126
1547 1145
1527 1160
1507 1171
1486 1180
1463 1187
1440 1191
1414 1190
1390 1187
1367 1182
1344 1178
1321 1171
1467 726
1467 709
1474 695
1484 682
1495 670
1508 659
1521 650
1535 644
1551 641
1567 642
1583 646
1590 660
1580 673
1569 686
1556 694
1541 701
1527 708
1513 714
1499 720
1484 725
1270 794
1255 788
1238 784
1220 783
1204 787
1188 793
1173 801
1159 810
1145 822
1133 835
1121 848
1139 847
1157 847
1175 845
1192 841
1207 836
1223 829
1238 821
1253 815
1269 810
1465 675
1469 653
1479 634
1491 616
1506 598
1522 581
1539 565
1555 547
1573 533
1592 525
1615 526
1622 545
1603 559
1585 570
1568 587
1553 604
1536 620
1518 633
1501 650
1484 666
1292 734
1264 719
1231 716
1198 717
1165 720
1133 725
1103 732
1074 743
1046 758
1021 778
996 799
1024 809
1051 791
1079 777
1109 770
1142 767
1175 765
1208 763
1240 759
1271 753
