182 375
186 393
189 410
192 428
195 445
202 462
211 479
222 494
234 507
247 521
259 535
268 549
280 564
291 578
302 592
314 606
325 619
340 631
357 639
375 644
392 647
411 645
428 639
443 630
456 619
468 605
479 590
489 575
500 560
512 546
523 532
536 517
548 504
560 490
570 475
579 461
588 444
593 427
598 409
601 392
603 372
376 397
364 409
350 422
345 439
357 451
373 461
390 467
408 472
423 479
441 474
456 462
473 457
489 448
492 430
484 414
474 400
464 383
290 486
310 489
331 491
352 491
373 492
393 497
411 503
430 498
449 492
470 490
490 487
509 482
522 491
511 507
498 524
485 540
472 556
457 571
440 581
421 587
401 589
380 588
362 581
345 570
332 554
319 538
306 521
296 504
299 494
315 497
329 502
344 507
358 511
373 515
389 518
404 521
421 521
437 519
452 515
466 510
481 505
495 498
488 503
475 512
463 523
452 535
439 544
424 549
409 552
392 552
377 548
364 539
351 530
338 521
325 512
312 503
475 327
482 319
490 313
498 307
507 302
516 299
527 299
538 299
548 300
558 302
566 308
563 317
554 324
546 329
536 331
526 333
516 334
505 334
494 333
484 332
343 318
334 310
325 303
315 299
305 296
294 298
283 300
273 303
263 308
253 313
244 317
253 322
263 326
273 329
284 331
296 332
307 331
318 330
330 329
341 327
460 264
464 249
477 238
491 231
505 225
520 221
536 218
552 217
569 218
584 223
596 234
595 250
578 248
565 241
548 243
534 249
520 254
505 260
491 265
475 268
383 245
367 233
348 227
329 224
308 222
287 222
267 224
247 227
228 231
210 239
195 254
216 254
236 252
257 249
277 249
298 250
317 254
336 259
356 263
376 262
