589 798
592 822
597 848
603 872
609 896
615 920
621 944
628 968
637 992
646 1015
655 1037
668 1059
684 1077
703 1094
726 1104
750 1113
773 1123
796 1133
819 1141
844 1146
869 1148
892 1147
919 1145
943 1141
967 1137
992 1130
1014 1117
1034 1101
1050 1086
1069 1067
1085 1049
1099 1029
1113 1007
1123 984
1132 960
1140 936
1148 914
1157 890
1165 866
1172 841
1175 816
850 746
840 758
834 774
831 790
837 804
854 809
869 811
887 814
902 819
919 817
936 817
952 816
969 812
979 800
981 784
974 768
965 753
793 928
803 911
813 893
829 880
846 870
865 864
886 863
907 861
927 859
949 860
967 867
983 879
995 896
1004 913
1006 934
998 952
987 969
973 985
957 997
939 1005
919 1010
899 1011
878 1009
859 1003
842 992
826 979
813 963
802 946
801 924
813 911
826 900
838 889
853 883
869 881
886 882
903 882
920 881
937 882
952 886
967 893
980 904
988 917
992 933
982 946
969 956
955 965
940 970
924 973
908 976
892 977
876 975
860 971
845 965
831 960
817 951
807 938
985 699
992 697
999 694
1006 691
1014 689
1022 688
1030 688
1038 690
1045 691
1052 694
1059 699
1057 705
1048 705
1040 705
1032 705
1024 704
1016 702
1009 700
1001 698
993 699
801 692
796 688
790 687
784 686
778 685
772 684
766 685
760 686
754 688
749 691
744 694
749 696
756 696
762 696
768 696
774 697
781 696
787 696
793 697
800 697
989 648
1004 634
1022 630
1043 630
1062 632
1081 636
1099 641
1116 649
1130 663
1138 681
1141 700
1138 714
1130 697
1117 683
1101 671
1084 664
1066 659
1047 655
1027 653
1007 652
824 625
807 618
787 617
766 617
746 619
727 622
709 628
692 637
677 650
664 665
653 681
673 680
690 673
707 665
725 658
744 654
763 651
783 650
803 648
822 643
