176 208
180 220
184 232
186 245
188 258
190 270
194 284
198 295
205 307
211 317
218 329
226 340
234 350
243 360
252 368
261 378
271 386
282 392
295 397
308 400
321 400
333 397
346 393
357 387
367 380
377 372
388 364
398 356
407 347
416 338
425 328
433 317
439 306
446 295
452 283
457 271
461 259
464 246
467 233
469 220
471 207
279 231
275 239
270 248
268 258
270 268
279 272
290 272
300 274
310 276
320 276
330 275
340 273
351 271
356 262
357 252
352 244
346 234
258 322
265 316
272 309
279 304
287 299
295 296
305 296
314 296
324 296
332 297
341 301
348 305
355 311
363 316
368 324
361 330
354 336
346 342
339 347
331 350
321 350
312 351
302 350
293 349
285 346
277 343
270 337
264 330
265 324
271 323
277 322
283 321
289 322
295 323
301 324
307 324
313 325
319 325
326 324
332 324
338 323
345 323
351 323
347 324
341 323
335 324
328 324
322 325
316 325
309 326
303 325
297 325
290 324
284 324
277 324
271 324
356 188
358 183
362 179
366 176
371 173
376 172
381 171
387 171
392 173
397 175
402 177
403 182
398 184
393 186
388 188
383 188
377 188
372 187
366 186
361 188
274 185
270 181
265 178
261 175
256 173
250 173
244 173
239 173
233 175
229 178
224 181
229 184
234 186
239 188
244 189
250 189
255 190
261 189
267 190
273 190
342 154
346 146
354 141
363 139
373 138
383 138
393 139
403 139
413 140
421 143
429 148
429 155
419 155
409 155
399 156
389 155
379 155
369 156
360 157
350 158
289 151
280 145
269 143
259 142
248 141
238 139
227 139
216 140
206 143
198 151
195 160
203 155
213 153
224 154
234 156
245 156
256 157
266 159
276 162
286 161
