622 820
623 851
625 885
627 919
630 953
632 986
635 1018
641 1052
648 1082
659 1114
672 1144
687 1176
701 1205
721 1234
751 1248
782 1260
812 1269
847 1277
880 1276
911 1271
946 1269
976 1254
1004 1242
1034 1227
1063 1209
1091 1188
1117 1170
1144 1148
1166 1124
1189 1102
1215 1080
1238 1056
1249 1026
1251 993
1251 959
1252 926
1250 892
1248 858
1245 825
1239 793
1231 758
760 793
750 811
740 830
735 853
740 874
759 884
781 885
802 882
824 878
847 873
869 870
890 866
910 855
916 836
907 817
890 801
875 783
724 983
737 962
758 950
779 938
802 931
828 929
854 928
879 930
905 931
930 934
954 940
976 951
996 966
992 990
980 1011
966 1032
949 1051
931 1070
910 1084
887 1090
861 1091
835 1093
809 1092
786 1085
766 1070
753 1049
742 1027
732 1005
743 979
760 970
778 963
797 958
817 955
837 953
858 953
879 952
900 953
921 952
942 954
961 958
979 966
983 984
968 1000
953 1013
936 1025
919 1034
901 1042
884 1049
864 1053
844 1054
824 1057
805 1052
788 1043
772 1029
761 1013
750 996
880 711
891 704
903 698
915 694
927 691
941 689
955 689
968 691
981 693
994 696
1006 700
1002 707
988 709
975 710
962 712
948 713
934 714
920 714
907 715
893 715
758 718
754 712
746 707
738 703
729 701
719 701
710 702
700 703
691 706
683 710
676 717
671 725
681 726
691 725
700 724
710 723
719 722
729 721
738 720
748 720
883 653
892 640
907 635
923 633
939 633
956 634
972 636
988 637
1005 639
1020 643
1032 654
1021 666
1006 671
990 670
975 665
959 662
942 663
927 665
911 667
895 665
782 678
775 664
763 653
751 644
737 638
722 635
707 634
691 634
676 639
664 648
655 660
648 674
664 676
679 673
694 672
710 673
726 674
741 677
755 681
770 685
