350 299
348 317
347 336
346 355
344 372
340 393
336 410
332 430
330 448
329 467
329 486
331 505
334 523
345 540
358 552
373 565
388 577
404 586
422 594
439 602
455 610
473 618
491 625
509 633
527 634
546 634
565 632
583 626
599 617
613 606
628 594
643 582
656 567
666 550
676 535
688 520
702 506
714 492
722 475
730 458
738 439
595 397
586 407
576 418
564 428
556 441
557 455
568 464
584 464
596 472
609 480
622 485
638 483
648 475
658 463
659 449
655 433
652 418
499 504
511 504
522 507
533 507
545 507
557 507
569 508
580 509
590 513
600 517
612 518
623 520
632 526
635 537
628 546
619 553
610 558
600 563
589 565
578 563
567 559
557 555
548 549
538 543
529 537
520 530
511 523
504 514
513 507
521 511
529 515
537 518
546 519
555 521
563 523
572 526
580 529
588 532
597 534
605 536
614 537
624 537
633 536
624 537
614 538
605 537
596 535
588 533
579 530
571 527
563 524
555 521
546 519
537 518
529 516
521 512
661 359
666 352
673 349
681 347
689 346
698 346
706 348
713 350
720 355
725 361
729 368
726 375
719 379
711 381
703 382
695 380
687 378
680 374
673 370
666 365
561 329
557 321
551 315
544 309
536 305
528 303
519 302
510 302
502 303
494 306
485 308
490 315
497 321
504 326
512 330
520 332
529 333
538 333
547 334
556 335
674 331
680 323
690 321
700 320
710 318
719 316
728 313
737 309
747 308
756 312
763 319
763 329
753 330
743 329
733 328
722 329
713 331
703 333
693 334
683 334
598 296
593 287
586 279
578 272
569 268
560 263
551 259
541 256
530 255
519 254
510 257
515 266
525 269
535 272
544 276
553 280
563 283
572 288
580 293
589 298
