291 458
294 476
298 494
301 511
306 529
308 547
310 565
312 584
316 602
323 618
333 634
347 646
360 659
376 670
391 679
406 689
424 697
441 703
458 709
476 710
495 711
513 709
531 706
548 702
567 697
584 690
601 683
615 674
629 661
643 648
654 635
665 619
665 601
668 583
673 565
675 548
676 528
673 510
670 493
666 474
663 455
455 446
450 460
445 474
439 488
439 504
448 516
463 521
478 522
493 522
507 519
523 516
537 512
548 501
546 486
539 474
530 460
522 447
413 580
424 576
435 571
445 565
456 559
467 556
480 556
493 558
505 556
518 556
530 559
541 564
552 569
563 573
573 578
562 583
551 588
541 595
530 600
518 603
506 605
493 605
480 605
468 604
456 601
445 596
434 590
423 587
424 584
433 582
442 580
451 577
460 575
470 574
479 575
489 576
499 576
508 574
518 574
527 575
537 576
546 577
556 578
549 579
539 578
530 576
520 575
511 576
501 576
491 577
481 577
471 577
461 577
452 580
443 582
434 584
547 395
551 387
558 381
566 376
574 373
583 371
593 371
602 373
611 375
619 379
627 383
627 393
619 399
611 402
601 402
592 403
582 403
573 403
564 401
555 399
428 405
428 396
422 389
415 384
407 381
397 381
388 381
380 384
372 388
365 393
357 398
351 405
359 409
367 413
375 415
385 415
394 413
403 412
412 410
420 408
529 352
538 346
549 343
560 340
570 337
580 333
590 328
600 325
612 324
623 327
629 336
618 337
606 339
595 342
585 344
574 347
564 352
554 357
544 362
533 362
438 365
438 355
428 348
418 342
407 338
395 336
383 334
371 333
359 333
348 337
339 345
333 355
344 358
355 354
367 354
379 357
390 360
402 362
413 364
426 365
