350 439
351 463
354 486
358 509
365 532
373 555
379 578
385 602
392 624
401 646
410 667
425 689
443 703
462 717
484 727
507 734
532 738
556 739
579 739
604 738
627 737
652 735
675 732
698 726
722 718
745 716
769 710
790 700
809 686
826 668
834 646
837 623
842 598
846 574
850 552
854 527
855 504
855 481
855 455
854 432
852 406
472 389
463 405
456 421
450 439
454 458
465 471
484 471
502 474
521 471
540 471
560 471
578 470
593 460
597 442
592 423
582 408
571 392
435 569
442 555
451 543
462 531
475 523
490 520
506 521
522 521
538 522
553 525
567 532
580 539
594 545
607 551
621 558
622 573
608 579
593 583
578 587
564 590
549 593
533 595
518 598
502 600
487 598
473 593
459 587
445 581
445 567
455 559
465 553
477 549
490 548
502 550
515 551
528 550
541 550
554 551
566 553
578 556
591 557
603 559
615 561
607 562
594 561
582 558
570 555
558 553
544 553
531 554
518 554
505 554
492 555
480 557
468 560
457 565
619 323
625 311
634 301
645 292
657 286
670 282
685 283
699 285
711 290
723 297
732 307
739 319
727 325
715 330
702 333
687 334
673 333
658 333
644 333
631 329
478 337
478 326
471 316
463 307
452 302
441 299
429 298
418 299
407 304
398 311
391 320
387 331
385 343
395 347
408 347
420 345
432 344
443 342
455 340
467 339
582 275
589 261
601 249
614 241
628 234
642 229
658 227
674 225
689 223
705 226
718 234
719 248
703 247
686 247
670 248
655 251
639 254
625 259
611 265
598 272
481 287
480 274
471 264
460 258
448 254
435 252
423 249
411 246
398 244
385 247
376 256
374 269
384 264
397 263
409 267
420 271
433 274
445 277
456 281
469 284
