273 460
276 485
280 508
283 534
284 562
291 586
297 611
306 634
316 658
330 679
347 700
363 720
385 734
406 747
430 759
456 764
481 765
506 763
533 760
558 757
585 753
609 748
635 742
659 737
684 731
709 721
731 707
754 696
775 680
792 663
808 643
818 619
829 596
835 569
839 545
841 518
842 494
844 468
847 441
851 417
857 389
453 394
446 412
437 430
428 450
433 471
450 481
471 485
491 490
512 490
534 486
553 481
573 475
588 462
593 440
581 424
568 407
554 390
395 582
406 566
422 553
440 544
457 534
477 531
499 531
518 527
539 529
558 534
577 540
596 546
614 552
633 558
642 576
631 593
615 605
597 613
579 621
560 628
542 634
522 638
501 637
481 634
462 629
444 621
427 611
410 598
396 583
411 576
426 568
440 559
457 555
474 553
492 551
510 550
528 549
546 549
564 551
580 554
597 558
614 561
631 565
624 577
608 581
591 584
573 586
555 587
538 588
520 590
502 590
483 590
465 590
447 589
429 590
411 589
589 312
600 304
613 298
625 293
639 290
653 289
668 288
682 289
695 293
707 299
718 308
715 319
701 322
687 323
672 323
658 324
643 324
628 324
614 323
600 321
436 323
432 313
421 307
410 303
398 300
385 299
371 299
359 302
348 307
338 314
328 322
320 332
333 332
347 331
360 332
373 332
386 331
399 330
411 328
424 326
558 262
567 245
582 233
599 225
617 219
634 213
652 207
670 201
689 198
708 199
726 206
723 220
703 220
684 224
666 230
649 237
632 243
613 248
595 253
578 259
430 240
415 233
399 228
382 224
365 221
348 219
330 217
312 219
297 225
283 236
272 250
288 245
306 244
324 244
342 243
361 244
378 245
395 248
412 252
429 255
