117 247
123 262
128 276
135 290
143 305
151 318
160 332
169 345
179 357
190 369
203 379
218 384
232 392
245 400
260 407
273 416
287 421
303 421
320 422
334 417
348 409
362 402
377 394
391 385
403 377
417 367
428 358
441 347
452 336
462 324
471 311
479 296
485 282
491 267
497 252
500 236
501 220
501 205
500 189
499 173
501 156
214 244
212 257
209 273
204 286
209 299
222 305
237 306
252 308
265 304
279 299
293 295
306 289
309 274
302 261
292 251
282 241
277 227
226 343
235 343
243 346
251 345
260 345
269 346
277 342
285 339
294 338
302 340
311 339
320 338
328 336
336 335
332 343
325 349
318 354
311 359
304 363
296 365
287 366
278 368
269 368
261 367
253 364
245 360
239 353
233 346
238 346
244 347
251 348
257 349
263 350
270 350
276 348
282 347
288 345
294 343
300 342
306 341
312 340
319 339
325 337
319 339
312 339
306 341
300 341
294 343
288 344
282 346
276 348
270 350
263 349
257 349
250 348
244 346
291 171
295 162
302 154
310 148
319 143
328 140
338 138
348 137
359 137
369 139
379 141
375 150
368 157
359 162
351 167
341 170
331 171
321 172
311 173
300 174
203 185
197 178
189 174
181 172
172 171
163 170
153 171
145 173
138 178
131 184
123 188
131 192
139 196
146 200
155 202
164 203
173 202
181 199
188 194
196 192
264 133
272 118
287 113
302 109
318 105
335 102
351 99
366 95
383 92
400 92
416 95
403 106
388 112
371 115
355 117
339 120
324 126
309 132
294 138
278 141
186 151
178 144
168 141
158 139
147 138
136 139
125 138
114 139
104 141
95 146
91 155
99 162
109 165
119 162
129 160
139 160
150 162
161 162
172 162
182 160
