240 322
243 332
247 345
251 355
256 366
263 377
271 386
279 394
288 403
297 411
306 419
316 426
326 433
335 440
343 449
353 458
362 464
373 469
385 473
397 472
409 471
420 468
432 464
444 460
455 455
465 449
476 442
485 434
492 425
498 414
504 404
511 395
517 384
522 373
522 361
521 348
520 337
517 325
514 313
513 301
511 288
320 299
318 312
315 326
312 338
313 352
326 354
340 356
352 361
365 358
373 348
386 344
400 341
407 330
406 317
400 306
391 295
383 283
326 398
332 392
340 388
348 385
357 385
366 386
373 380
380 376
389 374
398 373
406 372
415 371
424 370
433 370
430 377
424 384
418 390
411 396
404 401
397 406
389 410
381 414
373 416
364 416
356 414
348 412
340 408
333 403
326 398
333 401
342 401
350 399
357 396
365 394
372 392
380 390
387 387
395 385
402 383
410 380
417 377
424 375
431 372
426 374
419 377
411 379
403 381
396 383
388 386
381 389
374 391
366 392
358 394
350 396
342 397
334 397
393 244
396 239
400 235
405 233
409 231
415 230
420 229
426 228
431 228
437 228
442 230
439 235
435 239
431 242
426 244
420 245
415 246
409 246
404 246
398 246
312 262
311 257
306 253
301 251
296 249
290 249
285 250
280 251
275 254
270 257
266 261
264 266
268 269
274 270
280 270
286 270
292 269
297 268
303 267
308 265
372 224
379 218
385 212
392 207
399 203
406 199
414 195
421 192
430 192
438 194
445 199
441 206
434 213
427 217
420 220
411 220
402 220
394 222
386 225
379 229
302 232
295 227
289 224
281 224
273 224
265 224
257 224
249 225
243 228
237 234
232 240
239 238
246 235
254 234
261 233
269 232
277 232
284 234
291 236
298 238
