626 1277
604 1338
584 1406
572 1483
567 1549
571 1622
586 1694
603 1759
624 1829
649 1896
676 1963
696 2033
706 2103
709 2172
712 2244
726 2313
761 2378
807 2433
864 2464
930 2492
1003 2501
1071 2489
1147 2475
1213 2461
1284 2446
1352 2434
1424 2413
1483 2382
1545 2346
1607 2310
1669 2272
1731 2230
1790 2192
1844 2147
1894 2094
1938 2041
1977 1984
2018 1920
2055 1862
2093 1804
2136 1741
995 1432
959 1469
918 1503
884 1545
888 1595
921 1637
957 1681
1002 1707
1053 1721
1108 1728
1161 1738
1215 1740
1260 1713
1297 1672
1301 1619
1292 1567
1284 1511
771 1694
826 1729
884 1758
941 1786
998 1817
1058 1836
1119 1855
1180 1874
1243 1890
1304 1908
1364 1930
1423 1952
1467 1991
1412 2024
1354 2053
1297 2082
1238 2108
1178 2127
1114 2141
1045 2141
981 2128
920 2109
866 2073
819 2022
794 1964
783 1899
781 1830
778 1761
805 1724
848 1759
893 1790
936 1827
983 1853
1031 1874
1081 1892
1133 1904
1187 1914
1241 1924
1294 1934
1349 1942
1402 1952
1409 1996
1360 2018
1311 2036
1258 2048
1204 2056
1148 2061
1090 2060
1038 2047
990 2025
942 2001
896 1974
861 1931
839 1882
822 1832
811 1779
1446 1321
1468 1304
1494 1296
1522 1294
1550 1295
1577 1300
1602 1308
1626 1321
1648 1336
1670 1355
1690 1375
1674 1396
1645 1395
1618 1391
1592 1385
1566 1377
1542 1368
1518 1357
1494 1345
1470 1334
1027 1146
1019 1127
1007 1109
989 1095
971 1085
952 1077
931 1071
909 1069
888 1071
868 1077
848 1084
863 1100
878 1117
896 1131
914 1141
933 1150
953 1156
974 1161
994 1166
1017 1165
1362 1136
1413 1106
1475 1110
1534 1121
1591 1135
1649 1148
1707 1162
1762 1179
1817 1198
1871 1220
1918 1259
1863 1272
1808 1255
1756 1229
1696 1219
1633 1216
1571 1213
1509 1209
1449 1200
1391 1187
1083 1036
1058 1002
1025 973
991 948
956 923
924 892
890 866
854 846
813 837
774 850
741 879
778 898
814 918
851 936
887 957
922 979
957 1002
993 1024
1028 1046
1065 1065
