208 468
212 483
216 500
221 515
227 530
234 544
243 560
252 572
264 585
275 597
288 607
301 616
315 624
329 632
344 639
359 647
373 656
388 662
404 663
421 662
438 661
453 657
469 650
483 642
498 634
512 626
524 617
536 605
548 594
560 582
570 569
579 555
585 540
590 524
594 508
598 492
600 477
602 460
602 444
603 427
604 410
332 435
329 448
322 461
318 474
319 489
332 495
346 496
360 495
375 493
388 492
404 490
417 486
430 481
438 470
436 456
428 444
420 431
327 565
337 559
347 552
357 544
367 538
378 533
390 531
402 530
414 530
426 534
437 537
450 538
462 539
470 549
464 559
457 569
449 579
440 588
431 596
420 601
409 606
397 608
385 608
373 606
362 601
352 593
343 584
335 575
334 563
342 560
350 556
358 553
366 549
375 547
384 546
393 545
402 543
412 542
421 542
431 543
440 543
450 543
452 549
444 554
437 559
430 565
422 569
413 572
404 573
395 574
385 574
376 573
367 571
359 569
351 565
343 561
417 370
421 361
428 353
436 346
444 340
454 335
463 333
474 334
484 336
493 341
502 346
505 355
497 362
489 368
479 372
469 374
458 374
448 374
437 372
426 372
313 378
305 372
297 367
288 364
278 363
268 363
259 365
250 369
243 375
236 382
231 390
238 396
246 401
255 404
266 403
275 402
284 399
292 395
301 391
309 387
408 311
420 300
434 293
448 288
462 285
478 282
494 282
511 282
527 284
542 287
555 296
546 306
530 305
515 304
498 304
483 306
467 309
452 312
437 315
422 317
301 338
291 331
278 328
264 329
251 329
237 329
223 330
211 333
200 338
190 348
187 360
200 360
212 355
224 351
236 348
249 347
263 347
276 348
289 351
302 351
