841 1800
865 1889
896 1987
934 2084
967 2179
1002 2268
1032 2360
1061 2465
1096 2553
1155 2631
1222 2707
1301 2776
1382 2834
1464 2895
1549 2945
1632 2990
1721 3034
1823 3068
1914 3108
2003 3141
2108 3142
2201 3145
2300 3147
2400 3151
2499 3112
2584 3056
2644 2980
2682 2889
2709 2794
2748 2698
2784 2605
2821 2510
2868 2421
2905 2332
2939 2237
2973 2145
3010 2047
3037 1958
3065 1858
3071 1757
3072 1654
2178 1829
2137 1876
2116 1944
2092 2007
2126 2059
2190 2089
2255 2102
2320 2099
2390 2089
2457 2100
2522 2102
2588 2079
2647 2043
2692 1995
2710 1934
2685 1866
2670 1799
1915 2427
1969 2389
2032 2375
2098 2367
2161 2352
2228 2344
2294 2337
2358 2323
2424 2331
2487 2345
2547 2324
2616 2325
2681 2336
2729 2382
2706 2441
2675 2498
2631 2549
2577 2585
2519 2612
2456 2627
2387 2629
2319 2625
2253 2615
2191 2599
2130 2580
2072 2554
2019 2512
1968 2468
1966 2439
2010 2423
2062 2425
2111 2418
2160 2411
2211 2407
2261 2403
2312 2405
2362 2411
2414 2413
2465 2414
2518 2413
2565 2404
2611 2390
2662 2392
2622 2405
2575 2416
2526 2425
2477 2432
2428 2438
2375 2438
2323 2438
2273 2443
2222 2445
2169 2445
2119 2440
2068 2443
2018 2438
2605 1353
2624 1323
2654 1304
2686 1289
2718 1277
2751 1266
2786 1259
2824 1260
2859 1267
2891 1280
2919 1306
2931 1338
2899 1354
2863 1357
2825 1360
2789 1365
2752 1367
2715 1365
2679 1361
2641 1359
2006 1372
1972 1347
1936 1327
1898 1312
1858 1301
1815 1304
1773 1312
1734 1323
1696 1338
1661 1360
1631 1393
1667 1413
1704 1430
1745 1438
1790 1440
1833 1436
1874 1429
1916 1422
1959 1417
2001 1411
2664 1073
2680 1032
2700 993
2735 963
2775 943
2815 926
2855 911
2900 904
2945 899
2989 907
3027 930
3042 969
3000 982
2955 977
2912 987
2869 998
2829 1015
2790 1035
2753 1059
2711 1071
2198 1073
2125 1036
2050 1005
1973 980
1891 962
1805 955
1719 962
1639 982
1564 1014
1493 1057
1424 1103
1500 1075
1574 1040
1655 1024
1744 1021
1830 1028
1911 1045
1989 1070
2065 1098
2145 1117
