400 1343
412 1378
427 1412
443 1449
458 1485
475 1520
503 1547
534 1569
564 1590
596 1615
624 1638
654 1664
683 1687
716 1712
747 1735
779 1757
810 1775
846 1791
883 1801
920 1807
958 1809
996 1803
1035 1787
1065 1769
1096 1745
1127 1720
1155 1693
1179 1663
1200 1633
1222 1600
1246 1569
1265 1537
1280 1503
1294 1463
1303 1426
1311 1389
1318 1351
1322 1314
1326 1276
1328 1238
1330 1196
818 1277
798 1305
787 1338
786 1372
794 1404
823 1424
854 1433
890 1438
925 1444
958 1436
989 1421
1018 1403
1048 1388
1057 1357
1048 1321
1027 1294
1016 1261
723 1537
756 1536
789 1538
822 1536
853 1532
886 1530
918 1528
950 1525
979 1516
1007 1505
1038 1499
1069 1494
1099 1487
1119 1503
1103 1530
1085 1555
1062 1578
1036 1596
1008 1609
980 1620
950 1627
917 1628
885 1626
855 1619
826 1609
798 1597
772 1581
747 1560
766 1551
791 1552
817 1554
843 1553
869 1554
894 1557
919 1558
944 1556
968 1550
991 1543
1013 1535
1035 1527
1057 1518
1078 1508
1099 1497
1079 1510
1057 1520
1035 1528
1013 1536
990 1544
968 1552
945 1558
919 1558
894 1557
868 1555
843 1555
817 1554
791 1553
1013 1112
1022 1098
1034 1085
1048 1074
1062 1064
1077 1058
1094 1054
1112 1053
1129 1055
1146 1058
1161 1064
1161 1081
1149 1094
1134 1103
1119 1109
1102 1113
1084 1113
1067 1112
1049 1111
1031 1110
753 1135
736 1124
717 1117
698 1112
677 1109
656 1111
636 1115
617 1121
599 1129
581 1140
565 1153
584 1159
603 1165
624 1167
646 1166
667 1165
688 1163
709 1161
730 1159
750 1154
996 1013
1004 989
1025 972
1047 959
1071 949
1095 941
1119 933
1144 926
1170 922
1196 925
1219 938
1216 959
1190 954
1163 956
1139 966
1117 979
1094 991
1071 1003
1047 1012
1022 1017
758 1033
741 1014
719 1002
695 997
668 997
642 998
616 1000
591 1003
568 1010
546 1021
525 1032
548 1039
574 1038
600 1035
626 1036
652 1039
676 1044
700 1048
724 1053
751 1054
