321 392
322 404
323 417
325 430
326 442
327 454
330 466
331 479
332 491
336 504
340 515
347 526
353 536
363 545
374 550
385 558
394 566
404 574
414 580
427 585
439 587
451 589
463 586
475 582
487 577
498 572
508 565
518 557
527 548
534 538
538 526
545 515
549 503
554 492
559 480
562 469
565 456
568 444
570 432
573 420
577 407
444 403
439 412
435 421
431 431
431 441
437 450
445 457
455 459
466 460
476 459
487 458
496 452
503 445
503 435
500 424
497 415
493 404
409 490
416 487
423 488
432 488
440 487
448 486
455 488
463 490
470 488
478 489
486 489
495 489
503 490
507 496
502 502
497 508
491 514
484 517
477 520
469 522
461 522
453 522
445 520
439 517
432 513
426 508
420 502
415 496
409 490
415 491
422 491
429 492
435 492
442 493
448 494
454 495
461 495
468 495
475 495
481 494
488 494
495 493
494 496
488 498
482 500
476 502
470 503
464 504
457 504
450 503
444 502
438 500
432 498
426 496
420 494
414 492
501 351
503 346
507 342
511 339
516 337
521 335
527 335
532 337
536 339
540 343
542 348
541 353
537 357
532 359
528 361
522 362
517 362
512 361
507 359
503 356
424 356
424 349
421 344
418 339
413 336
407 333
401 333
395 334
390 336
385 339
380 343
376 348
380 353
385 357
390 360
396 362
402 363
408 363
414 362
420 361
498 324
501 317
509 314
516 310
524 307
531 303
539 301
548 300
556 301
564 305
570 310
569 318
561 319
552 318
544 317
535 318
527 320
520 324
512 328
504 330
437 313
429 306
421 302
412 299
402 298
393 296
383 294
373 294
363 296
355 300
348 307
355 314
366 313
376 313
386 314
396 314
406 315
416 317
425 319
435 321
