415 672
421 702
432 734
443 762
454 793
464 823
474 853
485 884
497 913
512 943
529 970
547 996
569 1017
597 1035
626 1047
657 1057
689 1061
719 1061
753 1057
784 1051
816 1043
845 1032
875 1017
902 1002
929 986
957 967
984 950
1009 931
1032 910
1054 885
1071 860
1084 830
1091 798
1097 768
1097 734
1093 704
1100 671
1104 640
1106 608
1104 577
1100 543
581 618
576 640
572 664
570 687
577 709
599 720
622 721
644 713
666 704
692 703
714 705
735 692
743 671
736 647
726 627
712 607
698 586
572 835
576 816
588 800
603 787
620 778
641 777
661 776
680 772
700 770
720 772
739 776
758 781
776 787
793 795
811 800
799 816
782 826
766 837
749 846
731 852
713 858
696 866
678 873
658 875
638 873
619 869
602 861
586 850
590 836
604 830
618 824
631 819
647 818
663 817
679 815
694 812
708 808
723 804
739 804
755 805
771 806
786 804
801 801
788 804
772 806
756 806
740 805
724 806
709 809
694 813
679 816
663 817
648 819
633 821
618 825
605 832
737 493
744 479
755 466
768 456
783 449
798 443
814 441
831 439
847 442
862 447
876 457
878 474
864 483
849 490
834 495
818 498
801 499
784 500
767 502
750 503
579 535
573 523
561 516
548 512
535 509
521 509
508 512
496 518
484 524
473 533
464 544
458 555
472 557
487 557
501 557
515 555
528 553
541 549
555 547
568 543
673 434
686 408
710 391
737 380
765 371
793 364
823 360
853 363
881 372
907 385
933 399
923 413
896 401
869 392
839 389
808 391
780 399
754 411
728 425
702 439
572 467
565 448
546 439
525 436
503 434
480 434
459 437
438 442
420 454
407 471
397 489
399 511
415 496
428 479
447 469
467 464
490 464
512 467
532 471
553 475
