312 436
314 447
316 459
318 472
320 484
324 496
330 507
337 518
345 528
352 537
359 548
365 559
373 569
382 578
391 586
401 592
413 599
424 604
435 608
448 612
460 613
473 614
486 613
498 612
510 610
521 606
534 600
545 595
555 589
566 582
575 575
583 564
591 554
597 544
603 532
607 521
611 509
614 497
616 485
618 472
620 459
439 420
432 430
425 440
417 449
412 461
418 471
430 475
442 478
455 476
467 473
480 470
491 468
504 465
510 455
506 442
497 433
491 422
401 515
409 509
417 507
426 505
435 503
444 500
454 500
464 499
473 498
483 498
492 499
501 501
510 503
518 506
515 514
508 521
501 528
494 534
486 538
477 541
468 543
458 543
449 541
440 539
432 535
424 531
416 526
408 522
410 515
417 515
425 515
433 515
441 515
448 514
456 514
464 514
471 514
479 514
487 514
494 513
501 512
509 511
513 511
507 513
499 514
492 515
485 516
478 518
470 518
463 518
455 518
447 518
440 517
433 517
425 516
418 515
497 371
500 367
504 363
509 360
513 358
518 357
523 356
529 356
534 356
539 356
544 358
542 362
538 365
533 368
529 370
524 371
519 371
513 371
508 371
502 372
406 376
402 373
396 372
390 372
384 373
379 374
373 375
368 377
363 379
358 381
353 383
359 383
364 384
370 383
376 384
382 384
388 384
393 383
399 381
404 380
470 347
480 340
490 334
500 330
511 327
522 324
533 321
545 319
557 319
568 321
578 326
567 329
557 333
545 336
534 337
523 340
513 345
502 350
491 352
479 354
427 347
421 341
414 340
406 339
398 339
390 340
382 341
376 344
369 348
362 351
356 355
362 360
370 360
377 359
385 357
393 356
401 357
408 358
416 357
423 354
