64 493
70 515
77 539
82 561
89 586
97 610
107 632
121 652
139 669
158 684
178 697
199 712
218 725
235 743
254 759
274 773
296 786
319 793
342 797
367 797
391 792
414 784
436 771
454 754
469 735
482 714
492 692
512 680
530 662
540 642
553 619
565 598
571 575
573 550
574 527
571 501
570 477
571 452
571 427
572 402
572 378
242 467
240 488
235 512
230 533
232 556
254 564
277 560
297 567
321 570
336 553
357 545
380 539
392 520
390 497
376 479
362 460
351 440
214 613
236 612
258 612
279 614
301 616
323 615
344 612
364 606
384 601
404 596
423 590
442 583
455 598
450 618
444 637
435 656
423 673
408 689
390 700
371 707
351 711
329 709
311 700
293 689
277 676
260 661
245 645
230 628
233 621
251 623
267 627
284 632
301 633
319 632
337 630
353 626
370 622
386 617
401 609
416 600
430 592
445 584
435 599
426 613
417 628
406 641
392 651
377 658
361 663
343 665
325 663
308 660
293 655
277 647
263 639
248 629
358 359
362 347
370 337
379 329
390 323
401 318
413 316
427 316
439 318
451 320
462 325
461 337
451 343
440 348
429 353
418 358
406 360
394 362
382 365
368 364
211 376
202 369
191 365
181 362
169 361
157 363
147 366
136 370
127 377
119 386
111 395
122 397
133 399
145 401
157 401
169 400
181 399
192 397
202 393
212 388
304 325
311 302
333 291
355 283
378 276
400 267
423 257
445 250
469 244
495 244
520 247
506 266
483 274
460 281
438 289
415 298
393 306
371 315
349 325
326 333
208 346
202 329
185 324
166 322
146 322
126 321
107 321
87 322
68 324
50 327
33 333
42 349
57 358
77 357
95 354
113 351
132 348
151 347
171 348
190 349
