279 763
278 787
277 811
277 835
280 861
284 885
287 909
296 934
308 954
323 974
341 993
358 1011
377 1025
399 1038
420 1050
443 1062
464 1073
488 1083
512 1092
534 1103
559 1107
583 1108
607 1109
633 1105
654 1096
675 1079
691 1061
706 1040
719 1020
734 998
746 978
758 956
768 932
776 910
783 887
789 861
793 837
795 813
796 788
794 764
790 736
518 750
507 766
499 784
494 803
496 822
510 837
530 843
549 843
570 843
590 841
609 843
629 844
640 828
643 809
638 790
628 772
615 756
477 938
487 930
499 926
511 921
522 916
536 915
548 918
562 919
574 917
587 919
599 924
612 926
625 926
638 929
644 940
638 951
627 958
615 961
602 964
588 964
575 963
562 962
549 960
536 959
523 956
512 952
500 947
488 942
478 937
488 932
500 932
512 931
524 930
535 931
547 931
559 932
571 932
583 932
595 933
606 934
618 933
630 933
639 936
629 940
618 943
607 945
595 946
583 945
571 946
559 945
547 944
536 943
524 942
512 941
501 940
490 938
626 670
632 663
640 656
648 650
656 646
665 643
674 641
684 641
693 642
702 647
707 655
710 664
702 669
694 673
684 675
674 676
664 676
654 675
644 674
635 672
498 675
492 665
484 657
475 650
464 647
453 645
441 646
430 647
419 651
410 656
402 665
396 674
407 676
418 678
430 679
442 680
453 679
465 679
477 680
489 680
609 596
619 582
635 573
651 566
667 561
684 556
702 552
721 552
738 555
752 569
757 586
751 602
735 609
718 605
700 603
681 602
664 606
647 611
630 616
611 615
502 588
487 577
468 575
449 574
431 571
414 567
395 567
378 572
362 579
347 589
335 604
350 612
369 614
388 614
407 614
426 614
445 615
465 615
483 613
499 606
