323 1566
353 1632
386 1704
418 1769
454 1841
486 1906
520 1979
557 2042
599 2113
627 2180
657 2253
690 2319
742 2382
801 2428
864 2465
939 2496
1013 2516
1092 2520
1166 2511
1236 2491
1312 2467
1386 2445
1457 2421
1529 2397
1595 2356
1649 2302
1713 2251
1763 2195
1800 2132
1833 2059
1862 1987
1900 1922
1936 1854
1945 1776
1947 1705
1954 1626
1957 1546
1953 1472
1945 1397
1932 1322
1913 1241
790 1372
783 1441
769 1506
738 1568
753 1638
821 1656
876 1696
941 1717
1014 1706
1069 1666
1132 1646
1196 1606
1238 1550
1218 1485
1177 1430
1122 1384
1112 1316
740 2008
775 1965
819 1932
864 1903
912 1884
967 1878
1023 1881
1076 1870
1124 1851
1176 1839
1233 1838
1290 1840
1346 1844
1398 1856
1443 1883
1400 1918
1352 1940
1305 1964
1260 1992
1213 2016
1164 2032
1111 2042
1055 2046
1002 2055
946 2059
889 2058
842 2035
793 2017
779 2013
813 1984
851 1966
893 1957
937 1953
983 1952
1026 1946
1068 1936
1108 1925
1150 1915
1192 1907
1235 1900
1278 1893
1321 1886
1333 1894
1292 1904
1249 1912
1207 1920
1166 1931
1126 1943
1087 1958
1049 1974
1010 1991
971 2005
932 2021
892 2032
847 2031
819 2001
1148 970
1160 943
1187 930
1215 922
1245 916
1276 912
1307 909
1339 909
1370 912
1397 923
1419 946
1401 971
1375 986
1347 995
1318 1002
1288 1006
1256 1007
1223 1007
1192 1005
1164 995
651 1117
640 1093
614 1084
584 1084
555 1085
528 1090
502 1098
476 1105
450 1114
425 1125
403 1142
419 1164
444 1174
474 1174
503 1172
531 1169
559 1165
586 1159
611 1150
636 1140
953 880
989 823
1045 788
1108 768
1172 752
1237 736
1302 722
1369 711
1440 707
1507 715
1568 740
1541 794
1470 796
1401 803
1340 825
1277 843
1212 859
1147 874
1081 887
1015 900
725 949
676 913
615 906
554 912
494 922
432 927
370 932
310 941
255 961
207 999
180 1051
231 1082
293 1086
353 1075
412 1064
470 1051
526 1034
583 1018
643 1010
703 1000
