345 474
350 487
354 502
356 516
359 531
360 546
362 562
365 575
369 590
375 604
382 616
391 629
402 639
414 648
427 656
439 663
452 672
465 679
480 684
494 686
509 687
523 687
538 685
553 681
566 675
579 666
591 658
602 648
612 637
622 626
630 614
638 600
644 586
648 571
651 558
654 544
657 529
661 514
664 499
666 485
668 469
466 457
462 468
458 479
456 490
458 502
465 510
475 516
486 518
497 519
509 518
520 516
531 511
540 504
544 493
544 482
541 470
538 459
438 570
445 565
454 562
463 560
472 557
481 555
491 556
500 557
510 555
520 556
529 558
538 560
546 563
554 568
555 577
548 584
539 588
531 592
523 595
514 598
504 599
494 599
485 597
475 596
467 593
458 589
450 584
442 578
444 572
453 572
461 571
468 570
476 570
484 571
492 572
500 573
508 572
515 571
523 571
531 571
539 572
547 573
555 573
547 574
539 573
532 572
524 571
515 571
508 573
500 573
491 573
484 572
476 571
468 572
460 573
452 573
542 397
545 390
552 386
559 383
567 381
575 381
583 382
591 383
598 386
604 390
606 397
603 404
597 409
590 413
582 415
574 415
566 414
558 412
551 409
545 404
453 403
452 396
448 391
442 388
435 386
428 385
421 385
414 386
408 388
402 392
397 397
400 403
405 408
410 413
416 415
424 415
431 415
438 414
444 412
450 409
518 368
525 356
537 350
550 345
563 341
578 340
592 342
606 344
619 350
630 359
640 370
640 383
627 378
615 372
601 369
588 367
574 364
559 364
545 366
532 370
466 368
462 356
451 350
439 347
426 345
412 346
399 347
387 350
375 354
364 361
357 371
353 384
366 383
377 376
388 370
401 368
414 367
428 366
441 367
454 370
