1612 1844
1635 1906
1658 1967
1680 2033
1699 2098
1711 2168
1727 2233
1750 2297
1778 2362
1812 2422
1853 2481
1896 2534
1943 2581
1989 2629
2041 2673
2095 2718
2150 2761
2204 2801
2258 2840
2322 2865
2390 2858
2460 2848
2527 2829
2585 2795
2637 2750
2679 2697
2724 2647
2775 2595
2817 2539
2859 2489
2897 2428
2916 2364
2933 2297
2946 2230
2961 2168
2966 2098
2974 2026
2983 1960
2993 1894
3003 1827
3006 1752
2116 1900
2099 1940
2077 1980
2069 2027
2082 2070
2129 2075
2171 2067
2220 2066
2264 2068
2312 2064
2360 2059
2404 2053
2446 2035
2471 1995
2464 1949
2434 1917
2411 1875
2049 2360
2076 2312
2121 2277
2169 2251
2221 2236
2280 2235
2331 2219
2390 2220
2447 2227
2498 2243
2548 2262
2585 2306
2586 2365
2579 2421
2563 2473
2544 2523
2517 2571
2477 2613
2427 2635
2374 2647
2319 2656
2261 2651
2212 2632
2165 2604
2127 2560
2108 2510
2088 2460
2067 2410
2121 2393
2116 2350
2130 2311
2166 2287
2204 2269
2247 2264
2293 2266
2337 2263
2381 2259
2425 2263
2466 2274
2509 2280
2550 2289
2565 2327
2554 2368
2541 2407
2522 2445
2496 2480
2462 2509
2426 2530
2387 2545
2344 2552
2299 2551
2256 2544
2218 2529
2183 2504
2154 2470
2137 2432
2401 1680
2411 1652
2430 1627
2454 1606
2482 1592
2510 1583
2541 1579
2574 1577
2605 1581
2632 1593
2657 1613
2673 1639
2648 1658
2619 1667
2590 1675
2560 1682
2529 1685
2496 1685
2464 1682
2432 1683
2050 1694
2026 1676
2000 1664
1971 1658
1940 1656
1909 1659
1881 1666
1854 1678
1830 1694
1806 1715
1787 1739
1814 1748
1844 1752
1876 1753
1907 1754
1938 1753
1968 1748
1997 1742
2026 1735
2053 1724
2357 1466
2363 1414
2398 1375
2443 1354
2492 1342
2542 1333
2596 1330
2647 1335
2695 1350
2740 1370
2782 1401
2814 1442
2763 1447
2710 1444
2659 1436
2605 1437
2554 1444
2504 1455
2455 1466
2406 1477
2026 1497
2005 1457
1965 1437
1917 1432
1871 1438
1826 1448
1778 1453
1734 1464
1693 1484
1656 1515
1637 1556
1632 1603
1670 1580
1705 1545
1746 1525
1792 1517
1841 1515
1890 1517
1939 1520
1987 1522
