419 1099
427 1158
439 1222
453 1283
473 1345
498 1402
531 1457
572 1510
616 1556
661 1602
706 1642
757 1683
806 1725
855 1761
914 1792
975 1818
1032 1841
1094 1862
1154 1882
1212 1902
1277 1925
1340 1938
1399 1936
1463 1926
1523 1907
1586 1879
1636 1842
1675 1790
1709 1738
1751 1696
1802 1651
1850 1610
1895 1568
1934 1515
1960 1457
1994 1401
2023 1348
2044 1287
2048 1224
2047 1158
2038 1091
1514 1181
1478 1200
1463 1236
1475 1279
1503 1306
1544 1317
1589 1324
1629 1332
1673 1337
1710 1351
1755 1347
1788 1327
1822 1298
1856 1276
1891 1252
1885 1212
1852 1181
1299 1563
1333 1542
1372 1535
1409 1521
1445 1507
1482 1495
1520 1485
1559 1476
1597 1467
1639 1464
1681 1466
1721 1460
1763 1458
1776 1492
1749 1523
1737 1560
1725 1597
1700 1629
1667 1653
1629 1663
1588 1668
1548 1674
1506 1675
1467 1667
1431 1652
1396 1634
1361 1616
1327 1594
1353 1546
1379 1539
1406 1535
1433 1528
1461 1525
1488 1520
1515 1516
1542 1511
1570 1508
1599 1508
1628 1509
1657 1508
1684 1502
1710 1497
1728 1509
1707 1529
1684 1546
1659 1555
1632 1560
1605 1564
1577 1568
1548 1568
1518 1569
1490 1567
1461 1565
1433 1562
1404 1561
1379 1553
1810 886
1822 867
1842 856
1862 848
1883 840
1903 833
1924 826
1946 822
1969 825
1983 843
1979 866
1970 886
1958 905
1941 922
1921 932
1898 934
1875 932
1852 928
1831 922
1812 909
1437 903
1420 875
1390 862
1355 860
1322 866
1290 873
1256 878
1223 883
1191 890
1160 900
1130 913
1159 929
1189 941
1219 952
1251 959
1285 964
1321 963
1354 957
1383 943
1411 926
1834 783
1847 754
1874 735
1900 713
1926 694
1955 679
1984 668
2017 663
2051 661
2085 662
2114 676
2109 703
2076 700
2042 703
2010 709
1979 718
1952 734
1925 754
1897 769
1867 779
1654 664
1587 642
1516 628
1442 618
1366 613
1288 613
1214 621
1143 637
1075 657
1011 689
954 740
1028 750
1105 752
1180 744
1252 732
1325 721
1400 715
1477 717
1553 721
1628 715
