1017 1194
1006 1237
1002 1282
993 1325
993 1368
991 1415
995 1458
1003 1505
1018 1544
1041 1582
1065 1623
1090 1660
1121 1690
1154 1726
1182 1758
1217 1788
1251 1813
1290 1835
1336 1848
1379 1862
1424 1864
1469 1860
1511 1857
1555 1846
1597 1828
1634 1804
1677 1787
1715 1764
1752 1741
1787 1712
1821 1681
1849 1647
1877 1612
1904 1577
1929 1539
1945 1496
1961 1456
1979 1414
1994 1370
1997 1326
2000 1279
1314 1208
1292 1233
1269 1258
1262 1289
1277 1319
1301 1340
1333 1352
1365 1360
1399 1363
1432 1358
1466 1353
1497 1346
1531 1339
1552 1316
1556 1281
1543 1250
1523 1223
1173 1444
1208 1432
1248 1430
1285 1438
1324 1444
1361 1451
1400 1456
1441 1457
1480 1461
1516 1471
1554 1479
1589 1490
1623 1507
1618 1544
1591 1574
1560 1598
1526 1615
1492 1629
1456 1640
1418 1646
1378 1648
1341 1641
1307 1623
1275 1603
1245 1576
1224 1545
1211 1510
1200 1474
1203 1450
1235 1447
1266 1451
1299 1453
1330 1458
1358 1470
1390 1472
1422 1470
1453 1475
1484 1481
1515 1485
1546 1490
1578 1493
1608 1500
1597 1527
1569 1541
1540 1549
1508 1553
1477 1556
1443 1557
1411 1560
1379 1562
1346 1562
1313 1560
1285 1549
1263 1525
1245 1499
1225 1474
1568 1102
1584 1094
1600 1088
1617 1083
1634 1077
1652 1074
1671 1072
1689 1074
1707 1078
1724 1085
1739 1095
1738 1112
1719 1113
1700 1113
1681 1112
1662 1111
1643 1108
1625 1105
1606 1103
1587 1103
1338 1070
1321 1060
1304 1050
1287 1042
1269 1036
1249 1033
1229 1032
1208 1034
1189 1038
1171 1043
1153 1049
1171 1056
1190 1060
1210 1063
1229 1065
1250 1067
1270 1068
1290 1071
1310 1074
1329 1078
1560 979
1575 949
1604 933
1637 924
1673 924
1707 930
1739 938
1770 949
1800 965
1828 986
1851 1012
1846 1032
1818 1012
1789 996
1758 985
1725 976
1693 968
1661 959
1625 959
1596 977
1352 932
1328 909
1299 897
1271 885
1242 874
1211 869
1180 875
1152 887
1125 903
1102 927
1093 957
1115 932
1140 910
1168 898
1200 894
1232 897
1262 906
1288 924
1312 946
1341 958
