995 1254
1005 1290
1015 1329
1023 1366
1033 1406
1047 1441
1068 1471
1096 1502
1121 1529
1149 1557
1178 1585
1208 1611
1238 1633
1269 1657
1298 1683
1328 1708
1360 1729
1398 1746
1435 1751
1474 1749
1514 1742
1551 1734
1587 1720
1619 1699
1651 1674
1677 1646
1701 1615
1726 1586
1751 1554
1773 1523
1794 1487
1810 1454
1824 1415
1835 1380
1846 1343
1855 1303
1862 1264
1863 1227
1862 1187
1860 1148
1852 1108
1330 1193
1318 1227
1299 1261
1284 1294
1281 1333
1307 1357
1341 1371
1379 1384
1417 1391
1450 1381
1484 1362
1516 1341
1537 1311
1530 1274
1503 1243
1484 1214
1461 1180
1230 1455
1260 1463
1290 1473
1323 1476
1357 1474
1391 1475
1426 1476
1457 1469
1488 1462
1519 1454
1550 1445
1579 1434
1607 1419
1636 1408
1630 1428
1604 1451
1580 1474
1554 1495
1527 1514
1499 1527
1468 1535
1435 1539
1400 1539
1368 1535
1337 1526
1309 1513
1281 1498
1254 1479
1260 1464
1284 1472
1311 1475
1339 1478
1366 1480
1394 1480
1422 1479
1450 1477
1477 1474
1504 1471
1530 1467
1556 1460
1579 1450
1603 1438
1619 1432
1596 1444
1572 1456
1549 1465
1524 1474
1498 1479
1473 1486
1446 1490
1418 1490
1390 1489
1363 1487
1336 1484
1309 1479
1284 1473
1489 1043
1498 1024
1513 1008
1530 993
1548 982
1567 975
1588 970
1611 969
1631 974
1650 982
1668 993
1664 1013
1649 1030
1631 1042
1613 1052
1593 1059
1571 1061
1550 1059
1529 1055
1509 1049
1241 1076
1236 1058
1221 1047
1205 1040
1187 1035
1169 1031
1149 1031
1131 1035
1115 1043
1101 1056
1090 1072
1097 1088
1112 1101
1128 1110
1144 1117
1163 1119
1182 1117
1199 1111
1215 1102
1230 1091
1417 955
1426 921
1453 895
1482 874
1513 858
1544 844
1576 829
1609 820
1645 816
1679 824
1708 846
1706 881
1672 889
1636 894
1602 902
1570 916
1540 933
1510 952
1479 968
1445 976
1262 973
1243 947
1215 933
1186 921
1157 908
1128 894
1099 884
1066 880
1034 887
1007 906
992 934
986 966
1020 966
1052 959
1084 954
1117 956
1147 966
1176 980
1205 993
1238 996
