691 784
682 852
678 917
677 988
682 1063
689 1132
700 1200
718 1265
745 1335
772 1396
797 1462
827 1527
863 1588
895 1648
939 1706
978 1756
1031 1808
1091 1844
1155 1868
1220 1887
1289 1892
1361 1898
1428 1879
1494 1851
1557 1816
1611 1778
1666 1727
1710 1673
1748 1620
1792 1560
1824 1498
1855 1435
1885 1376
1904 1305
1920 1240
1933 1173
1941 1103
1946 1032
1949 960
1949 888
1945 817
1179 801
1144 846
1107 891
1085 943
1105 997
1158 1026
1209 1055
1264 1076
1327 1079
1386 1070
1442 1057
1495 1037
1554 1014
1587 972
1584 911
1553 859
1521 808
950 1165
1009 1164
1067 1162
1126 1162
1184 1164
1241 1169
1295 1181
1352 1185
1408 1177
1464 1171
1521 1166
1579 1164
1637 1168
1650 1219
1612 1262
1568 1299
1523 1331
1475 1357
1424 1374
1371 1386
1314 1392
1256 1389
1203 1377
1153 1356
1107 1327
1062 1293
1019 1254
979 1212
1051 1198
1096 1197
1140 1201
1186 1203
1229 1208
1270 1218
1309 1234
1352 1239
1393 1228
1432 1215
1475 1208
1521 1207
1566 1206
1610 1200
1588 1235
1554 1264
1518 1286
1481 1306
1442 1322
1401 1332
1357 1336
1312 1337
1269 1329
1231 1315
1192 1297
1155 1279
1119 1256
1085 1226
1559 583
1577 569
1596 557
1616 544
1636 534
1657 528
1682 527
1704 532
1725 541
1744 554
1762 568
1760 590
1739 600
1717 605
1694 607
1670 608
1646 606
1623 602
1602 596
1581 588
1144 600
1135 580
1121 562
1103 546
1084 534
1064 526
1041 523
1018 525
998 533
978 543
960 558
950 578
963 597
983 606
1006 609
1030 610
1053 611
1077 611
1100 608
1122 604
1498 483
1521 440
1558 403
1594 365
1624 326
1672 315
1716 331
1762 345
1809 356
1850 383
1882 422
1903 465
1894 511
1844 506
1795 499
1746 492
1698 482
1650 474
1598 472
1547 476
1243 463
1231 418
1197 381
1154 363
1109 351
1058 350
1011 358
963 365
914 370
869 382
831 412
813 455
861 462
909 468
956 477
1004 483
1054 485
1105 485
1156 487
1205 491
