319 333
318 345
316 358
315 370
315 383
317 396
318 408
320 421
323 433
329 445
334 457
341 467
351 475
363 478
375 478
388 479
400 479
414 480
426 481
438 485
451 485
464 484
476 484
489 483
501 482
514 480
525 475
538 471
550 470
563 467
574 464
586 457
597 450
606 443
615 433
618 420
622 409
627 397
628 384
629 372
629 359
381 306
376 314
373 324
375 332
381 341
391 343
399 339
409 335
419 334
428 336
438 338
449 338
456 332
461 323
460 314
455 304
450 295
359 393
367 387
374 382
382 377
390 373
399 371
409 371
419 371
428 370
438 370
447 371
456 374
464 377
472 380
480 384
484 392
474 394
465 393
456 392
446 391
436 391
427 392
417 392
407 393
398 393
388 394
378 394
368 394
372 388
378 385
385 382
392 380
399 378
407 377
414 376
422 376
430 376
438 377
446 378
453 381
460 383
467 385
474 386
469 386
462 384
455 382
447 381
440 379
432 379
424 379
416 379
408 379
400 380
392 380
386 383
379 386
457 264
460 257
465 252
472 249
479 248
487 248
495 248
502 249
509 251
516 253
522 255
522 262
515 263
508 264
501 265
493 266
486 267
478 268
471 269
463 268
383 278
382 273
378 272
373 271
369 270
364 271
360 273
355 275
352 278
349 282
346 286
344 290
349 292
353 290
357 289
362 287
366 286
371 285
375 284
380 282
439 227
449 220
459 215
470 212
481 210
493 209
505 209
516 212
526 217
536 223
544 232
538 239
528 234
518 230
507 228
495 228
483 229
471 230
460 232
449 234
397 247
397 239
391 235
383 235
375 236
367 237
360 239
353 241
346 244
340 249
337 256
333 263
340 261
347 257
353 253
360 250
367 249
375 247
383 248
390 249
