363 472
369 482
375 496
378 508
380 522
383 536
387 550
393 562
401 574
409 585
417 596
424 608
432 620
440 631
451 640
462 648
474 654
487 658
501 662
514 665
528 667
542 669
556 668
569 663
581 658
591 649
600 637
606 625
609 612
613 598
617 585
622 572
627 559
630 545
632 532
636 518
639 505
642 491
643 477
644 464
643 449
498 463
494 472
490 482
488 492
495 499
506 503
516 505
526 509
537 509
545 504
556 502
566 501
575 495
578 485
575 475
569 466
563 457
479 562
486 557
493 554
500 552
506 548
514 546
522 546
529 548
536 550
544 548
551 547
558 549
566 551
571 557
567 564
562 570
556 576
550 581
543 585
536 586
528 588
521 589
513 590
505 588
498 585
492 581
487 575
484 568
488 564
491 559
497 559
503 559
509 559
515 559
521 560
527 561
532 562
538 563
543 563
549 561
554 560
560 559
565 556
560 559
555 561
550 562
544 563
538 564
533 566
528 568
522 568
516 568
510 569
504 569
498 568
493 566
553 392
557 388
562 384
567 381
573 379
580 379
586 380
591 382
597 385
602 387
606 392
604 397
598 399
593 401
587 402
580 402
574 402
568 401
562 400
556 398
490 393
485 390
479 387
473 386
466 385
459 386
453 387
447 389
441 392
436 397
432 402
438 404
444 406
450 407
457 408
464 408
470 407
476 405
482 402
488 399
546 368
550 360
556 353
563 347
570 343
579 340
587 338
597 339
606 340
614 342
622 347
620 355
611 352
603 350
595 348
585 348
577 351
570 356
563 362
555 367
498 362
493 353
484 348
474 345
464 343
453 343
442 344
432 345
422 348
413 354
405 362
414 368
423 363
432 358
441 354
451 352
462 353
472 356
481 361
490 366
