467 689
466 707
466 726
470 744
472 763
475 780
480 800
487 815
500 829
514 843
531 851
547 861
563 870
580 876
599 882
615 887
634 894
653 897
670 900
689 903
707 905
727 906
745 905
765 906
783 905
801 902
818 897
836 891
854 883
868 872
882 858
891 841
901 825
907 808
910 791
912 772
914 753
917 734
920 716
925 698
930 678
701 633
691 645
681 657
674 671
677 686
689 694
705 697
720 700
736 701
752 705
768 706
782 704
797 699
805 686
802 669
793 657
783 644
645 771
656 763
668 756
680 751
693 746
705 740
717 735
732 735
745 739
760 739
774 738
786 744
799 749
811 756
821 766
816 778
804 785
792 789
778 790
763 791
749 792
735 793
720 793
706 793
692 791
678 789
664 787
652 782
653 769
662 764
674 764
686 765
697 764
709 764
721 763
732 764
743 766
755 767
766 767
778 768
789 768
801 769
812 771
802 776
790 775
779 774
767 774
756 775
744 775
732 774
721 774
709 774
697 774
686 774
674 775
662 774
790 582
794 577
800 572
806 568
812 565
819 563
826 563
833 564
840 566
845 570
851 574
852 581
846 583
839 585
832 586
825 587
818 587
811 586
804 585
796 584
670 567
667 561
661 556
654 552
648 548
641 545
633 544
625 545
618 548
611 552
605 558
601 565
608 567
616 569
623 571
631 572
639 573
647 572
655 571
663 569
773 532
780 522
791 516
803 514
815 512
828 512
841 513
852 516
864 519
874 525
884 535
877 545
864 544
852 542
839 542
826 542
813 542
801 545
788 546
776 543
707 515
694 505
680 497
665 492
647 493
632 496
616 500
600 504
585 509
571 516
558 527
574 524
591 522
607 520
624 518
641 519
657 522
672 527
687 531
704 530
