193 181
194 196
195 211
198 226
202 241
204 256
210 271
216 284
222 298
230 313
238 325
247 337
253 352
260 365
269 379
279 388
293 396
308 400
323 402
339 402
354 398
368 394
383 388
397 381
408 372
419 361
431 350
443 342
455 332
465 319
473 307
481 294
484 278
487 264
489 249
489 233
492 217
491 202
489 186
488 171
486 155
255 182
251 192
247 203
246 214
254 223
264 229
275 232
286 234
297 232
306 224
318 222
330 221
340 218
347 208
346 197
340 187
332 178
251 274
259 269
269 267
279 267
290 267
300 266
311 266
320 264
331 264
340 267
351 267
361 266
371 265
380 267
374 275
366 280
357 283
348 287
339 290
330 293
321 297
312 299
302 302
292 301
283 297
275 292
267 286
258 281
260 277
268 277
277 279
285 280
294 279
302 278
311 277
320 277
328 276
336 274
345 273
353 272
362 271
370 268
378 268
371 270
362 271
354 273
345 273
337 275
328 276
320 277
311 277
302 278
294 279
285 280
277 279
268 277
337 118
341 111
347 107
353 104
360 101
368 101
376 102
383 104
390 106
397 109
403 111
403 118
396 120
388 121
381 122
373 123
366 124
358 124
351 122
343 121
260 123
256 119
250 117
245 114
239 112
233 111
227 111
221 113
216 117
213 122
210 128
208 133
213 135
220 135
226 135
232 134
238 133
243 131
249 128
254 126
299 78
311 69
324 63
338 59
353 58
369 57
384 56
399 54
413 57
425 65
436 76
430 82
418 76
403 73
388 73
373 75
358 77
343 79
328 81
313 82
267 86
262 76
254 70
244 67
233 65
222 63
211 64
200 66
191 70
184 79
180 88
178 99
187 103
195 96
205 90
215 89
227 89
237 91
248 93
259 94
