1198 1391
1195 1452
1201 1525
1212 1590
1226 1660
1242 1722
1267 1787
1300 1845
1340 1905
1384 1957
1434 2004
1480 2047
1533 2093
1582 2140
1632 2188
1690 2229
1749 2262
1805 2292
1874 2311
1942 2311
2008 2310
2074 2297
2137 2266
2200 2232
2260 2204
2324 2178
2382 2150
2444 2122
2500 2083
2562 2045
2624 2027
2690 2007
2741 1964
2781 1907
2820 1854
2862 1794
2877 1729
2885 1662
2894 1596
2897 1529
2899 1455
1856 1385
1842 1441
1820 1501
1800 1557
1831 1615
1880 1651
1935 1679
1991 1699
2056 1706
2111 1681
2166 1648
2221 1614
2268 1580
2285 1523
2253 1465
2225 1413
2196 1353
1666 1807
1727 1818
1793 1820
1854 1809
1912 1793
1974 1785
2033 1799
2093 1791
2150 1772
2212 1764
2277 1765
2341 1769
2406 1767
2467 1757
2435 1790
2383 1823
2332 1859
2282 1897
2230 1929
2175 1954
2117 1969
2054 1974
1990 1969
1931 1956
1875 1933
1823 1901
1772 1867
1720 1836
1696 1823
1750 1830
1804 1835
1859 1840
1913 1846
1966 1853
2021 1850
2075 1843
2127 1835
2179 1825
2232 1816
2284 1807
2337 1799
2389 1788
2427 1785
2379 1803
2331 1820
2282 1835
2232 1849
2180 1860
2127 1866
2072 1869
2016 1867
1960 1864
1907 1857
1853 1851
1800 1844
1747 1837
2183 1130
2215 1106
2248 1085
2282 1064
2315 1043
2349 1027
2387 1018
2429 1017
2468 1023
2505 1034
2541 1046
2528 1076
2487 1079
2447 1074
2408 1068
2366 1070
2328 1077
2290 1086
2253 1097
2219 1116
1685 1096
1668 1085
1650 1080
1629 1080
1609 1081
1589 1082
1569 1084
1549 1086
1530 1089
1511 1093
1497 1108
1517 1110
1536 1114
1555 1117
1575 1119
1595 1120
1616 1119
1635 1116
1654 1112
1673 1108
2167 1026
2188 984
2225 948
2267 929
2313 918
2360 908
2408 901
2458 902
2505 910
2549 927
2585 961
2576 999
2534 979
2491 963
2442 957
2393 961
2347 971
2301 982
2256 996
2216 1020
1778 1009
1733 971
1684 945
1631 929
1574 922
1514 923
1459 936
1408 957
1358 979
1308 1003
1261 1037
1316 1025
1371 1012
1423 994
1476 978
1536 979
1590 992
1642 1010
1694 1028
1749 1041
