331 447
331 462
331 476
331 492
331 506
332 521
334 535
339 550
343 564
350 577
359 588
371 598
382 606
396 614
409 621
423 628
436 634
449 638
464 641
479 643
493 646
508 650
522 648
536 641
547 632
558 622
569 611
578 600
587 588
595 574
601 561
606 547
610 533
613 519
616 503
619 489
622 475
623 460
623 446
625 430
625 415
470 460
466 468
460 476
457 486
459 495
468 499
478 499
487 499
497 503
506 503
515 498
526 497
534 494
536 484
534 474
528 466
521 459
442 562
447 554
454 548
461 543
469 540
478 540
487 541
496 542
505 542
514 540
522 538
531 537
540 539
548 541
555 546
550 553
542 557
535 561
527 566
520 570
511 573
503 574
493 574
484 573
475 572
467 570
458 567
450 564
450 559
456 555
463 556
471 556
479 558
486 559
493 560
501 561
509 559
516 557
523 555
529 552
536 550
543 548
551 548
544 548
537 549
530 552
524 555
517 557
510 559
502 561
495 562
487 562
479 560
473 558
465 557
457 557
526 375
530 370
534 366
538 363
543 360
548 358
554 357
560 357
565 359
570 361
575 364
575 370
570 372
565 374
559 376
554 378
549 379
543 379
537 379
532 377
440 392
439 386
434 382
428 378
423 376
417 373
411 372
405 373
399 375
394 379
389 384
386 389
391 392
397 395
402 397
409 398
415 397
422 396
428 395
434 394
505 360
507 349
513 340
522 333
532 329
542 326
553 323
564 323
575 325
585 330
592 339
595 348
585 345
575 340
565 338
553 339
543 343
533 347
524 352
515 358
458 354
456 346
449 341
442 339
433 339
425 340
416 340
409 341
401 343
394 347
389 353
387 361
394 360
402 358
410 357
418 357
426 358
435 358
443 359
451 360
