-64 1497
-55 1595
-54 1696
-57 1800
-55 1907
-61 2009
-42 2109
4 2198
45 2297
88 2384
161 2463
230 2530
323 2587
411 2624
510 2669
604 2718
683 2770
782 2819
874 2859
972 2895
1063 2929
1166 2941
1267 2925
1368 2889
1456 2844
1536 2780
1628 2727
1715 2683
1813 2639
1900 2587
1973 2516
2045 2441
2103 2359
2142 2261
2173 2160
2199 2059
2226 1961
2251 1865
2270 1758
2288 1661
2305 1553
1110 1669
1056 1739
1012 1813
987 1907
1011 1992
1087 2033
1170 2063
1261 2082
1352 2070
1442 2071
1531 2092
1617 2056
1637 1967
1620 1878
1578 1799
1537 1720
1490 1637
770 2415
834 2413
895 2403
953 2390
1012 2377
1076 2374
1136 2363
1194 2348
1257 2343
1318 2352
1375 2368
1430 2390
1482 2419
1532 2455
1531 2517
1480 2550
1427 2578
1375 2607
1320 2629
1258 2633
1199 2620
1143 2600
1090 2575
1036 2548
983 2521
930 2495
876 2470
822 2445
876 2407
921 2415
967 2418
1015 2418
1063 2417
1110 2419
1158 2421
1204 2425
1250 2429
1296 2435
1337 2450
1384 2452
1427 2463
1468 2476
1514 2478
1470 2469
1429 2455
1388 2440
1342 2436
1297 2430
1253 2420
1205 2420
1158 2418
1111 2416
1064 2414
1016 2413
969 2415
921 2414
1696 1354
1725 1319
1764 1296
1804 1279
1849 1272
1894 1279
1935 1293
1974 1315
2010 1342
2040 1378
2045 1424
2010 1456
1971 1478
1930 1491
1885 1497
1838 1493
1795 1482
1754 1467
1717 1441
1697 1402
1049 1292
1023 1236
987 1183
940 1135
886 1104
823 1093
757 1096
693 1106
632 1120
572 1137
511 1150
555 1199
604 1245
657 1280
713 1305
772 1324
833 1337
897 1346
962 1352
1028 1349
1583 1082
1656 1046
1743 1042
1829 1036
1916 1032
2004 1034
2087 1044
2168 1062
2245 1085
2314 1131
2344 1205
2271 1233
2191 1217
2110 1200
2029 1184
1948 1168
1860 1171
1775 1179
1689 1184
1613 1156
1023 832
957 794
882 776
806 761
727 753
644 751
565 759
494 783
427 820
365 870
315 932
386 956
463 944
539 927
610 902
680 875
760 882
837 895
917 901
1000 903
