213 555
214 572
215 591
217 609
222 627
227 645
233 662
240 680
247 697
255 713
267 727
281 739
297 749
313 755
331 761
349 766
367 767
386 765
404 762
422 758
440 755
458 753
478 751
495 748
512 744
531 738
547 731
564 722
580 714
596 703
611 692
623 680
633 664
640 646
644 628
647 611
649 591
649 573
649 556
649 536
649 517
313 527
309 541
302 555
295 568
293 584
304 595
318 601
333 605
348 603
363 600
379 597
392 591
404 580
408 565
407 551
404 535
400 519
285 650
292 640
302 631
314 629
326 632
338 634
350 632
361 629
374 629
386 632
398 633
411 634
423 635
435 638
447 641
439 650
427 653
415 655
402 656
390 657
377 659
366 662
354 664
342 667
330 668
317 666
306 663
295 658
297 648
307 648
317 647
325 643
334 640
344 638
353 637
363 636
373 637
383 638
393 638
403 640
412 641
422 643
432 643
424 645
413 645
403 644
394 642
383 643
373 644
363 644
353 645
343 646
334 647
325 650
315 652
305 651
397 458
400 451
404 445
411 441
418 439
425 438
433 438
441 440
448 442
455 445
460 450
458 457
452 463
446 466
439 469
432 470
424 471
416 471
408 469
402 464
302 466
301 459
295 455
288 452
282 449
275 447
268 445
260 445
253 447
247 452
245 459
246 466
249 473
255 477
262 480
269 481
277 480
284 478
290 475
297 472
360 418
368 403
383 395
400 391
416 387
434 383
451 382
469 383
486 387
502 393
517 401
516 418
498 419
480 417
463 415
445 413
427 414
409 416
392 419
376 425
312 421
308 410
298 404
288 398
277 395
265 393
252 393
240 395
229 400
219 407
214 418
212 430
221 438
232 435
242 428
252 422
264 420
276 422
288 424
301 425
