26 328
30 346
35 366
41 384
47 401
53 420
58 438
65 456
75 472
87 488
97 503
110 518
123 531
139 544
154 553
172 564
187 572
206 580
224 585
243 589
261 593
281 595
299 594
318 591
338 588
355 579
369 566
383 554
395 538
405 522
415 505
423 489
431 472
438 454
443 434
443 416
441 397
440 377
438 359
436 339
432 320
253 311
251 326
248 342
244 357
244 372
253 383
269 384
285 387
300 388
315 389
332 388
345 378
352 365
350 349
345 334
337 321
330 306
212 474
217 464
226 456
236 451
246 447
257 442
267 438
277 432
289 431
300 434
312 435
322 430
334 428
346 430
354 438
356 450
350 459
341 468
330 471
319 474
307 475
296 477
284 476
272 475
260 476
248 476
236 475
223 475
217 475
225 467
234 464
243 460
253 456
262 453
271 450
281 447
292 446
302 446
313 447
324 445
334 444
345 445
354 448
349 457
340 461
331 465
322 468
312 471
302 474
292 476
281 475
270 475
260 476
249 476
238 476
227 475
304 246
307 239
313 235
319 232
326 230
334 230
341 231
348 232
354 235
360 239
365 244
364 251
358 255
351 257
344 259
337 259
330 258
323 256
316 254
310 251
206 249
198 245
189 242
179 241
169 242
159 244
151 247
143 252
135 258
128 266
122 273
132 274
142 273
152 273
162 272
171 270
180 267
189 264
197 260
206 258
282 207
290 197
300 190
311 185
322 180
334 177
346 175
358 177
369 183
378 192
383 203
385 215
373 213
363 207
352 202
339 203
327 206
316 210
304 213
292 214
217 188
199 185
179 184
159 184
140 184
121 187
105 196
91 209
79 224
71 240
64 257
80 250
96 239
112 231
128 223
145 217
165 216
183 213
202 210
219 204
