87 778
89 811
92 844
100 879
110 912
122 943
136 978
147 1010
159 1042
174 1073
193 1102
210 1130
235 1156
261 1179
284 1202
308 1229
331 1255
360 1273
391 1283
427 1291
460 1294
495 1285
529 1275
560 1261
591 1245
619 1229
647 1210
674 1184
695 1157
713 1129
730 1099
746 1068
759 1036
770 1005
781 970
790 939
801 904
811 872
822 838
830 806
836 769
429 741
412 765
396 790
386 816
387 846
406 870
433 881
461 895
487 904
519 901
546 894
573 882
591 858
602 830
593 803
582 775
574 743
302 977
324 971
349 969
375 969
400 968
426 968
449 973
472 979
497 981
520 985
543 991
566 997
590 1001
611 1013
599 1033
579 1047
558 1058
536 1066
513 1072
490 1076
464 1076
440 1072
417 1066
395 1058
375 1045
356 1031
337 1014
320 995
331 983
350 990
368 996
387 1003
405 1010
424 1015
442 1022
462 1027
483 1029
504 1029
526 1028
546 1026
567 1024
588 1022
607 1019
588 1024
567 1026
546 1028
525 1030
504 1030
482 1030
462 1028
442 1024
423 1018
405 1011
386 1005
367 999
349 992
572 624
584 616
597 612
610 609
625 608
640 608
654 608
669 609
683 611
696 614
705 625
695 636
683 640
668 641
654 639
641 635
628 632
614 630
601 627
587 624
389 609
377 599
362 595
347 594
330 594
315 595
299 598
284 601
270 604
256 609
242 615
257 620
271 623
286 626
302 628
318 629
333 628
348 625
363 621
377 617
529 543
549 517
577 504
608 499
642 498
676 497
708 493
741 497
769 508
794 530
806 558
805 591
775 588
749 570
719 560
687 557
653 557
620 560
586 560
554 564
411 509
386 490
356 483
324 480
292 477
260 474
227 475
196 480
168 492
142 508
120 532
149 541
180 538
211 533
244 532
277 533
310 534
341 537
372 542
403 537
