124 557
123 574
122 592
122 612
124 629
125 649
129 666
135 685
142 701
153 717
164 732
177 745
192 757
205 771
216 784
232 796
246 808
260 818
277 829
293 837
310 846
327 852
345 854
363 850
380 842
396 834
413 826
431 820
450 816
467 811
485 802
500 792
514 780
528 768
541 756
553 740
563 725
571 709
580 692
586 674
591 656
365 614
350 624
335 634
318 644
313 661
320 677
337 686
356 683
373 692
391 698
408 695
426 704
443 702
454 688
454 669
448 651
445 632
281 749
292 744
305 741
317 737
328 732
340 728
353 725
366 726
380 727
392 730
403 735
414 743
424 752
434 762
441 773
432 782
420 789
409 793
396 796
383 797
370 799
356 798
344 794
333 789
322 782
311 775
301 765
291 758
292 749
302 751
313 752
324 753
335 754
346 756
356 758
366 760
377 762
388 762
399 763
410 765
420 768
430 770
439 774
430 771
420 768
410 765
399 763
388 762
377 762
366 761
355 760
345 758
334 756
324 754
313 753
302 751
460 564
468 555
478 548
488 543
499 539
511 537
524 537
536 538
546 543
556 550
563 559
559 570
550 579
539 583
527 585
515 584
504 581
493 576
482 572
472 567
333 531
328 520
319 510
309 501
298 496
286 492
273 492
260 494
248 498
237 502
226 506
232 517
241 527
251 534
262 540
275 543
287 544
301 544
314 543
326 541
475 518
479 504
493 501
508 498
523 497
538 495
553 493
567 490
582 488
595 493
602 506
602 521
589 526
575 523
561 519
546 516
531 514
516 516
502 519
488 523
388 494
374 476
355 466
334 459
313 454
291 450
270 444
249 438
227 434
204 436
182 441
201 452
223 456
245 460
266 465
287 472
308 478
329 484
348 493
369 501
