521 542
519 565
518 588
515 611
513 634
511 657
510 680
513 702
518 726
525 748
533 769
546 789
558 807
571 828
583 846
596 868
609 886
625 902
644 915
665 925
688 934
709 941
732 941
753 932
775 921
793 906
810 891
824 875
838 854
852 835
866 816
880 800
895 783
912 766
926 748
938 728
950 708
964 689
973 666
978 645
987 622
807 621
800 636
792 651
784 665
780 680
787 694
800 705
815 714
829 723
844 728
860 723
875 715
888 706
896 692
892 676
891 660
891 642
697 778
706 771
716 767
728 767
739 768
750 770
760 775
770 780
780 784
791 785
803 785
814 787
824 792
827 802
821 811
815 821
805 828
795 830
783 829
773 825
764 819
755 810
750 801
745 791
738 782
729 775
718 773
707 774
712 770
719 767
727 767
736 768
743 771
750 774
757 779
763 784
770 787
779 788
787 788
795 789
803 791
811 793
817 798
810 797
803 793
795 791
787 790
779 789
771 789
763 786
756 782
750 778
743 773
736 770
728 769
719 768
903 553
909 546
916 542
924 538
932 536
941 535
950 535
958 537
966 539
973 543
979 550
979 558
971 560
962 562
954 561
945 560
937 558
928 557
920 555
911 554
818 526
812 519
805 512
798 506
790 503
780 502
771 501
762 499
753 501
744 504
737 509
745 511
754 513
763 515
772 518
780 521
788 525
796 527
805 529
814 532
928 518
935 510
944 506
955 505
966 505
976 506
987 507
998 508
1007 511
1016 517
1022 525
1020 535
1009 534
1000 530
990 527
980 526
969 524
959 524
948 524
937 524
857 494
845 482
830 477
815 471
799 465
783 461
767 458
749 458
731 458
714 460
699 466
712 476
729 480
746 479
764 480
781 483
796 488
812 493
827 499
843 503
