540 1169
560 1198
585 1229
610 1258
634 1286
660 1315
684 1343
714 1367
744 1385
777 1407
807 1424
844 1440
876 1456
912 1469
950 1470
990 1474
1024 1477
1063 1481
1102 1488
1137 1495
1173 1501
1214 1495
1249 1486
1284 1470
1309 1444
1331 1414
1351 1379
1363 1343
1376 1309
1398 1280
1419 1246
1434 1212
1447 1177
1459 1141
1466 1105
1466 1067
1469 1029
1462 991
1450 955
1441 918
1430 881
1118 1038
1108 1064
1101 1092
1098 1118
1095 1147
1113 1170
1141 1170
1168 1159
1193 1150
1219 1138
1244 1124
1265 1106
1288 1086
1292 1060
1269 1043
1245 1025
1226 1003
1136 1328
1151 1315
1165 1302
1180 1290
1196 1279
1211 1267
1225 1254
1241 1242
1257 1236
1274 1227
1290 1217
1308 1213
1327 1213
1334 1230
1336 1249
1335 1268
1328 1285
1318 1301
1305 1315
1290 1328
1274 1337
1257 1345
1240 1350
1222 1354
1203 1357
1183 1357
1165 1352
1150 1342
1142 1329
1153 1315
1168 1304
1182 1291
1196 1279
1211 1267
1225 1255
1241 1247
1256 1237
1272 1229
1287 1219
1304 1214
1322 1213
1333 1228
1333 1247
1332 1266
1329 1284
1319 1299
1307 1313
1293 1325
1278 1335
1260 1339
1243 1344
1227 1350
1209 1352
1191 1349
1174 1344
1158 1337
1232 885
1247 888
1263 887
1279 888
1294 884
1308 879
1322 873
1334 864
1344 852
1351 839
1358 827
1351 841
1344 854
1334 866
1321 874
1308 882
1294 887
1278 889
1262 889
1246 890
994 995
983 997
968 1009
951 1018
935 1026
918 1033
900 1038
881 1041
860 1041
840 1041
820 1042
839 1045
858 1048
878 1049
898 1048
917 1045
934 1039
951 1031
967 1022
982 1010
1222 828
1232 808
1249 793
1268 780
1286 765
1303 748
1320 732
1339 720
1360 713
1383 712
1401 721
1385 739
1367 754
1348 767
1330 781
1312 796
1294 808
1274 819
1256 833
1238 846
1095 894
1057 876
1013 882
970 890
928 899
884 906
842 914
803 930
767 957
732 982
696 1007
738 1015
783 1011
823 997
862 979
901 965
944 956
987 949
1029 941
1071 929
