559 908
561 945
567 986
575 1027
588 1067
606 1107
626 1140
651 1177
675 1209
703 1241
729 1270
759 1299
795 1323
831 1340
871 1354
911 1368
950 1382
986 1397
1026 1413
1065 1424
1106 1430
1146 1431
1190 1434
1230 1436
1273 1433
1312 1420
1347 1400
1382 1377
1418 1357
1452 1338
1488 1312
1514 1282
1534 1247
1548 1208
1559 1168
1567 1126
1569 1084
1567 1044
1562 1005
1558 961
1555 918
1170 920
1150 938
1131 957
1127 985
1138 1007
1159 1028
1185 1032
1214 1031
1242 1029
1267 1032
1294 1035
1323 1037
1347 1026
1362 1001
1361 975
1349 950
1332 926
1087 1175
1103 1162
1121 1153
1139 1144
1157 1136
1175 1130
1195 1126
1216 1127
1236 1130
1257 1132
1277 1129
1298 1129
1317 1135
1333 1147
1348 1162
1341 1179
1322 1186
1304 1194
1286 1201
1267 1205
1245 1205
1225 1201
1205 1198
1186 1193
1167 1188
1147 1184
1127 1182
1107 1179
1122 1165
1137 1162
1151 1158
1165 1154
1180 1152
1196 1150
1212 1150
1228 1151
1243 1152
1259 1153
1275 1154
1291 1155
1305 1158
1319 1164
1331 1172
1322 1171
1307 1167
1292 1165
1276 1165
1261 1166
1245 1167
1229 1166
1214 1164
1199 1162
1184 1160
1168 1159
1152 1161
1137 1163
1331 814
1335 800
1344 788
1356 780
1370 775
1384 772
1400 770
1415 773
1428 779
1440 787
1450 799
1455 813
1446 825
1433 830
1418 834
1403 834
1387 833
1372 831
1357 829
1343 825
1073 801
1059 788
1044 777
1028 770
1010 766
991 767
973 771
956 777
940 785
926 796
912 810
928 819
945 824
963 827
982 830
1001 831
1020 829
1038 827
1056 824
1073 819
1337 713
1345 691
1361 672
1382 661
1405 655
1430 654
1455 656
1479 661
1500 670
1520 685
1533 705
1539 727
1522 744
1501 735
1479 726
1455 723
1430 726
1406 729
1381 731
1356 729
1147 693
1109 669
1067 657
1021 653
973 652
930 662
890 678
853 703
815 727
776 746
740 777
782 764
823 749
864 735
908 727
955 724
1001 727
1047 732
1093 735
1141 734
