159 346
157 363
155 383
156 400
160 418
164 436
170 455
174 473
179 490
186 507
195 523
207 539
221 551
236 560
254 566
271 570
290 574
310 576
327 579
346 581
365 583
382 584
401 585
419 585
438 585
456 583
474 579
493 572
509 563
524 552
537 539
546 524
553 507
556 488
558 470
560 451
560 432
562 414
564 396
568 378
573 359
372 318
364 330
350 342
340 354
338 371
347 384
363 387
379 384
395 383
412 382
429 385
444 389
461 385
465 369
461 353
449 342
436 330
321 457
331 449
342 443
353 436
363 429
373 422
384 417
397 417
410 418
423 419
435 423
446 428
456 436
466 444
475 454
483 464
472 469
460 472
446 472
433 471
421 469
409 467
396 465
384 463
371 462
358 462
345 463
332 463
322 457
334 455
344 453
354 449
365 446
375 443
387 442
398 441
410 442
421 444
431 448
441 452
450 457
460 462
470 466
460 463
451 459
441 453
432 448
421 445
410 443
399 442
387 442
376 444
365 447
355 451
345 455
334 457
453 276
459 268
467 261
475 257
484 253
494 252
504 253
514 255
523 259
531 265
536 273
535 283
527 287
517 290
508 292
498 293
488 291
478 290
468 287
460 283
335 269
328 261
321 255
313 250
303 248
293 248
283 250
274 253
266 257
259 265
253 273
260 280
268 284
277 287
287 289
297 289
307 288
316 285
325 282
334 278
437 192
448 184
461 178
475 175
489 174
504 174
518 177
531 183
543 189
555 197
565 208
556 211
543 205
530 200
516 197
501 197
488 201
475 206
461 207
448 203
360 201
347 189
331 183
315 178
297 175
279 176
262 179
246 186
233 197
220 211
206 222
224 221
240 215
254 205
270 198
287 201
303 206
319 212
335 218
352 216
