165 443
172 461
178 480
184 499
190 517
197 538
204 556
212 574
220 592
231 611
240 628
249 646
259 663
270 680
284 696
299 707
318 715
338 717
358 717
378 716
397 712
417 706
435 697
452 688
471 676
488 666
504 657
522 646
538 635
555 622
570 609
584 594
594 578
600 558
604 538
607 519
608 498
607 479
606 458
606 439
607 417
268 489
259 502
249 517
246 532
258 545
267 557
281 568
298 567
312 560
327 551
343 545
361 545
373 535
372 519
363 503
350 494
339 480
247 584
260 583
273 587
285 590
298 593
309 599
322 597
335 595
348 592
361 590
375 590
388 589
402 587
411 593
401 602
390 610
379 618
368 625
357 632
345 637
332 639
319 640
306 638
294 632
284 624
274 614
265 604
257 593
256 588
267 592
277 597
287 602
298 606
308 610
319 612
331 612
343 611
354 608
365 605
376 602
387 598
397 595
408 591
399 594
388 598
377 601
366 604
355 607
344 609
332 611
320 611
309 609
298 605
288 601
277 596
267 591
369 395
376 390
383 384
391 379
400 376
408 374
418 373
428 374
437 376
445 379
453 384
449 392
441 396
432 399
424 401
414 402
405 402
396 400
387 399
378 396
265 394
259 389
252 385
246 381
239 378
232 375
224 374
216 374
208 374
201 377
197 384
199 391
205 398
211 401
219 402
227 402
236 402
244 401
252 401
260 400
332 355
349 347
366 339
385 334
404 331
424 328
444 327
464 329
482 334
501 339
517 352
500 356
480 355
459 355
438 355
417 355
397 358
379 363
360 368
341 372
264 368
262 356
252 349
241 343
229 340
217 337
204 335
192 333
179 331
166 333
155 338
151 349
161 356
174 357
187 358
200 359
213 360
226 361
238 364
251 367
