1087 832
1096 877
1107 926
1121 975
1136 1023
1152 1070
1167 1115
1185 1160
1207 1205
1230 1247
1258 1289
1292 1325
1323 1363
1355 1402
1386 1441
1428 1462
1476 1473
1530 1481
1575 1468
1623 1453
1667 1432
1710 1407
1751 1378
1790 1347
1829 1315
1869 1286
1904 1254
1938 1218
1977 1187
2009 1151
2044 1111
2069 1072
2088 1027
2110 979
2124 935
2132 884
2140 835
2147 789
2153 738
2158 687
2161 637
1170 879
1157 911
1147 944
1151 977
1169 1007
1200 1024
1234 1034
1269 1044
1301 1039
1337 1032
1372 1023
1405 1019
1435 1002
1449 970
1454 935
1440 905
1419 873
1250 1177
1255 1154
1266 1133
1290 1131
1311 1140
1334 1134
1359 1132
1382 1137
1404 1144
1428 1148
1451 1153
1474 1158
1497 1163
1519 1169
1521 1193
1502 1210
1483 1225
1463 1237
1443 1250
1422 1260
1400 1267
1376 1269
1351 1268
1327 1265
1306 1255
1289 1236
1277 1216
1259 1198
1259 1198
1276 1194
1292 1191
1309 1188
1327 1187
1343 1183
1358 1177
1375 1175
1391 1171
1409 1170
1427 1170
1444 1171
1462 1172
1480 1172
1497 1172
1480 1174
1463 1172
1445 1171
1427 1170
1410 1172
1392 1174
1376 1176
1360 1181
1344 1186
1327 1188
1309 1189
1293 1192
1277 1196
1443 620
1449 599
1458 579
1477 566
1497 559
1520 557
1543 558
1566 560
1588 564
1610 569
1630 576
1631 598
1612 611
1593 620
1573 629
1552 634
1529 638
1506 639
1484 635
1464 625
1213 674
1209 661
1198 652
1186 645
1174 640
1160 636
1146 634
1132 634
1117 633
1105 640
1102 654
1106 666
1114 678
1124 689
1135 699
1149 699
1163 696
1175 692
1188 687
1202 684
1300 522
1341 491
1387 472
1432 453
1478 437
1527 425
1578 417
1631 414
1679 425
1724 446
1767 471
1740 485
1689 477
1638 471
1585 470
1534 477
1487 491
1439 505
1394 524
1347 538
1163 572
1154 555
1138 543
1120 535
1102 528
1084 522
1064 519
1045 515
1026 510
1006 506
989 516
995 534
1007 551
1027 552
1049 551
1068 556
1087 561
1106 566
1125 570
1145 573
