830 989
834 1039
841 1094
853 1148
872 1197
891 1246
910 1298
928 1350
947 1396
970 1446
995 1493
1025 1542
1056 1581
1094 1622
1134 1655
1181 1687
1226 1714
1273 1738
1322 1757
1372 1779
1423 1793
1481 1801
1533 1801
1584 1788
1630 1765
1673 1727
1706 1685
1734 1640
1762 1594
1793 1548
1824 1508
1863 1468
1895 1428
1924 1377
1946 1330
1961 1280
1974 1229
1986 1172
1995 1121
2004 1069
2012 1012
1457 962
1433 997
1397 1024
1373 1062
1378 1107
1413 1140
1455 1130
1503 1127
1544 1143
1567 1182
1607 1185
1644 1156
1689 1147
1717 1111
1708 1069
1677 1031
1661 988
1210 1286
1252 1277
1297 1280
1341 1284
1386 1288
1431 1291
1475 1296
1519 1303
1564 1302
1610 1300
1656 1298
1698 1308
1729 1340
1718 1381
1700 1420
1673 1455
1639 1485
1600 1501
1557 1509
1512 1505
1471 1495
1428 1487
1388 1473
1351 1452
1315 1427
1282 1394
1253 1360
1229 1324
1243 1300
1279 1296
1315 1298
1351 1302
1387 1306
1423 1309
1458 1315
1492 1322
1527 1328
1564 1326
1600 1322
1636 1319
1673 1317
1695 1342
1673 1371
1648 1397
1619 1418
1588 1432
1554 1440
1517 1439
1481 1434
1447 1428
1415 1416
1384 1400
1354 1384
1323 1368
1293 1350
1265 1328
1631 814
1646 803
1663 795
1680 788
1698 783
1716 779
1735 776
1754 778
1773 781
1790 787
1806 798
1801 815
1783 821
1764 823
1744 822
1725 821
1706 818
1687 814
1668 816
1649 818
1388 790
1369 781
1349 773
1330 764
1311 755
1291 749
1269 746
1246 746
1225 749
1204 755
1185 763
1204 773
1223 783
1242 790
1263 796
1285 798
1307 798
1329 794
1351 792
1373 793
1653 625
1669 602
1693 590
1720 586
1748 584
1777 583
1807 583
1835 584
1860 593
1883 609
1902 629
1884 639
1859 631
1832 627
1803 627
1777 633
1751 641
1725 648
1697 651
1670 647
1454 596
1423 563
1382 551
1338 546
1293 543
1247 542
1202 546
1162 558
1125 579
1088 602
1054 632
1093 616
1133 602
1173 590
1215 580
1261 581
1302 591
1341 610
1379 626
1424 629
