793 987
782 1045
774 1101
766 1163
758 1220
751 1283
750 1343
755 1402
768 1461
787 1517
818 1567
847 1615
888 1661
935 1700
979 1739
1026 1775
1080 1800
1140 1812
1201 1814
1258 1814
1317 1802
1378 1789
1434 1774
1490 1751
1542 1724
1594 1695
1648 1663
1699 1634
1745 1594
1787 1555
1834 1513
1872 1472
1911 1427
1939 1373
1963 1316
1984 1265
2006 1206
2022 1146
2034 1087
2038 1033
2035 967
1109 919
1089 962
1063 1001
1037 1042
1023 1085
1053 1120
1096 1140
1140 1152
1190 1148
1238 1145
1285 1141
1331 1128
1367 1100
1370 1052
1345 1015
1319 971
1294 929
992 1298
1021 1288
1052 1281
1082 1272
1109 1258
1141 1252
1174 1251
1208 1252
1242 1253
1273 1258
1303 1268
1331 1280
1360 1290
1389 1300
1402 1325
1374 1339
1347 1354
1319 1369
1290 1379
1259 1385
1225 1387
1192 1385
1160 1381
1129 1374
1100 1364
1072 1351
1044 1337
1018 1318
1024 1322
1050 1319
1076 1316
1103 1315
1130 1314
1157 1313
1183 1310
1209 1307
1236 1305
1263 1304
1290 1304
1317 1303
1344 1305
1370 1308
1395 1308
1370 1304
1343 1303
1316 1303
1288 1302
1261 1303
1234 1302
1207 1303
1181 1306
1155 1309
1128 1311
1101 1312
1075 1315
1049 1318
1419 825
1427 813
1437 801
1450 795
1464 792
1478 791
1493 792
1508 795
1522 798
1536 801
1549 806
1551 819
1537 821
1523 823
1508 825
1493 826
1479 828
1464 829
1448 828
1434 825
1097 827
1096 813
1083 802
1070 795
1056 788
1041 784
1024 783
1008 784
993 788
978 794
965 802
957 816
971 823
985 829
1000 833
1016 835
1033 835
1049 833
1065 830
1081 827
1286 689
1329 666
1376 653
1422 637
1472 632
1524 636
1574 641
1623 650
1669 665
1712 689
1752 720
1708 729
1662 715
1617 698
1567 690
1516 685
1465 681
1416 689
1372 708
1326 722
1105 699
1085 680
1067 659
1047 640
1024 629
998 624
974 616
948 613
926 626
906 646
893 668
886 693
910 687
935 679
962 680
990 680
1017 683
1040 693
1063 705
1086 716
