385 299
389 314
391 332
392 352
393 369
394 386
398 405
403 422
409 439
417 455
425 471
435 485
446 500
458 514
471 527
484 538
499 548
514 557
531 563
549 562
567 563
586 562
603 558
620 552
637 544
652 534
664 521
678 510
691 498
701 483
710 467
718 451
725 434
730 417
734 399
739 383
743 366
746 347
747 329
748 311
745 293
518 315
513 327
508 339
503 352
503 366
513 375
526 380
539 385
553 386
566 385
581 383
594 378
605 369
606 356
601 342
594 331
588 317
477 422
488 416
500 411
511 406
523 403
536 402
550 401
563 401
577 402
589 405
600 411
610 419
620 428
621 441
613 451
603 459
592 465
581 472
570 479
560 486
547 487
534 486
522 482
511 475
502 466
494 455
488 444
482 433
487 426
495 422
505 420
515 421
525 423
535 425
545 426
555 424
565 423
576 423
586 424
597 424
606 427
615 431
613 441
605 445
595 448
586 450
576 452
567 454
557 456
547 458
537 457
527 455
518 452
509 447
502 440
494 433
603 270
606 264
610 259
615 254
621 251
628 249
635 248
642 249
648 250
655 253
660 257
664 263
658 267
652 269
645 271
638 272
631 272
624 272
617 271
610 272
501 263
495 258
490 255
484 252
477 250
470 249
463 249
457 250
450 252
445 256
441 261
445 267
451 270
457 272
464 273
471 272
478 271
485 270
492 269
499 269
593 211
598 200
609 192
621 189
634 188
647 190
659 193
670 198
681 205
691 213
700 223
699 232
688 225
677 219
666 214
654 211
641 210
628 212
616 215
604 217
506 213
505 201
494 196
482 194
469 193
456 193
445 196
434 202
425 210
417 220
410 230
403 240
415 237
424 229
434 221
445 216
456 213
469 212
482 214
494 216
