467 631
464 654
462 678
465 703
466 727
465 751
473 774
480 796
491 818
507 836
524 855
544 868
566 879
585 891
603 908
621 923
644 931
666 940
688 951
712 959
736 962
760 960
784 960
809 959
832 958
856 955
880 946
897 931
915 914
932 896
950 879
966 863
981 843
994 822
1004 802
1014 778
1024 758
1030 734
1035 709
1039 686
1041 660
763 633
751 648
739 664
730 684
735 704
751 713
771 716
793 713
813 714
833 716
854 718
875 715
893 706
907 690
906 669
896 653
883 635
704 782
719 777
736 774
753 772
770 770
786 767
804 767
821 766
838 763
854 759
871 757
887 760
901 769
908 783
902 798
895 813
884 827
871 837
856 842
838 843
821 844
803 843
786 841
770 837
756 829
743 818
730 807
717 794
709 781
722 785
736 788
750 790
765 791
779 791
794 794
807 796
822 797
836 795
850 792
864 790
877 787
891 784
901 780
888 785
875 788
862 793
849 797
836 801
821 801
807 798
793 796
778 794
764 794
749 792
735 790
721 787
889 561
895 554
903 549
910 545
919 543
928 542
937 541
946 542
955 543
963 546
969 553
967 561
960 565
951 567
942 568
933 568
924 567
915 566
907 564
898 562
732 558
723 551
714 546
705 542
695 539
684 538
673 538
663 540
654 544
645 549
637 556
646 561
655 565
665 568
675 570
685 572
696 571
706 569
716 567
727 565
867 505
881 498
897 494
913 490
930 488
946 485
962 482
978 478
996 480
1009 490
1018 504
1009 517
992 519
975 518
957 518
940 519
924 522
907 524
889 524
874 519
752 509
749 490
736 476
719 469
701 465
683 462
663 460
644 459
625 461
608 469
594 482
585 498
602 504
620 499
638 496
658 495
677 498
695 501
714 505
732 509
