382 361
382 377
382 395
385 413
387 431
392 449
400 465
410 480
421 495
432 510
443 522
456 535
469 547
483 558
497 568
509 582
525 593
541 601
558 605
576 607
593 608
611 605
630 603
646 595
657 582
665 566
675 550
683 534
692 519
703 504
711 489
716 472
723 455
728 437
733 420
736 403
739 385
743 368
747 350
749 332
750 313
586 323
579 337
570 350
560 363
558 377
563 393
578 399
593 402
608 403
625 403
640 402
655 400
669 391
672 376
667 362
659 349
650 334
514 462
525 458
537 457
549 455
561 452
572 450
584 448
596 450
608 452
619 450
631 448
643 450
654 455
664 459
661 470
653 480
644 489
634 496
623 500
611 502
599 503
587 500
576 496
565 492
554 488
544 482
534 476
523 470
525 464
535 464
545 464
555 462
564 461
574 460
584 460
594 461
604 462
614 463
624 463
633 461
643 460
653 462
662 464
653 466
643 468
634 469
624 471
614 471
604 471
594 471
584 470
574 469
564 468
554 468
544 467
534 467
647 265
654 258
661 253
668 248
675 244
683 241
691 239
699 237
708 238
716 241
721 248
723 256
716 260
708 263
699 263
690 262
681 261
672 260
663 260
655 263
555 262
553 254
547 247
540 239
532 234
523 231
513 231
503 232
494 234
485 238
477 242
469 248
478 251
487 254
496 256
506 257
516 258
526 258
536 259
546 260
650 227
653 217
661 208
671 204
682 203
693 202
704 200
716 199
727 200
737 204
745 212
748 220
738 215
727 216
716 218
705 219
694 222
684 225
673 228
661 228
573 207
561 197
547 192
532 187
517 185
501 183
485 182
469 184
455 189
442 197
432 210
446 204
460 200
476 198
492 199
507 202
521 208
535 214
550 218
566 220
