918 1231
917 1275
918 1325
921 1374
925 1422
929 1472
931 1522
945 1567
970 1607
1005 1647
1035 1680
1068 1719
1103 1750
1142 1781
1171 1821
1209 1854
1249 1879
1290 1904
1337 1924
1383 1941
1427 1954
1478 1946
1522 1925
1563 1898
1603 1870
1639 1845
1681 1817
1721 1784
1755 1755
1799 1726
1831 1689
1861 1652
1890 1616
1912 1570
1927 1524
1936 1475
1942 1425
1947 1379
1950 1328
1954 1282
1959 1231
1340 1352
1311 1374
1284 1402
1282 1443
1306 1472
1342 1491
1381 1491
1419 1489
1455 1507
1493 1505
1527 1484
1566 1486
1606 1487
1633 1464
1648 1424
1636 1388
1603 1366
1219 1608
1256 1592
1297 1586
1336 1597
1375 1606
1414 1618
1454 1625
1498 1623
1539 1618
1579 1608
1616 1594
1655 1585
1698 1581
1705 1620
1682 1655
1650 1682
1615 1704
1580 1724
1544 1742
1508 1759
1471 1777
1430 1783
1390 1776
1351 1765
1317 1742
1286 1712
1255 1680
1230 1647
1232 1628
1262 1616
1294 1625
1327 1632
1358 1642
1392 1648
1427 1647
1462 1645
1497 1643
1532 1640
1564 1631
1595 1620
1627 1613
1658 1602
1654 1631
1629 1656
1603 1680
1576 1700
1546 1714
1513 1721
1477 1722
1442 1720
1410 1712
1380 1700
1349 1688
1318 1678
1287 1668
1258 1654
1611 1185
1623 1162
1639 1141
1659 1121
1682 1108
1708 1102
1736 1101
1763 1105
1787 1113
1809 1126
1831 1142
1844 1164
1821 1177
1797 1186
1771 1192
1744 1195
1716 1193
1689 1195
1662 1198
1635 1195
1308 1160
1294 1139
1273 1124
1249 1114
1225 1108
1198 1106
1172 1109
1147 1116
1124 1126
1102 1138
1078 1146
1100 1161
1122 1172
1146 1182
1170 1189
1196 1192
1224 1191
1251 1193
1278 1192
1302 1185
1612 1059
1622 1025
1649 997
1685 989
1723 987
1761 985
1798 982
1837 981
1873 986
1906 1000
1934 1027
1911 1051
1879 1036
1844 1028
1808 1033
1775 1045
1742 1058
1709 1072
1675 1082
1639 1087
1401 1086
1383 1045
1342 1025
1298 1013
1253 1003
1208 992
1164 980
1118 971
1071 977
1032 1001
1006 1039
992 1082
1039 1078
1081 1061
1127 1054
1175 1058
1222 1065
1266 1077
1311 1088
1356 1097
