198 271
199 285
203 299
207 314
208 328
211 343
216 356
221 370
226 384
233 397
241 409
249 422
258 433
270 443
281 452
291 463
303 471
316 478
329 483
345 486
360 487
374 488
388 488
403 486
417 482
431 475
445 470
456 462
468 452
478 441
487 430
496 418
504 405
509 393
515 379
520 365
524 351
528 337
533 323
538 309
542 294
356 217
351 230
346 243
337 256
336 270
339 284
352 290
367 290
382 292
396 295
410 297
424 293
429 280
429 265
424 252
420 238
418 223
297 361
305 354
315 349
325 345
334 341
344 338
355 337
366 339
377 340
388 341
398 344
408 348
417 354
426 361
434 367
436 376
425 378
414 380
403 381
392 381
380 381
369 380
358 379
347 377
337 376
326 373
316 370
306 366
303 355
312 354
321 353
330 352
339 350
348 350
357 350
366 352
375 353
384 354
393 355
401 358
409 360
417 363
425 366
421 366
412 365
403 365
394 364
385 362
377 360
368 359
359 358
349 358
340 358
331 358
321 357
312 357
426 187
434 184
442 179
450 176
458 175
468 175
477 176
485 179
493 183
500 188
507 195
505 203
496 202
486 202
477 202
467 202
458 200
450 198
441 196
434 191
343 168
336 164
329 160
322 157
315 155
306 154
298 154
290 156
282 158
275 161
269 166
275 171
283 173
291 174
299 175
307 176
316 176
324 176
333 175
341 175
444 135
448 127
457 123
465 120
474 119
484 118
493 119
502 121
510 125
518 130
525 137
522 143
515 138
506 135
497 134
487 134
478 135
469 137
460 140
452 142
366 118
358 109
348 104
337 100
326 97
314 97
301 97
289 96
277 96
266 99
256 105
266 110
278 111
291 111
302 113
314 115
325 119
336 121
347 123
359 126
