76 262
76 276
78 290
84 303
91 315
95 330
97 343
101 358
106 371
111 384
117 399
121 411
127 424
135 436
147 444
161 450
175 454
188 455
203 454
217 450
230 444
245 440
258 435
271 429
285 425
299 419
311 412
321 402
333 393
342 383
352 371
361 360
369 349
377 335
380 322
383 308
386 293
388 279
388 265
386 251
379 237
103 253
102 263
99 274
97 286
100 296
110 300
121 303
133 304
144 301
154 297
165 293
175 289
182 280
182 270
175 261
166 255
157 246
126 345
125 334
123 324
133 322
143 324
154 325
164 323
174 320
185 319
195 320
206 321
217 321
228 322
239 324
238 334
233 343
225 350
216 356
207 362
198 367
189 371
179 374
170 377
159 379
149 377
140 372
133 364
129 355
128 348
131 341
136 333
145 335
154 335
163 334
171 332
180 330
189 329
197 327
206 326
215 325
224 323
233 323
238 329
231 335
224 340
217 344
209 348
201 352
193 355
185 357
176 359
168 361
159 362
150 362
141 360
134 355
172 200
175 194
179 189
184 186
190 184
196 183
203 182
210 182
216 183
222 185
228 188
229 194
223 197
217 199
211 201
205 202
198 202
191 202
185 202
178 201
116 202
115 197
111 193
107 190
102 188
97 187
91 187
86 187
81 189
76 191
73 195
74 201
76 206
80 208
86 209
91 208
96 207
101 205
106 204
111 204
140 156
151 149
162 144
175 141
187 138
200 137
213 138
226 141
238 144
249 149
261 155
257 163
244 163
230 162
217 161
203 161
190 161
177 162
164 164
150 165
95 168
94 164
90 160
86 158
82 156
77 155
72 154
67 154
63 155
59 158
57 162
58 168
60 171
65 169
69 168
74 167
79 168
83 169
88 170
92 172
