727 568
723 596
720 627
716 659
713 687
710 717
707 748
704 779
703 810
704 842
709 870
721 898
740 925
761 946
785 964
814 977
842 984
873 990
903 995
933 1000
964 1003
994 1004
1026 1004
1056 1004
1086 1003
1115 998
1147 990
1174 980
1205 969
1232 955
1256 939
1279 919
1299 895
1317 871
1340 851
1357 825
1369 797
1384 768
1395 742
1407 711
1414 681
877 577
867 594
847 607
832 624
832 645
844 665
866 667
888 666
910 670
931 679
951 689
973 696
996 691
1003 671
1005 647
998 627
981 612
777 760
787 746
796 731
810 719
825 712
841 707
859 706
878 705
893 711
907 724
919 738
930 751
943 765
956 778
964 793
971 808
958 819
939 819
921 820
902 821
884 821
866 819
849 816
833 811
816 806
800 800
786 790
773 777
783 773
797 771
809 767
821 762
835 761
849 762
864 762
876 766
888 770
901 774
913 780
924 786
937 791
949 796
960 804
949 799
937 794
925 788
913 783
901 777
888 773
876 770
862 767
849 765
836 762
822 763
809 767
797 771
1064 524
1074 512
1087 502
1100 494
1114 488
1130 485
1146 487
1160 492
1173 502
1184 514
1192 527
1197 541
1185 550
1169 548
1153 547
1138 545
1122 542
1107 538
1092 534
1078 529
916 487
917 475
913 465
908 455
899 446
889 441
877 439
865 440
854 442
843 446
834 452
824 459
828 469
838 476
848 479
859 482
871 483
883 485
894 487
905 490
1048 409
1069 397
1095 394
1122 393
1147 397
1170 405
1193 415
1215 426
1236 440
1254 460
1266 481
1254 496
1233 481
1213 464
1192 450
1169 442
1144 438
1118 435
1092 432
1068 426
932 388
931 370
915 360
899 354
881 349
864 343
847 338
828 337
810 340
795 350
782 364
769 379
788 376
806 372
825 371
844 372
862 375
879 381
896 388
914 391
