508 721
512 739
517 760
523 781
527 801
534 819
543 840
553 857
565 873
577 892
590 908
604 923
619 937
638 948
656 955
675 965
695 972
715 979
734 986
755 985
774 984
797 983
817 983
838 981
857 974
877 968
893 955
911 943
928 932
942 919
958 902
969 886
981 870
990 849
996 829
1000 809
1002 789
1006 768
1010 748
1013 727
1013 706
744 649
733 662
721 676
711 692
708 710
719 725
735 733
753 738
770 739
789 741
809 741
827 737
842 728
844 710
839 692
831 675
826 657
653 806
667 792
682 781
698 772
714 766
733 767
751 771
771 770
790 770
808 774
825 780
842 785
859 792
874 804
875 823
865 838
852 853
836 862
819 867
801 871
782 872
763 870
745 865
729 859
712 851
696 844
681 832
666 820
659 803
672 798
686 794
701 793
717 793
733 792
748 792
763 794
778 795
794 796
809 797
824 799
838 801
852 806
853 821
841 831
828 838
814 841
798 841
783 840
768 839
753 837
738 836
724 833
710 828
697 822
684 818
670 813
836 635
841 627
848 623
856 619
865 617
874 616
883 616
892 618
900 622
907 626
915 632
914 640
905 643
897 645
888 646
879 647
869 647
860 646
852 643
844 641
719 621
712 614
703 609
694 605
685 602
675 602
665 603
655 605
646 609
638 613
629 618
638 623
646 628
655 631
665 633
675 634
685 633
696 632
706 631
715 629
844 566
855 555
870 553
884 551
899 551
914 552
928 555
941 560
953 569
963 579
972 591
962 596
951 586
939 579
926 575
911 573
897 576
883 578
868 580
854 578
741 551
725 539
705 537
685 536
665 538
646 541
627 545
610 552
593 562
577 572
562 584
582 584
600 577
617 568
636 565
656 563
676 564
695 568
714 570
734 567
