700 749
695 775
691 803
685 832
680 860
678 888
678 918
680 945
690 972
703 998
717 1023
733 1048
750 1068
772 1089
792 1107
815 1126
837 1143
861 1160
885 1173
910 1184
939 1194
966 1202
994 1208
1020 1214
1051 1219
1078 1223
1106 1224
1132 1216
1156 1201
1178 1182
1196 1160
1213 1134
1228 1110
1241 1086
1252 1061
1264 1033
1275 1008
1286 982
1299 954
1310 929
1320 901
1095 808
1081 824
1063 839
1049 857
1048 881
1057 900
1076 914
1098 916
1122 916
1143 922
1164 933
1185 939
1204 929
1217 909
1214 886
1204 865
1203 842
1017 1003
1029 992
1043 986
1058 982
1072 976
1086 970
1101 966
1116 964
1132 967
1146 973
1162 974
1176 980
1186 992
1192 1006
1195 1022
1193 1037
1183 1050
1173 1062
1157 1061
1141 1058
1126 1055
1111 1051
1097 1046
1083 1040
1069 1033
1056 1027
1042 1021
1027 1016
1034 1009
1045 1008
1056 1007
1068 1006
1079 1008
1091 1009
1102 1011
1113 1013
1124 1015
1135 1016
1147 1017
1157 1021
1166 1028
1173 1037
1175 1047
1167 1048
1163 1038
1155 1029
1146 1023
1136 1018
1125 1016
1114 1014
1102 1013
1091 1011
1080 1009
1069 1008
1057 1009
1046 1009
1193 740
1200 733
1207 727
1215 722
1224 719
1234 718
1244 717
1252 721
1261 725
1268 731
1273 739
1274 748
1266 752
1257 755
1247 754
1238 753
1228 752
1219 749
1210 747
1201 744
1044 695
1035 684
1025 675
1014 667
1003 661
990 658
976 657
963 660
951 665
940 671
928 677
940 683
951 689
963 694
975 698
988 700
1001 702
1015 703
1029 704
1042 706
1195 656
1203 647
1213 641
1223 637
1235 634
1247 633
1259 633
1271 634
1283 636
1293 640
1300 650
1301 662
1290 661
1279 658
1267 657
1255 656
1243 655
1230 655
1219 657
1207 656
1073 614
1060 599
1044 589
1026 583
1007 579
987 578
967 578
947 580
928 583
910 590
895 604
914 599
934 597
954 597
975 597
994 599
1012 605
1029 612
1046 620
1064 626
