1043 1277
1055 1318
1070 1363
1081 1404
1097 1446
1114 1489
1132 1532
1152 1572
1173 1611
1203 1645
1239 1675
1275 1699
1314 1724
1351 1750
1390 1774
1433 1787
1477 1802
1520 1813
1562 1821
1605 1835
1652 1841
1697 1833
1743 1826
1781 1808
1817 1779
1852 1750
1887 1722
1922 1693
1958 1664
1988 1633
2017 1595
2037 1557
2052 1513
2063 1467
2073 1426
2081 1378
2083 1333
2087 1288
2091 1245
2094 1201
2097 1152
1527 1205
1514 1234
1506 1265
1504 1295
1518 1325
1546 1338
1580 1342
1610 1342
1644 1341
1674 1341
1709 1340
1738 1331
1770 1319
1794 1301
1795 1267
1788 1237
1772 1207
1426 1528
1456 1512
1483 1491
1510 1469
1539 1453
1573 1447
1606 1440
1642 1440
1677 1443
1711 1438
1746 1434
1778 1442
1807 1460
1834 1482
1844 1514
1823 1541
1796 1563
1768 1581
1739 1597
1708 1609
1675 1616
1639 1617
1605 1612
1572 1605
1540 1596
1510 1582
1480 1569
1450 1554
1459 1509
1484 1506
1507 1498
1531 1491
1557 1488
1583 1488
1610 1488
1637 1489
1663 1490
1690 1489
1716 1487
1742 1487
1768 1490
1792 1494
1809 1503
1785 1510
1762 1518
1739 1525
1714 1530
1688 1532
1662 1531
1636 1528
1611 1525
1586 1521
1561 1516
1535 1513
1509 1515
1483 1516
1755 1036
1765 1015
1783 997
1801 981
1821 969
1842 961
1864 955
1887 952
1911 954
1932 963
1949 981
1953 1004
1941 1024
1921 1034
1900 1041
1876 1044
1851 1044
1827 1041
1804 1038
1779 1036
1472 1040
1462 1019
1448 999
1428 984
1405 977
1380 979
1356 986
1333 991
1308 995
1286 1003
1266 1019
1255 1040
1277 1049
1301 1055
1325 1059
1351 1061
1377 1061
1402 1058
1427 1055
1454 1055
1710 893
1722 861
1752 844
1787 839
1825 838
1861 834
1895 827
1929 819
1965 820
1997 835
2022 861
2005 887
1969 885
1934 891
1899 897
1865 905
1833 916
1799 924
1764 929
1729 923
1507 901
1470 890
1430 885
1389 884
1348 882
1306 881
1266 884
1227 893
1192 907
1160 932
1139 965
1181 964
1222 961
1263 962
1305 962
1346 959
1387 956
1427 953
1467 947
1503 935
