794 1021
802 1055
810 1090
820 1121
827 1159
838 1192
852 1225
866 1255
884 1287
904 1315
929 1344
952 1370
977 1394
1003 1417
1032 1441
1058 1464
1086 1484
1117 1503
1146 1521
1180 1535
1215 1544
1251 1544
1286 1539
1319 1529
1351 1513
1376 1490
1398 1462
1419 1432
1439 1402
1458 1373
1478 1341
1496 1312
1512 1281
1526 1247
1536 1213
1546 1180
1555 1143
1561 1110
1566 1076
1571 1040
1577 1003
1179 1060
1168 1085
1154 1112
1142 1139
1144 1168
1167 1191
1195 1199
1223 1192
1251 1192
1282 1187
1312 1191
1341 1183
1361 1160
1365 1131
1350 1106
1330 1086
1314 1059
1133 1333
1141 1311
1154 1291
1171 1272
1190 1258
1212 1248
1236 1245
1260 1249
1283 1244
1308 1241
1332 1245
1353 1254
1373 1268
1386 1288
1383 1312
1373 1333
1360 1354
1349 1375
1336 1395
1316 1410
1294 1416
1269 1419
1244 1421
1220 1419
1198 1408
1180 1391
1163 1373
1146 1354
1140 1330
1154 1320
1169 1312
1184 1305
1200 1301
1217 1298
1234 1296
1253 1296
1270 1295
1287 1292
1304 1289
1322 1289
1339 1292
1355 1296
1364 1307
1348 1314
1333 1321
1319 1329
1304 1336
1289 1344
1273 1349
1256 1348
1239 1344
1223 1341
1205 1339
1189 1336
1172 1332
1157 1326
1330 932
1337 916
1348 902
1362 891
1377 883
1393 876
1410 872
1427 869
1446 869
1463 873
1478 882
1480 900
1470 914
1455 924
1439 929
1421 931
1402 932
1384 931
1366 929
1348 932
1110 935
1097 921
1082 912
1065 906
1048 903
1029 902
1011 904
994 909
978 916
962 924
948 935
961 949
976 957
993 962
1012 963
1031 962
1048 958
1064 952
1082 949
1101 948
1291 800
1314 779
1342 770
1370 762
1398 754
1427 747
1457 742
1486 749
1512 763
1533 786
1544 813
1521 793
1493 785
1464 792
1436 800
1409 810
1381 820
1354 830
1325 837
1297 829
1142 807
1111 797
1077 795
1043 798
1009 801
975 802
941 806
910 814
882 830
863 857
857 889
880 865
908 848
940 841
973 837
1009 837
1042 840
1077 842
1109 847
1141 840
