653 848
653 869
655 891
661 911
667 933
674 953
682 975
687 994
695 1015
703 1036
711 1057
721 1076
732 1094
744 1113
758 1129
773 1144
793 1151
815 1152
838 1150
858 1143
879 1135
899 1128
919 1122
941 1117
961 1109
983 1105
1003 1096
1023 1087
1042 1079
1062 1071
1081 1061
1102 1052
1119 1040
1133 1021
1145 1004
1154 983
1167 967
1175 947
1183 926
1191 905
1196 884
754 831
747 845
742 860
739 875
746 889
762 893
777 891
793 888
809 885
825 884
840 884
857 883
872 877
879 862
877 847
868 833
858 820
738 984
740 968
744 954
753 941
766 933
780 926
794 922
810 921
825 924
838 930
852 936
866 941
880 947
893 954
905 964
904 979
891 988
878 996
865 1005
852 1013
838 1018
824 1023
809 1026
794 1028
778 1028
764 1022
752 1011
743 998
748 993
757 985
765 976
774 969
784 964
794 960
805 958
816 956
828 955
839 956
850 958
861 960
872 963
884 964
895 966
894 974
883 977
871 978
859 978
848 979
836 980
824 980
813 982
802 984
791 987
780 989
769 993
759 996
889 735
894 727
902 719
910 714
919 712
929 710
939 711
950 712
959 714
969 717
977 720
980 728
970 731
961 733
951 734
940 735
930 736
920 737
910 736
899 736
766 756
763 748
756 741
749 737
741 734
732 733
723 734
714 735
706 739
699 744
694 751
691 759
698 765
706 767
715 767
724 767
733 765
741 763
750 761
759 760
843 667
855 650
873 642
893 637
913 633
935 631
957 633
977 637
997 643
1015 652
1033 662
1028 673
1008 668
989 662
968 657
947 656
925 658
904 662
884 666
864 671
769 667
759 657
746 655
732 655
719 657
705 658
693 662
682 670
676 681
672 694
669 706
666 719
675 710
684 699
695 691
707 687
720 685
733 683
746 681
758 676
