376 501
381 515
386 530
391 546
397 561
405 574
414 589
423 602
432 616
438 630
445 644
454 658
467 668
481 677
495 685
508 693
522 700
538 704
555 705
571 704
585 700
602 695
616 689
631 683
647 677
662 671
676 664
690 655
701 643
709 630
717 615
722 601
728 584
734 569
739 554
744 539
749 523
752 508
754 492
755 476
756 459
475 475
470 486
462 498
459 512
463 524
477 525
489 531
500 538
514 538
528 535
541 531
555 529
566 522
570 509
565 496
554 488
548 476
464 586
470 576
479 572
489 569
500 566
511 565
522 564
533 562
545 561
556 562
567 565
577 568
587 572
596 577
599 588
590 595
581 600
571 605
561 609
551 614
541 617
531 620
520 619
509 616
499 612
490 608
481 602
472 594
472 579
481 579
490 577
498 576
507 576
516 576
525 575
534 574
543 573
552 573
561 573
569 575
578 577
586 579
590 585
582 587
574 589
565 590
556 591
548 592
538 592
530 593
521 594
512 593
504 591
496 588
487 586
480 583
563 436
566 429
572 423
578 419
585 417
593 417
601 417
608 418
616 419
623 421
630 423
630 429
623 431
616 432
609 434
602 436
594 437
586 438
578 438
570 438
469 431
464 426
457 422
450 421
443 420
435 420
428 420
420 422
414 425
408 429
403 435
411 435
418 436
425 438
432 440
440 440
447 439
455 440
462 438
470 438
518 410
528 399
541 393
555 391
570 389
585 388
600 386
615 385
630 385
644 389
657 395
645 398
630 398
615 399
601 402
588 407
574 410
559 412
546 416
531 417
467 396
457 390
447 386
436 384
424 384
412 384
401 386
390 388
380 393
371 402
365 411
374 417
384 412
395 409
406 408
418 406
429 405
441 406
453 407
465 406
