624 835
626 858
627 882
629 908
635 931
646 955
658 976
673 996
688 1015
704 1034
717 1055
730 1076
747 1094
764 1113
784 1124
810 1129
834 1128
858 1124
884 1123
909 1122
933 1120
957 1116
979 1105
1001 1094
1024 1080
1045 1068
1065 1054
1084 1038
1100 1021
1115 1000
1128 980
1142 958
1151 936
1153 911
1159 888
1166 862
1165 838
1164 813
1160 788
1160 764
1162 738
677 807
669 823
664 840
660 858
670 873
685 885
704 888
722 887
740 883
758 880
777 875
794 867
809 857
810 839
799 825
786 810
774 795
699 981
705 969
713 958
725 951
737 948
750 944
763 942
777 942
791 942
805 943
819 943
833 942
848 943
861 945
859 958
849 967
838 975
827 983
816 990
805 997
793 1004
781 1009
768 1012
755 1013
741 1012
728 1008
717 1000
710 989
707 983
716 978
727 977
737 978
748 979
758 978
768 975
778 970
787 967
798 965
808 963
818 961
829 959
839 958
849 955
839 957
828 957
818 959
808 962
797 962
787 965
777 968
768 972
757 973
746 973
735 971
725 972
715 977
812 707
814 696
820 686
830 681
841 680
853 679
865 680
876 682
887 684
898 687
908 691
902 700
892 707
882 712
872 716
862 719
850 721
838 722
826 722
816 717
703 736
699 728
692 724
684 721
676 719
667 718
658 718
650 719
642 723
635 727
630 734
635 742
641 748
648 752
657 753
665 751
674 749
682 747
690 745
698 743
745 663
764 650
785 641
805 632
826 623
848 618
872 615
895 617
917 623
938 630
958 642
948 654
925 651
901 649
877 648
854 651
832 656
811 663
789 668
766 672
663 683
655 677
647 674
638 671
629 669
620 666
611 663
602 661
592 662
588 670
590 680
592 689
599 694
605 687
614 683
624 683
633 686
642 689
651 691
660 691
