444 571
443 590
444 610
446 629
449 648
451 669
453 689
457 707
462 726
470 745
477 763
484 782
490 800
500 817
511 834
525 848
542 858
560 865
580 870
598 872
618 872
637 870
658 868
676 863
696 855
713 850
734 847
752 841
769 830
785 817
798 805
814 791
827 778
839 761
849 745
860 728
869 710
878 692
886 674
892 655
896 636
560 580
552 595
543 611
534 627
526 642
538 655
552 667
567 676
585 677
602 673
619 674
637 675
647 659
644 642
635 626
636 609
635 590
506 711
518 708
530 705
543 703
556 705
568 708
581 710
594 712
605 717
616 723
627 730
638 737
649 743
660 749
651 756
640 762
629 768
616 770
603 772
590 773
576 773
563 772
551 769
540 764
529 756
521 746
516 734
511 723
508 711
517 716
527 719
538 721
548 723
558 726
568 729
579 730
590 731
600 734
610 737
619 741
630 743
640 745
651 747
641 744
631 741
620 739
610 736
600 733
590 731
579 730
568 728
558 726
548 723
538 720
527 718
517 716
669 555
675 551
681 546
687 543
694 541
702 541
710 542
716 544
723 547
729 551
735 556
733 563
726 565
719 566
711 566
703 566
696 564
690 562
683 559
676 556
565 520
562 515
557 510
552 506
546 503
540 502
534 500
527 500
521 501
515 503
510 507
514 512
519 516
525 519
531 521
536 523
543 525
549 525
556 525
562 526
644 501
657 488
674 487
693 486
711 487
729 488
746 491
762 495
778 500
792 510
806 521
795 530
779 525
763 519
747 516
729 513
712 511
696 507
679 504
661 503
571 476
572 468
563 462
554 458
544 456
532 455
522 457
511 458
500 460
490 463
482 470
475 479
485 475
495 471
506 470
517 470
528 470
540 470
550 471
560 474
