403 551
404 567
406 585
408 602
412 620
417 637
423 654
429 668
437 685
447 699
458 712
470 726
483 738
495 749
509 761
522 772
537 781
553 788
571 792
588 793
606 792
622 789
639 785
656 778
672 772
688 764
701 753
716 744
731 733
743 721
754 707
766 694
777 681
784 665
790 648
794 631
797 614
799 596
799 580
799 563
798 544
525 536
514 546
507 558
507 573
516 584
529 591
543 595
558 597
572 595
585 589
599 585
611 578
624 570
632 558
628 545
615 537
603 527
484 643
493 628
507 620
524 618
542 618
560 617
577 615
595 613
613 613
631 613
648 614
664 618
679 626
684 641
677 656
666 670
653 682
639 692
624 700
609 706
592 709
575 711
558 708
542 704
527 696
514 684
503 671
493 657
499 642
510 634
522 632
536 631
549 633
562 635
575 636
588 635
601 633
614 631
627 629
640 628
654 629
666 632
663 643
653 650
641 656
630 660
618 664
606 667
593 670
580 672
567 674
554 672
542 669
531 664
520 658
509 651
623 471
629 466
635 463
642 460
650 459
658 458
666 458
673 459
681 461
688 463
694 467
693 473
685 474
677 475
669 475
661 476
653 475
645 474
638 473
630 473
518 474
511 471
504 469
497 468
489 467
482 468
475 470
468 472
462 476
456 480
449 483
456 485
464 485
472 485
480 485
488 485
495 484
503 483
510 483
517 481
608 431
613 422
622 417
632 414
642 414
653 413
664 412
674 411
684 412
694 415
702 421
703 430
692 430
681 430
670 431
660 432
649 432
638 433
628 434
617 435
523 440
520 429
509 423
498 421
485 421
473 422
460 424
449 426
437 429
427 434
419 444
420 457
431 453
441 447
451 441
462 438
475 436
487 437
500 438
511 441
