583 624
578 657
579 696
580 731
584 768
591 805
601 841
612 877
628 907
653 938
678 962
707 988
733 1015
755 1042
776 1073
801 1097
838 1109
872 1121
907 1137
943 1141
978 1144
1015 1147
1054 1146
1089 1135
1123 1128
1160 1124
1198 1119
1233 1116
1270 1111
1303 1096
1332 1071
1357 1045
1379 1017
1400 988
1420 954
1435 920
1447 887
1462 851
1473 817
1488 782
1502 748
990 623
975 648
956 674
937 699
926 730
944 754
973 768
1004 771
1037 775
1067 786
1095 794
1129 794
1155 782
1163 750
1160 718
1154 687
1154 655
865 863
888 863
908 868
929 872
948 878
970 881
990 886
1009 893
1030 897
1050 902
1069 909
1089 915
1108 921
1126 931
1110 944
1092 953
1073 961
1054 970
1034 974
1011 974
991 970
971 963
953 955
935 943
921 927
910 909
898 891
882 875
892 868
906 873
921 877
936 882
950 887
965 891
980 897
994 902
1009 906
1024 909
1040 912
1055 915
1071 918
1087 921
1102 924
1086 923
1070 922
1054 920
1038 919
1021 917
1005 915
991 910
977 903
963 896
949 890
934 886
920 880
906 873
1188 606
1196 591
1211 581
1227 575
1244 571
1263 572
1280 576
1296 584
1311 594
1325 605
1339 617
1341 635
1323 638
1305 641
1286 641
1268 639
1251 634
1235 627
1220 619
1204 613
947 539
936 525
923 512
909 502
894 494
877 492
859 491
842 493
825 497
810 503
795 511
809 522
822 533
837 541
853 547
870 550
888 550
906 550
924 551
941 553
1169 491
1194 463
1230 459
1266 464
1301 474
1333 486
1366 501
1397 519
1425 543
1448 572
1465 604
1438 600
1407 582
1377 564
1346 546
1313 533
1277 527
1241 533
1206 541
1173 528
1040 454
1021 424
989 410
954 403
919 397
883 392
846 388
809 387
772 390
739 401
708 418
745 422
783 422
819 427
854 434
888 443
920 455
952 468
985 481
1021 484
