364 436
360 450
357 465
353 480
351 495
351 511
351 527
351 542
351 558
352 572
359 588
369 600
379 610
390 622
402 632
415 641
427 650
439 659
453 666
467 675
480 681
495 687
510 693
524 697
540 701
555 701
570 698
584 690
594 680
603 667
612 654
621 641
631 629
640 617
649 604
657 592
665 577
668 563
670 547
673 532
677 516
578 487
574 497
567 505
560 515
558 526
561 536
572 540
583 540
594 544
606 546
616 549
628 550
636 542
639 532
637 520
634 509
631 497
536 594
541 587
548 583
556 580
563 577
570 573
578 570
586 568
595 568
603 570
611 572
618 577
621 585
622 593
619 601
616 608
613 616
609 623
603 629
595 632
586 633
578 633
570 630
563 625
556 620
549 615
543 608
538 602
537 593
543 588
549 587
555 585
562 584
568 583
575 581
582 582
588 583
595 584
601 585
607 587
613 591
616 597
617 603
614 609
609 614
603 616
596 616
589 616
582 615
576 613
571 609
565 607
559 605
552 603
546 601
541 598
629 459
632 455
637 454
642 453
648 453
653 454
657 456
662 458
666 462
670 466
672 470
669 474
663 474
658 474
652 475
648 473
643 472
638 470
633 468
630 464
564 443
561 437
556 431
550 427
544 424
537 422
529 421
522 421
514 421
507 422
501 424
505 430
511 434
517 437
524 440
530 443
537 444
544 446
551 447
558 447
639 406
646 403
652 400
660 398
667 397
674 395
682 396
689 399
694 405
697 412
698 419
697 427
692 424
685 420
678 418
670 419
662 419
654 419
647 417
640 414
599 372
589 364
577 362
565 360
553 358
541 356
528 356
516 359
505 365
495 369
485 377
497 378
510 376
523 376
535 377
547 381
558 384
571 385
583 386
594 383
