612 813
618 837
625 860
632 883
639 905
647 928
656 951
663 976
669 998
678 1021
688 1043
701 1063
720 1080
743 1091
764 1101
787 1111
810 1115
835 1116
859 1114
884 1110
908 1104
930 1096
952 1086
974 1077
995 1066
1016 1052
1036 1038
1057 1023
1075 1008
1092 991
1107 973
1121 951
1129 928
1135 905
1139 881
1142 858
1144 832
1145 807
1146 784
1146 760
1144 734
721 758
712 771
701 786
699 803
715 809
731 814
749 820
765 823
783 819
797 809
815 806
831 801
848 805
863 797
865 779
857 763
843 753
718 902
732 895
746 887
760 881
777 882
794 881
809 878
826 878
841 883
856 887
872 889
888 891
904 894
919 897
905 906
893 915
879 924
865 931
851 937
837 943
822 948
807 951
790 953
774 952
758 948
744 942
732 930
724 917
721 902
732 900
744 903
756 902
769 902
781 902
793 900
806 899
818 898
830 898
842 896
854 895
866 893
879 892
891 892
880 894
868 896
856 897
844 898
832 898
819 899
807 901
795 902
782 902
770 903
758 902
746 903
733 903
857 655
863 650
870 646
877 643
884 641
891 639
899 639
907 640
914 641
921 643
928 647
927 654
920 656
912 657
904 657
896 657
888 657
880 656
873 655
865 656
721 663
713 660
706 657
698 655
690 654
681 654
673 656
666 659
659 663
653 669
649 676
656 679
665 679
673 678
682 678
690 676
697 674
705 671
713 670
721 669
802 632
813 611
833 602
856 596
879 592
901 587
923 582
947 579
971 580
993 585
1014 595
1006 616
988 632
964 634
941 630
918 626
894 625
871 631
848 634
825 637
731 629
718 619
703 614
687 610
671 607
654 606
637 606
620 608
604 612
588 616
592 632
596 647
611 653
628 651
643 646
659 643
676 643
693 645
710 647
725 643
