823 1039
830 1086
837 1138
844 1190
853 1242
862 1290
875 1342
889 1393
906 1438
926 1486
950 1528
981 1572
1012 1613
1046 1655
1069 1700
1089 1747
1113 1792
1143 1832
1179 1871
1218 1900
1265 1927
1315 1937
1364 1937
1417 1926
1463 1908
1505 1877
1539 1837
1567 1792
1588 1745
1606 1697
1619 1648
1641 1602
1681 1573
1715 1531
1737 1487
1757 1441
1774 1391
1789 1341
1806 1293
1821 1242
1835 1192
1287 1200
1282 1243
1245 1270
1218 1312
1209 1359
1251 1383
1298 1399
1335 1431
1370 1458
1418 1464
1464 1446
1503 1415
1548 1395
1570 1355
1550 1310
1527 1271
1520 1220
1133 1540
1169 1539
1204 1541
1236 1552
1270 1556
1304 1562
1336 1570
1368 1581
1402 1586
1437 1584
1470 1577
1504 1571
1538 1567
1562 1587
1539 1614
1513 1639
1485 1659
1455 1673
1422 1681
1387 1684
1351 1684
1316 1680
1284 1672
1253 1660
1224 1643
1197 1621
1170 1597
1146 1571
1178 1551
1203 1560
1230 1565
1257 1569
1281 1578
1306 1587
1332 1594
1358 1600
1386 1602
1414 1600
1441 1597
1468 1593
1494 1586
1519 1578
1543 1568
1519 1579
1494 1587
1468 1595
1442 1602
1415 1604
1386 1603
1358 1601
1332 1595
1306 1588
1280 1581
1255 1573
1229 1567
1203 1560
1515 985
1528 967
1545 950
1564 938
1584 929
1605 923
1628 920
1651 924
1671 931
1691 942
1709 955
1712 978
1694 993
1673 1000
1651 1004
1627 1003
1604 1000
1582 996
1560 992
1537 990
1242 960
1223 942
1204 925
1184 912
1162 903
1137 900
1112 902
1089 908
1067 916
1046 928
1028 946
1048 960
1068 972
1090 981
1113 987
1138 989
1163 988
1187 983
1212 980
1237 980
1464 928
1485 893
1521 875
1561 865
1602 860
1646 860
1688 857
1730 851
1773 852
1810 869
1839 900
1845 938
1803 933
1763 925
1721 922
1678 924
1635 922
1591 923
1551 930
1507 931
1297 897
1290 852
1252 827
1210 812
1167 796
1126 781
1082 769
1034 766
989 776
949 798
918 834
902 876
950 875
988 846
1031 833
1079 835
1124 845
1167 858
1211 870
1254 885
