150 918
148 952
153 989
162 1026
170 1062
180 1096
195 1128
212 1165
231 1194
252 1225
271 1258
289 1287
313 1318
340 1342
371 1360
405 1375
438 1389
471 1404
505 1421
543 1427
578 1427
613 1422
650 1417
685 1407
720 1390
749 1368
779 1345
806 1325
836 1300
861 1274
884 1245
903 1214
921 1181
937 1148
950 1113
960 1077
967 1044
972 1006
975 969
978 931
982 894
502 885
488 911
472 942
457 970
460 1001
476 1032
503 1045
526 1024
557 1008
590 1008
620 1023
649 1024
678 1007
691 979
684 945
669 918
654 886
428 1153
448 1139
469 1128
492 1122
513 1111
535 1104
561 1105
586 1105
611 1103
636 1106
658 1114
678 1127
698 1141
718 1153
714 1176
697 1195
678 1212
658 1224
636 1235
614 1241
590 1246
565 1248
541 1245
519 1235
499 1222
480 1207
461 1190
442 1173
443 1155
462 1154
479 1151
496 1146
513 1142
532 1140
551 1140
570 1140
588 1138
607 1136
625 1138
642 1142
659 1148
675 1154
692 1158
675 1159
658 1162
640 1167
623 1170
604 1172
585 1171
567 1169
549 1166
531 1164
514 1161
496 1157
479 1153
461 1156
686 766
699 758
711 750
724 743
738 739
753 737
769 738
783 741
796 748
809 756
820 767
816 781
802 785
787 787
772 788
756 788
741 786
727 782
713 777
699 772
456 754
444 747
432 739
419 734
405 731
390 729
376 731
362 735
350 742
339 753
329 764
341 772
354 777
369 779
384 778
399 777
413 775
427 772
441 769
455 766
660 675
682 660
706 649
731 640
756 634
784 632
811 636
835 647
857 664
876 685
889 708
885 731
861 720
840 704
817 690
791 683
763 683
736 688
710 693
682 690
499 677
487 654
460 646
432 639
404 632
376 628
346 626
320 636
296 652
274 672
255 696
244 721
269 709
294 697
321 688
349 683
379 680
409 678
439 680
469 681
