232 462
234 478
236 496
238 514
242 532
248 549
253 567
259 583
267 599
276 615
284 630
294 645
305 659
317 672
330 686
344 695
358 707
375 713
393 717
410 719
428 721
445 724
464 724
480 717
492 704
502 690
514 676
523 661
531 644
541 630
550 615
559 599
565 583
573 566
582 550
588 534
594 516
597 499
597 481
596 463
597 445
405 480
397 493
390 506
386 520
390 536
404 541
419 539
433 547
446 555
461 556
474 548
488 543
501 533
508 520
503 506
493 494
488 479
357 603
368 600
380 597
392 596
404 594
417 593
429 596
440 600
452 600
464 597
476 595
488 596
500 599
508 607
501 617
491 626
482 633
471 639
461 644
449 646
437 648
424 648
413 646
401 642
391 638
380 632
371 623
364 614
366 605
376 606
385 608
394 610
404 612
413 614
423 616
433 616
443 615
453 615
463 614
472 613
482 611
491 608
499 607
490 609
481 612
471 614
462 615
452 616
442 617
432 618
422 617
412 615
403 614
394 611
385 608
376 606
492 411
495 405
501 400
508 396
514 393
521 390
528 389
536 390
543 391
550 394
556 398
557 406
550 409
543 411
536 413
528 413
520 413
513 411
506 409
499 408
384 403
378 398
371 395
364 392
357 390
350 389
342 389
334 390
327 392
320 395
314 401
320 405
327 408
334 411
341 412
349 413
357 412
365 410
372 408
380 407
470 394
482 383
496 378
510 373
524 368
538 362
552 355
566 349
580 345
597 345
610 353
608 369
595 376
579 379
563 380
547 382
532 384
516 388
501 391
486 394
402 382
388 375
373 370
359 364
344 359
329 354
314 349
298 347
281 348
267 355
257 368
271 376
287 379
304 380
321 380
338 381
354 383
369 387
385 390
401 393
