714 1645
721 1707
729 1768
742 1834
759 1894
779 1957
800 2016
824 2073
854 2128
888 2183
927 2238
962 2289
1001 2343
1045 2388
1096 2424
1159 2447
1221 2454
1283 2455
1350 2454
1412 2456
1473 2452
1541 2439
1601 2421
1657 2397
1715 2362
1761 2325
1810 2279
1859 2234
1902 2194
1946 2148
1988 2094
2025 2040
2061 1987
2088 1932
2103 1867
2114 1806
2125 1745
2134 1677
2140 1616
2146 1553
2153 1486
1180 1601
1161 1643
1139 1689
1122 1733
1137 1779
1174 1814
1214 1837
1265 1845
1310 1834
1362 1827
1411 1820
1457 1806
1483 1768
1479 1719
1457 1676
1426 1633
1401 1590
1070 2062
1101 2038
1134 2019
1169 2004
1207 1997
1245 2002
1281 2013
1322 2015
1359 2007
1398 2000
1439 1999
1479 2003
1517 2010
1553 2020
1580 2045
1546 2062
1513 2082
1479 2100
1444 2112
1405 2116
1364 2114
1325 2118
1287 2126
1247 2130
1207 2127
1169 2121
1135 2104
1102 2085
1080 2055
1109 2048
1139 2041
1167 2032
1196 2025
1228 2023
1260 2026
1291 2029
1322 2032
1355 2031
1386 2028
1417 2024
1449 2022
1480 2024
1509 2031
1495 2045
1463 2048
1432 2050
1400 2052
1368 2054
1335 2053
1303 2053
1271 2055
1238 2054
1207 2051
1175 2049
1143 2051
1111 2053
1510 1331
1530 1312
1549 1293
1569 1275
1591 1262
1615 1253
1641 1250
1669 1251
1693 1258
1716 1269
1736 1287
1740 1312
1718 1324
1695 1334
1669 1339
1643 1341
1615 1343
1588 1340
1561 1339
1535 1336
1096 1353
1091 1331
1071 1313
1051 1295
1029 1281
1005 1274
979 1273
953 1275
929 1283
907 1296
891 1317
882 1340
898 1361
920 1373
945 1379
972 1380
998 1377
1023 1372
1047 1366
1072 1360
1401 1184
1452 1149
1505 1123
1561 1104
1620 1090
1680 1078
1743 1073
1806 1079
1863 1096
1916 1124
1965 1163
1914 1192
1850 1196
1786 1192
1723 1187
1660 1182
1601 1196
1546 1217
1490 1236
1426 1238
1161 1239
1122 1209
1079 1189
1033 1177
986 1166
941 1153
896 1140
848 1130
797 1131
753 1148
720 1186
761 1211
806 1226
855 1232
904 1236
952 1244
1000 1252
1048 1262
1094 1274
1143 1279
