145 415
148 427
150 439
154 452
158 464
160 477
164 489
169 502
175 512
182 524
189 533
198 544
207 552
218 560
228 566
241 571
252 577
264 581
277 583
290 584
303 583
315 582
329 581
341 579
353 574
364 567
374 559
383 549
390 540
398 529
403 516
407 505
412 493
417 481
420 469
424 456
426 443
428 431
429 418
430 405
431 392
259 379
255 390
253 404
246 416
242 429
253 436
266 440
278 445
291 449
303 447
315 439
326 431
337 425
341 413
334 400
325 389
323 376
230 478
239 473
249 470
259 466
268 463
278 459
289 459
300 460
311 460
322 459
334 459
345 459
357 459
363 466
357 475
351 483
342 491
334 498
324 503
315 507
305 510
295 512
283 512
273 510
264 506
255 499
246 492
238 486
234 478
243 479
253 480
262 480
271 480
281 480
290 480
299 479
308 478
317 476
326 474
334 472
342 469
350 466
356 468
348 472
340 475
332 478
324 481
315 484
306 485
297 485
288 486
278 486
269 486
259 485
251 483
242 481
334 347
338 343
342 340
347 338
351 335
356 333
361 332
366 332
371 333
376 334
381 336
381 342
376 344
372 345
367 347
361 347
356 348
351 348
345 347
340 347
246 358
241 356
235 353
230 351
224 350
218 349
212 350
206 351
201 352
195 355
190 358
196 360
201 363
207 364
213 363
219 363
225 362
231 361
236 360
242 359
308 319
316 312
325 308
335 304
345 301
354 298
365 296
375 295
386 295
396 298
405 304
402 313
391 312
380 313
369 313
358 314
348 316
339 320
329 322
318 322
259 326
249 320
238 317
227 315
215 314
203 315
192 318
181 322
171 327
162 334
153 343
163 339
174 335
185 331
196 329
208 329
220 330
232 331
244 333
256 334
