337 437
339 451
341 464
345 479
350 492
355 506
361 519
367 532
374 545
383 557
393 567
405 573
420 577
434 579
449 580
464 582
477 583
492 585
507 587
520 589
536 590
549 588
563 584
577 579
591 576
605 570
615 560
626 549
636 539
646 529
655 518
663 506
669 493
672 477
674 463
676 450
676 435
676 420
675 406
673 391
669 377
540 407
535 416
530 425
529 437
533 446
544 448
555 445
565 442
575 439
586 437
597 435
607 434
617 428
618 418
615 408
608 400
600 392
537 509
541 503
547 496
552 490
559 485
565 480
572 475
580 473
589 473
597 471
604 469
613 469
620 473
625 480
632 485
631 493
626 499
620 505
614 510
607 514
599 516
591 518
583 520
575 521
567 520
559 518
552 515
544 513
543 505
548 502
553 500
559 498
564 495
569 494
576 493
581 492
587 490
592 489
598 488
604 487
610 486
616 485
621 483
616 486
610 487
605 488
599 490
593 490
587 491
582 493
576 494
570 494
564 496
559 498
554 501
549 504
584 344
586 339
591 337
596 334
600 332
605 331
611 330
616 330
621 332
625 334
630 337
627 341
624 346
619 348
614 350
609 351
604 350
599 349
593 348
589 347
508 365
502 362
495 360
488 359
480 359
474 360
467 363
461 366
455 370
449 375
444 380
451 381
458 382
466 382
474 382
481 380
487 379
494 376
500 374
507 372
570 320
573 310
577 302
582 293
589 285
596 279
604 272
613 269
623 270
632 275
640 281
647 289
641 296
632 292
621 292
613 298
605 302
596 306
588 312
579 317
510 317
498 313
486 310
473 308
460 308
448 310
437 316
426 324
416 333
408 343
403 354
415 351
426 345
437 338
447 331
458 326
471 324
484 325
497 327
510 327
