713 988
720 1013
722 1040
725 1068
731 1097
740 1124
751 1150
761 1175
772 1200
790 1223
811 1239
835 1257
858 1272
883 1286
907 1299
931 1311
959 1322
985 1329
1013 1337
1039 1343
1067 1344
1097 1346
1124 1345
1151 1343
1179 1336
1199 1315
1214 1294
1224 1266
1237 1241
1252 1217
1258 1192
1263 1164
1267 1135
1271 1107
1275 1079
1280 1051
1283 1024
1286 996
1291 969
1290 941
1285 911
1061 921
1056 941
1039 957
1030 980
1031 1003
1042 1022
1064 1029
1088 1026
1111 1023
1134 1025
1156 1021
1178 1012
1193 994
1204 972
1197 950
1185 931
1175 908
1001 1138
1010 1124
1020 1111
1034 1103
1050 1098
1066 1095
1081 1091
1097 1086
1114 1086
1131 1088
1147 1085
1164 1087
1179 1093
1193 1102
1204 1115
1202 1131
1190 1144
1176 1152
1160 1156
1144 1159
1127 1160
1110 1162
1093 1164
1077 1165
1061 1162
1045 1158
1029 1154
1014 1150
1010 1139
1022 1134
1034 1130
1046 1126
1059 1123
1073 1122
1087 1121
1101 1121
1115 1120
1128 1119
1142 1118
1156 1117
1170 1118
1183 1120
1196 1123
1184 1121
1170 1120
1157 1118
1143 1119
1129 1120
1115 1121
1101 1122
1087 1122
1073 1123
1060 1124
1047 1127
1034 1131
1023 1136
1127 823
1135 814
1143 806
1152 799
1162 793
1171 788
1182 785
1193 783
1204 784
1213 791
1220 800
1225 810
1219 819
1209 824
1197 824
1185 824
1174 822
1162 822
1150 821
1139 824
990 828
983 816
972 806
960 797
946 792
931 790
916 793
903 797
890 803
877 810
865 818
853 827
867 830
882 832
898 833
913 832
929 832
944 830
959 829
974 827
1151 721
1157 710
1164 699
1174 690
1186 685
1199 683
1213 682
1226 683
1239 687
1250 693
1258 704
1260 716
1249 710
1237 705
1224 707
1210 708
1197 711
1186 718
1175 726
1162 728
1013 715
1001 703
987 697
971 696
954 695
938 694
921 696
905 698
890 702
877 709
864 721
880 719
897 717
913 718
930 719
945 722
960 726
976 729
992 730
1009 729
