601 706
600 732
598 757
599 785
602 810
606 838
610 863
617 889
626 915
637 939
648 962
664 983
680 1004
695 1027
709 1049
722 1073
737 1096
753 1115
774 1133
797 1144
822 1151
850 1152
875 1148
900 1136
921 1119
941 1103
960 1085
976 1065
996 1044
1012 1026
1032 1008
1047 984
1064 965
1079 944
1092 921
1104 895
1114 871
1121 845
1127 819
1132 793
1137 767
787 758
774 777
764 797
759 819
771 839
791 848
813 859
828 875
850 878
872 869
896 865
917 866
936 853
940 830
932 808
924 787
917 764
733 909
756 904
779 900
801 905
822 912
847 913
871 914
893 919
915 925
938 930
941 953
934 974
924 994
912 1014
899 1033
885 1052
869 1070
851 1086
830 1093
806 1092
785 1083
767 1068
756 1048
749 1026
746 1003
742 980
740 956
737 933
740 912
760 912
779 916
796 922
814 928
832 931
852 933
872 933
893 933
913 933
933 932
939 949
929 964
919 980
907 996
894 1011
879 1023
862 1030
844 1034
825 1037
805 1037
787 1031
772 1020
758 1005
751 988
747 970
744 951
742 932
932 695
940 685
949 676
959 669
970 663
982 660
995 660
1007 663
1018 666
1029 672
1039 680
1045 690
1034 695
1022 698
1009 698
995 698
982 699
969 699
957 700
944 699
775 675
776 664
770 655
761 646
752 639
742 634
730 632
718 632
707 635
696 638
686 643
676 649
686 655
697 658
708 661
718 665
729 668
741 670
752 671
764 673
926 626
941 611
961 609
981 611
1002 611
1023 612
1043 614
1062 618
1080 624
1098 632
1113 646
1100 659
1081 654
1063 648
1044 645
1023 644
1002 643
982 641
963 638
942 638
793 611
777 601
760 596
741 593
723 590
705 587
686 584
667 582
648 584
631 591
618 606
637 607
657 607
676 606
695 608
714 611
732 614
750 618
767 624
786 626
