559 705
555 725
550 748
547 768
543 790
543 812
545 834
547 855
550 876
557 896
569 915
579 935
593 953
608 968
624 983
642 995
661 1004
682 1013
703 1019
724 1022
745 1025
767 1030
788 1031
810 1031
833 1029
853 1022
872 1011
891 999
909 988
928 977
942 963
954 944
963 925
972 903
979 883
984 863
989 842
995 821
999 800
999 777
1002 754
715 676
700 681
686 692
684 709
695 722
710 726
728 730
742 739
755 751
772 752
788 747
806 743
822 744
840 743
846 729
847 711
835 699
639 799
656 789
674 780
692 771
712 769
732 773
750 780
771 779
792 777
810 785
828 793
846 802
863 814
873 831
861 848
846 863
830 877
812 884
793 890
772 891
751 890
730 889
709 887
689 883
673 871
662 854
653 836
644 818
651 807
666 804
680 798
696 797
712 798
727 801
743 804
758 807
774 808
790 809
806 812
821 814
836 818
850 824
853 838
839 844
824 847
808 849
792 851
776 852
760 854
744 855
728 854
712 852
697 848
684 841
671 832
660 820
843 621
850 617
858 612
866 609
875 607
884 607
894 608
902 610
910 615
917 620
924 627
923 634
913 635
904 636
894 636
885 635
876 634
867 631
858 630
850 626
703 599
697 593
691 589
684 585
677 584
669 583
661 582
654 583
646 585
639 588
633 592
639 595
646 599
653 602
660 604
668 605
675 605
684 605
692 605
700 605
840 575
848 561
862 554
878 550
895 550
911 551
927 554
942 559
955 570
966 582
977 595
978 608
965 598
952 588
938 581
923 577
907 574
890 572
873 572
857 574
730 562
718 550
706 541
692 534
678 529
662 527
646 525
630 525
615 528
602 535
589 546
605 548
620 546
636 544
652 543
669 544
683 548
697 554
711 561
724 569
