251 497
260 511
270 526
283 539
294 551
305 564
319 577
334 587
347 597
360 608
375 619
388 630
400 643
414 654
431 660
449 661
465 658
482 654
497 645
511 635
523 621
533 608
545 593
556 580
567 566
573 550
580 533
588 517
594 501
600 484
603 467
606 450
609 432
610 414
609 397
607 380
604 362
602 344
602 327
601 310
599 292
331 497
331 511
331 525
333 539
341 550
354 556
369 558
382 559
395 552
406 544
420 537
429 527
433 514
432 500
425 488
413 481
404 470
357 579
367 581
378 583
388 584
399 585
410 584
420 582
430 579
440 576
450 572
459 569
469 564
478 559
489 558
482 566
473 573
465 580
457 588
449 595
440 601
431 606
421 609
410 610
399 610
389 607
380 602
372 594
365 586
364 583
372 585
381 588
390 589
400 590
409 588
418 587
426 585
435 582
444 580
452 576
460 572
468 568
476 565
483 560
476 565
467 569
459 573
451 577
443 581
435 584
426 587
418 589
409 591
399 591
390 590
381 589
372 586
390 383
394 375
399 367
406 360
414 355
423 351
432 349
441 348
451 349
461 350
470 352
465 360
460 368
453 375
446 381
437 385
428 387
418 388
408 387
399 386
299 407
293 401
286 397
279 394
270 393
262 393
254 394
246 397
240 401
233 407
228 414
235 420
241 425
249 427
257 428
265 427
273 425
280 421
287 417
294 414
337 361
345 345
358 330
372 317
387 304
401 291
417 281
434 274
452 270
472 271
490 275
481 287
462 289
444 293
427 301
412 312
397 325
383 339
369 354
355 366
273 379
264 373
255 371
244 369
234 367
224 365
215 362
205 360
195 359
185 362
179 370
184 379
195 379
205 378
216 378
226 379
236 381
246 383
256 385
267 386
