309 481
312 495
315 511
318 526
322 540
327 556
333 571
340 583
350 595
361 606
375 615
387 624
399 634
412 642
426 650
440 655
455 662
468 669
481 677
495 684
510 690
524 693
541 693
556 690
570 684
583 674
595 664
605 652
614 640
623 628
635 617
646 606
656 594
663 581
668 565
672 550
675 535
676 520
677 504
677 489
677 472
528 475
526 488
519 499
511 510
511 523
518 534
530 538
544 535
558 535
571 536
585 536
596 529
605 520
608 507
603 494
597 482
590 470
485 587
496 587
506 586
516 585
525 582
534 578
544 576
554 575
563 579
572 576
582 574
592 576
602 577
612 579
606 585
601 594
595 602
587 608
578 612
568 614
558 615
548 615
538 613
529 611
519 607
511 603
502 598
494 593
499 592
506 592
513 594
520 595
528 595
536 595
543 594
551 594
559 594
566 593
573 592
580 590
587 588
594 586
600 584
594 586
587 589
580 591
573 593
566 593
558 594
551 594
543 595
536 595
528 595
520 595
513 594
506 593
583 411
585 404
590 399
596 394
602 392
608 389
615 387
623 387
630 389
636 392
642 397
644 403
639 409
632 411
625 413
618 414
611 415
603 415
596 415
588 415
488 419
481 415
475 411
468 409
460 408
452 408
444 410
437 412
430 416
424 421
419 427
426 430
433 431
441 432
449 433
457 432
465 431
473 429
480 427
488 426
573 367
577 357
585 350
595 345
605 343
615 340
625 337
635 335
646 335
656 339
663 347
665 357
655 353
645 350
634 352
624 355
614 358
604 362
594 365
584 367
510 368
495 360
478 357
461 358
443 360
427 363
411 367
396 373
381 381
367 390
353 399
370 401
387 400
403 395
418 388
434 383
450 380
468 380
486 381
504 381
