670 868
677 894
684 922
692 947
702 974
714 1001
725 1025
740 1050
756 1074
772 1095
791 1117
809 1139
827 1160
846 1180
868 1198
892 1214
917 1227
941 1237
969 1248
994 1257
1023 1266
1048 1269
1078 1263
1103 1256
1129 1243
1152 1226
1171 1205
1187 1184
1202 1159
1216 1135
1232 1111
1246 1086
1257 1060
1266 1036
1275 1007
1280 981
1285 951
1288 925
1291 896
1296 869
1301 840
960 849
954 872
952 896
945 920
943 942
956 964
977 977
1000 985
1025 985
1047 981
1071 971
1086 954
1103 936
1105 912
1096 890
1092 865
1084 841
919 1071
934 1058
950 1051
968 1045
985 1039
1002 1033
1021 1032
1040 1034
1057 1026
1074 1021
1093 1019
1112 1020
1130 1026
1145 1037
1142 1056
1128 1070
1116 1085
1105 1100
1088 1108
1071 1114
1053 1119
1034 1121
1015 1122
996 1119
979 1113
962 1105
946 1097
931 1086
935 1069
948 1066
962 1064
976 1063
990 1061
1004 1059
1019 1059
1033 1059
1047 1058
1060 1053
1072 1048
1085 1044
1099 1042
1114 1042
1125 1046
1113 1052
1101 1056
1087 1059
1074 1062
1061 1066
1049 1070
1035 1073
1020 1073
1006 1073
991 1074
977 1074
962 1074
948 1073
1076 741
1083 728
1092 716
1103 705
1116 698
1130 693
1144 689
1160 689
1175 692
1188 697
1201 704
1209 717
1197 728
1185 736
1170 740
1155 742
1139 742
1124 742
1108 741
1092 741
922 762
918 747
904 737
890 729
875 723
860 717
844 715
827 716
811 722
797 730
786 743
781 758
794 770
809 776
825 779
842 780
859 778
875 775
890 770
907 767
1024 672
1041 652
1064 639
1088 632
1112 624
1136 617
1160 610
1185 604
1212 603
1236 611
1257 625
1245 636
1220 629
1193 630
1169 637
1145 645
1121 652
1097 660
1073 668
1050 677
930 668
909 657
886 650
862 646
836 645
811 644
785 642
760 645
738 653
719 670
710 692
730 681
752 671
776 666
801 667
826 669
851 673
875 677
899 682
923 685
