118 672
121 697
125 720
130 747
136 770
141 797
148 822
157 845
170 868
183 887
198 909
215 929
232 948
249 968
264 987
281 1005
298 1024
321 1037
345 1045
369 1047
395 1045
422 1041
445 1033
467 1022
489 1007
510 991
529 975
550 959
571 945
591 930
609 913
628 895
644 876
659 853
672 833
682 810
693 787
704 764
712 740
720 715
728 689
308 725
297 741
286 759
277 779
277 799
295 810
315 817
334 826
355 828
376 826
396 827
418 824
434 812
436 790
432 769
424 751
416 730
254 868
272 866
290 866
308 867
325 869
343 871
361 872
379 872
396 874
413 878
430 882
447 883
465 884
465 900
451 910
436 919
421 927
406 934
391 940
374 944
357 946
339 944
322 941
307 934
292 925
279 913
269 898
262 883
285 872
298 872
311 873
323 875
335 877
347 879
360 879
373 878
386 877
399 878
412 879
424 881
437 883
450 883
443 890
432 893
420 897
409 901
397 904
385 906
372 908
360 909
347 908
335 906
323 903
312 898
302 891
292 883
443 650
450 641
460 637
471 634
482 634
494 634
505 636
516 638
527 640
537 644
546 649
540 657
530 661
519 663
507 664
496 664
484 662
474 660
463 656
453 653
284 631
276 624
267 619
258 615
249 612
240 609
230 608
220 607
210 607
201 611
193 619
201 626
209 632
218 636
227 639
237 640
248 640
258 640
268 639
279 639
420 568
439 558
462 555
484 551
506 548
530 548
552 553
572 561
591 571
609 587
624 605
603 601
581 596
560 591
538 587
515 584
492 583
470 586
448 591
425 589
291 567
285 551
270 542
254 535
238 530
221 525
203 523
185 525
169 531
154 541
141 555
128 568
147 570
165 567
182 563
200 561
218 561
236 563
254 566
272 568
