149 363
150 375
153 389
157 402
161 415
163 429
166 442
170 455
177 467
186 476
199 482
211 486
225 489
237 490
252 490
265 492
277 499
289 505
302 509
313 516
327 519
341 519
354 518
367 515
379 509
391 504
405 500
418 496
430 490
441 483
451 474
460 463
468 452
476 441
482 429
484 416
486 402
486 389
486 376
485 362
485 347
320 354
312 362
305 372
302 383
304 394
313 401
325 402
338 400
349 399
361 399
373 402
385 402
397 400
404 391
405 379
399 369
391 359
288 453
294 447
301 444
309 442
317 440
325 439
333 436
341 435
350 435
358 436
367 437
375 438
383 439
391 442
398 446
398 454
390 455
381 456
373 456
364 456
355 456
347 457
338 457
329 458
320 458
312 458
303 457
295 456
296 448
302 447
309 446
316 446
322 445
329 444
336 444
342 443
349 444
356 444
363 443
370 443
376 443
383 444
390 445
383 444
377 443
370 443
363 444
356 444
350 445
343 444
336 445
329 445
323 446
316 446
309 447
303 447
392 324
394 318
397 312
402 307
408 305
414 303
421 302
427 303
433 305
439 308
445 311
446 317
442 322
436 325
431 328
424 329
417 329
411 328
404 327
398 325
298 319
292 313
285 310
278 307
271 305
263 305
255 307
248 309
241 312
234 315
228 318
234 322
241 325
248 326
256 327
264 328
272 327
280 327
288 327
296 326
386 279
393 275
401 271
410 269
419 268
429 268
438 269
446 272
455 274
463 279
466 286
458 283
450 281
441 279
432 277
423 279
415 281
406 284
399 288
390 286
311 288
301 279
291 273
280 268
269 264
258 260
245 259
234 262
223 269
214 277
205 287
216 283
227 279
241 278
253 281
265 283
276 286
288 290
299 295
310 299
