505 660
506 680
509 701
513 721
518 741
522 761
526 783
534 800
542 819
553 836
563 855
574 873
587 891
602 904
619 913
638 924
658 930
677 931
698 933
719 936
740 934
761 933
782 931
800 923
819 915
837 905
853 892
869 878
885 863
898 848
909 831
917 812
922 792
927 772
931 751
932 730
934 710
935 688
933 669
932 648
930 626
671 630
659 647
647 663
634 680
624 696
632 715
650 723
671 724
691 724
713 722
733 721
753 718
772 709
778 691
770 671
762 653
753 633
650 793
658 785
669 785
680 784
690 783
700 780
711 780
723 780
733 779
744 777
755 777
765 778
776 779
786 783
788 793
779 798
770 803
761 808
751 812
741 814
730 814
719 815
708 815
697 814
687 811
677 808
668 803
659 799
664 789
672 788
680 789
688 790
696 791
705 791
713 791
722 791
730 790
738 788
745 786
753 784
761 785
770 785
778 785
770 786
762 785
753 786
745 787
738 789
730 790
722 791
713 791
705 791
696 791
688 792
680 791
672 789
765 580
770 573
777 568
784 563
791 559
799 556
807 555
816 556
824 557
832 561
838 566
837 574
830 580
823 584
815 586
806 587
798 586
789 585
781 584
773 582
652 581
646 575
639 571
631 568
624 566
615 565
607 566
600 569
593 573
586 578
581 585
588 589
595 593
603 595
611 596
620 596
628 595
636 594
644 592
652 589
754 529
761 515
772 503
786 497
800 493
816 490
830 487
846 487
860 494
872 505
882 517
890 530
876 533
862 527
848 522
832 520
817 521
801 523
786 525
771 529
641 543
640 531
630 523
618 520
604 519
592 517
579 515
566 514
554 516
543 522
535 533
532 545
543 551
554 546
566 543
578 539
591 537
604 539
616 541
628 544
