707 1216
710 1251
714 1289
718 1323
729 1361
735 1395
742 1433
750 1470
759 1504
771 1539
786 1574
803 1604
829 1633
856 1658
887 1677
925 1681
962 1675
995 1664
1028 1652
1068 1649
1102 1647
1140 1655
1173 1668
1211 1672
1248 1673
1283 1671
1321 1662
1353 1649
1386 1631
1417 1608
1440 1582
1460 1549
1475 1514
1489 1480
1500 1444
1513 1411
1526 1378
1538 1343
1545 1307
1554 1270
1559 1231
1036 1142
1022 1163
1010 1190
1009 1216
1017 1242
1042 1252
1069 1251
1094 1244
1121 1244
1150 1247
1175 1252
1201 1259
1223 1242
1233 1219
1228 1193
1214 1167
1199 1144
951 1397
968 1378
988 1363
1009 1350
1031 1339
1054 1331
1079 1328
1104 1332
1130 1333
1155 1328
1178 1335
1200 1344
1222 1355
1242 1370
1260 1390
1259 1415
1236 1424
1214 1432
1191 1440
1167 1445
1141 1448
1115 1447
1089 1446
1065 1440
1040 1435
1018 1427
995 1419
973 1409
969 1400
988 1394
1008 1389
1028 1385
1049 1384
1071 1385
1093 1386
1115 1386
1136 1384
1157 1385
1178 1387
1199 1388
1219 1392
1239 1398
1256 1401
1237 1395
1218 1390
1197 1387
1176 1386
1155 1383
1133 1382
1112 1383
1091 1384
1069 1382
1048 1381
1026 1382
1006 1384
987 1391
1229 1050
1241 1042
1254 1035
1269 1031
1283 1028
1299 1027
1315 1029
1330 1032
1343 1037
1357 1044
1369 1052
1366 1064
1350 1065
1334 1066
1318 1066
1303 1064
1288 1061
1273 1059
1257 1058
1242 1056
1013 1050
1013 1036
998 1030
982 1026
965 1024
947 1023
930 1025
913 1029
898 1035
883 1042
869 1051
856 1063
873 1062
890 1059
908 1058
925 1057
943 1055
960 1053
977 1051
995 1051
1168 939
1186 912
1214 900
1245 893
1277 888
1310 886
1343 887
1374 894
1403 906
1430 924
1453 947
1441 959
1413 944
1384 933
1353 927
1319 927
1288 933
1257 942
1227 950
1195 954
1040 943
1030 911
1001 892
967 882
930 881
895 888
861 896
831 913
802 935
776 962
761 993
753 1028
780 1002
802 973
830 951
862 937
897 932
935 933
970 938
1004 947
