385 899
396 923
408 947
422 973
436 995
452 1018
469 1039
489 1060
509 1077
532 1095
556 1109
580 1120
604 1134
627 1149
649 1163
673 1178
698 1192
724 1199
752 1201
781 1198
804 1189
827 1174
851 1156
868 1134
881 1111
895 1088
908 1061
920 1036
930 1012
941 986
951 960
961 934
968 907
973 880
975 852
973 824
970 799
967 770
963 742
959 716
953 687
560 841
564 862
558 886
557 909
572 925
595 927
619 931
642 935
664 926
674 906
686 885
705 870
721 852
720 830
700 819
678 811
663 792
559 994
582 985
606 977
630 970
654 963
679 957
702 948
724 936
747 925
770 915
793 906
817 899
837 914
830 938
823 963
816 987
807 1010
793 1031
773 1050
752 1064
729 1076
706 1084
680 1088
655 1082
633 1070
612 1053
592 1035
573 1015
585 993
606 991
625 988
645 984
664 980
682 974
700 966
717 955
733 945
750 934
767 924
784 914
802 908
816 921
807 938
799 956
788 972
776 989
763 1004
747 1019
730 1028
712 1034
693 1038
672 1039
652 1036
634 1029
616 1020
600 1009
657 695
663 685
671 675
678 664
685 654
694 644
705 637
716 633
728 631
741 631
753 635
756 646
746 655
736 663
725 669
714 674
702 677
690 681
678 684
668 690
512 736
502 732
491 730
480 728
469 728
458 730
448 733
438 738
429 746
423 755
418 765
429 767
441 767
452 766
463 764
473 761
483 757
493 752
503 749
513 745
592 654
596 629
616 614
636 599
657 586
679 575
700 564
723 556
748 552
773 555
796 561
788 575
762 578
738 583
716 592
695 605
675 619
655 634
634 647
614 663
513 706
505 688
486 683
464 683
444 685
424 689
404 693
384 698
365 704
348 716
338 733
339 754
358 748
375 739
393 730
412 723
431 717
451 714
472 712
494 710
