401 461
402 477
402 493
405 508
410 524
417 540
424 554
435 567
445 579
456 591
468 601
480 614
493 624
506 632
520 642
535 649
549 656
565 661
582 662
598 662
613 659
628 649
640 638
652 628
664 618
676 607
688 595
699 582
710 571
722 559
731 546
737 530
742 514
745 498
745 482
746 466
746 450
747 434
748 418
749 400
750 384
516 398
514 411
508 423
506 437
507 449
519 456
532 456
546 457
561 457
573 454
587 450
599 444
609 434
609 422
600 411
589 404
581 393
475 511
488 504
500 497
514 492
528 489
543 487
558 485
572 482
587 479
601 476
616 474
631 475
645 478
656 489
650 502
642 514
632 525
620 535
607 541
594 546
580 549
565 552
550 553
535 551
521 546
509 540
496 532
484 523
493 515
501 506
512 502
524 501
537 500
549 499
562 499
574 498
586 496
598 494
610 492
621 490
633 487
645 488
646 500
638 510
629 518
619 524
608 527
596 529
584 531
572 532
559 533
547 534
535 536
523 535
513 529
502 523
593 342
598 337
604 332
609 328
615 325
621 323
628 321
635 321
642 321
648 323
654 327
654 335
648 338
641 339
635 340
627 341
620 341
613 341
606 342
600 343
500 352
494 349
489 348
483 347
476 346
470 345
464 347
459 348
453 351
448 355
444 360
449 364
455 364
462 365
468 364
474 363
480 362
486 360
491 358
497 357
579 318
586 306
596 295
607 286
620 282
635 281
650 282
664 284
677 288
690 294
701 303
697 308
685 301
672 295
658 292
643 292
629 293
615 297
603 303
592 313
517 311
504 306
490 305
476 304
461 304
447 306
435 311
423 317
412 325
403 336
399 349
410 342
421 333
433 325
445 320
459 318
473 319
487 321
500 325
513 323
