114 405
119 415
124 426
130 437
136 447
143 457
151 465
160 474
169 482
178 490
187 497
196 505
206 513
216 519
227 525
237 530
248 534
259 538
272 540
283 540
295 539
307 537
319 532
329 526
337 518
345 509
351 499
356 488
361 476
364 466
366 453
368 441
371 430
373 418
376 406
377 394
377 382
376 370
374 359
371 347
367 335
210 395
209 403
209 412
211 420
218 423
227 423
235 424
244 425
252 424
260 421
267 415
272 409
277 401
283 394
284 386
280 379
275 372
205 456
214 449
225 446
235 443
245 439
255 435
265 430
275 426
286 422
295 418
305 412
315 408
324 414
325 426
324 437
322 448
318 458
311 468
304 477
295 484
285 488
274 490
262 490
251 487
242 483
232 477
223 469
215 461
210 454
219 452
229 453
239 454
248 455
258 453
267 450
275 446
283 442
290 436
298 429
305 422
312 416
320 412
318 420
314 429
309 437
303 444
297 452
291 459
283 465
274 468
264 468
255 466
246 465
236 463
227 461
219 457
248 320
250 315
254 310
259 306
263 302
268 298
273 296
278 294
284 292
290 292
295 294
294 299
289 303
285 306
279 309
274 311
269 312
263 314
258 316
253 318
188 341
183 339
177 338
171 338
165 338
160 340
155 342
150 345
145 349
142 354
140 359
145 361
151 361
157 360
162 359
167 357
172 354
177 351
182 349
187 347
235 298
239 290
245 283
253 277
260 273
268 269
275 263
283 259
292 257
301 256
309 260
303 264
295 267
287 271
279 274
271 279
264 284
257 291
250 298
242 302
182 320
174 317
165 317
156 317
148 319
139 321
131 323
123 325
116 330
111 337
109 345
117 344
124 338
131 334
139 331
148 330
156 329
165 328
174 328
183 327
