398 437
394 458
390 479
388 501
384 523
380 546
377 568
376 589
376 612
378 633
387 653
397 672
411 691
425 707
441 722
459 737
477 749
496 759
517 768
536 775
557 784
579 789
601 795
622 799
644 800
665 799
688 794
710 789
730 784
751 779
774 774
794 767
813 754
824 734
834 716
843 696
851 675
857 654
864 633
872 613
880 590
638 461
627 471
616 483
610 498
611 514
624 524
639 524
657 523
671 527
686 533
699 542
714 551
729 553
743 545
750 530
752 515
748 499
552 587
565 581
580 577
595 575
611 573
626 572
642 574
656 579
669 586
684 589
699 591
713 595
726 605
735 617
742 630
737 644
722 641
708 636
695 630
681 624
667 619
653 614
639 610
624 608
609 605
595 600
581 594
567 590
574 587
586 583
599 582
612 583
624 586
636 589
648 593
659 598
671 602
682 606
695 608
708 610
719 614
730 621
739 631
732 625
722 617
710 613
698 610
686 607
674 604
662 600
651 595
639 592
627 590
614 588
601 586
588 587
765 419
774 415
783 412
793 409
803 407
814 408
823 411
832 415
841 420
848 428
854 436
851 446
841 447
830 447
819 445
809 443
800 440
791 436
782 430
773 426
645 378
638 369
630 360
621 352
612 346
602 342
592 340
580 340
569 341
559 345
549 349
558 358
566 365
575 372
585 377
595 380
605 383
616 384
628 385
639 386
754 364
759 347
774 337
792 334
810 337
828 342
845 347
861 354
876 364
886 380
891 397
893 416
881 427
868 413
856 398
841 387
824 380
807 376
788 374
770 372
707 332
703 309
686 291
664 284
642 276
621 269
599 262
575 266
555 277
535 290
517 308
508 329
531 324
553 317
574 309
599 308
622 314
644 320
665 329
686 339
