389 601
390 620
392 641
395 662
399 682
403 703
407 721
413 741
420 761
433 777
445 793
460 809
476 821
493 832
510 843
529 854
547 864
565 872
586 877
605 880
626 881
648 882
668 878
687 872
705 863
722 852
739 841
756 827
770 814
785 799
799 784
812 768
821 750
828 730
835 709
838 691
841 670
843 649
845 629
848 609
849 587
583 596
578 610
570 624
568 640
575 654
590 659
606 658
620 665
634 672
650 670
665 664
680 658
694 651
700 636
698 621
692 606
684 591
539 721
551 717
565 713
578 710
591 706
606 705
620 708
633 711
647 709
661 706
676 706
690 709
703 712
716 717
715 731
704 741
693 751
681 757
668 762
654 765
639 765
625 764
610 763
597 760
584 754
572 748
560 741
549 732
548 722
560 723
572 725
584 726
596 727
608 729
619 731
632 732
644 731
656 729
668 728
679 726
691 725
703 723
714 721
703 724
691 727
679 728
667 729
656 731
644 732
631 732
619 732
607 731
595 729
583 727
571 726
559 725
684 515
691 506
700 499
710 494
720 489
731 486
742 485
754 485
765 487
776 491
785 498
782 509
773 517
763 520
752 522
740 522
728 523
716 522
705 520
694 519
577 514
573 505
566 496
558 489
548 486
537 485
525 485
515 488
505 491
495 496
487 502
479 511
488 515
499 516
511 517
522 517
533 518
544 516
555 515
566 516
664 480
677 464
695 457
713 450
731 442
749 437
768 432
787 436
804 447
818 462
825 480
829 499
813 487
798 472
781 463
761 461
742 465
724 472
705 477
685 481
586 481
584 467
568 460
551 455
534 449
517 443
499 441
480 443
464 450
449 461
435 475
424 489
442 486
458 478
475 472
493 470
512 470
531 473
549 476
567 480
