217 173
210 188
205 203
199 219
195 236
193 253
191 270
188 287
185 304
182 321
181 338
183 355
187 371
194 388
201 403
209 417
220 432
232 444
245 455
259 465
272 475
287 483
302 491
318 498
335 502
352 503
368 502
386 499
402 496
418 491
433 483
448 473
462 463
475 451
487 439
498 428
509 414
518 399
526 385
536 370
546 355
389 245
377 251
366 258
355 266
351 278
357 289
368 299
379 305
390 312
402 319
414 325
427 329
441 330
453 326
458 314
458 301
457 287
298 334
308 329
320 328
332 330
343 332
355 335
365 339
375 345
384 352
395 356
405 361
414 369
421 378
425 389
424 401
416 410
405 413
394 411
383 407
373 400
364 394
354 388
344 383
334 377
324 371
314 364
305 356
300 346
303 338
312 342
321 345
330 348
339 352
348 355
357 358
366 363
375 367
383 371
392 376
400 381
408 388
416 394
423 400
417 392
409 385
401 380
392 375
384 370
375 366
366 362
357 358
348 355
339 351
330 348
321 345
312 342
483 234
492 234
499 237
506 241
512 245
519 249
526 254
532 259
538 265
543 271
546 278
541 279
535 274
528 268
522 264
515 260
509 254
502 249
496 244
490 238
399 187
395 180
390 174
385 168
379 163
373 159
366 156
359 154
352 152
344 152
336 152
340 158
346 164
352 168
358 172
365 175
372 177
379 179
386 181
393 185
512 201
520 193
532 192
543 195
553 199
562 205
572 211
581 218
589 226
593 236
594 248
589 253
584 244
578 234
569 227
560 222
549 219
539 216
528 213
517 210
435 142
429 127
419 114
406 103
392 94
378 86
364 80
348 76
331 76
316 81
303 92
318 87
334 84
350 88
365 93
379 101
392 112
402 125
411 139
423 151
