90 324
89 341
88 359
88 375
88 392
88 410
88 427
91 444
93 460
96 479
99 495
107 511
116 525
127 539
139 552
150 563
163 575
177 584
194 590
211 595
227 597
245 599
262 601
279 601
296 605
312 607
331 609
346 603
358 590
369 578
380 564
388 550
398 535
406 520
412 504
418 487
422 471
428 455
432 437
439 421
440 404
296 341
289 353
280 366
275 378
277 393
284 405
296 414
310 416
326 418
340 421
354 425
368 422
378 411
382 398
382 382
378 367
374 353
229 467
239 463
249 459
259 455
269 451
280 449
291 448
303 448
313 451
324 454
334 457
344 461
353 467
360 477
362 487
361 498
352 504
341 507
329 507
318 506
307 503
296 501
286 498
276 495
266 490
256 485
246 480
237 476
240 466
249 467
259 466
268 468
277 468
286 470
294 472
302 474
311 476
319 479
327 481
335 484
343 487
351 491
358 496
351 491
344 487
336 483
328 480
320 477
311 475
302 474
294 472
286 469
277 468
268 466
259 466
250 466
375 312
380 306
386 301
394 299
402 300
409 301
416 302
423 306
428 312
432 319
433 326
433 333
427 339
419 339
412 336
406 332
399 329
393 325
386 321
380 318
288 287
286 278
281 269
275 262
267 256
259 252
250 250
240 251
231 253
223 258
215 262
207 267
215 271
223 275
232 279
240 282
249 284
259 285
268 286
278 287
398 270
404 264
410 257
417 253
426 251
435 252
444 252
452 254
460 258
467 262
473 269
472 277
464 278
456 274
448 272
439 271
430 270
421 270
413 272
405 274
319 235
310 222
297 211
282 204
267 199
252 195
235 192
219 190
202 192
187 197
172 205
188 202
206 200
222 202
238 206
254 210
269 216
283 225
296 236
309 246
