230 333
222 352
217 376
214 399
212 423
210 445
210 469
211 493
213 515
216 538
222 561
228 583
237 604
248 625
259 647
272 667
287 683
305 699
323 715
341 727
361 739
383 751
403 762
423 770
447 777
469 776
494 772
516 766
538 761
562 756
582 748
605 739
625 729
647 718
667 706
684 693
704 680
724 667
740 651
759 637
776 619
472 390
460 407
447 423
439 441
442 462
454 479
473 485
491 495
512 501
531 509
549 517
569 523
587 513
595 493
599 474
600 452
600 431
351 563
369 565
388 566
406 564
424 563
443 564
458 571
473 579
490 583
507 588
520 601
532 615
544 629
557 642
566 655
548 658
529 659
511 658
493 656
476 652
460 647
444 640
428 633
413 626
398 616
384 605
370 593
362 578
355 568
372 569
388 572
404 575
420 579
435 583
449 589
464 596
479 601
494 606
508 613
522 621
536 629
549 637
562 648
548 640
534 632
519 625
505 619
490 614
475 609
461 603
446 596
432 590
417 584
402 579
387 575
371 571
651 373
663 376
675 382
687 387
698 392
710 397
722 404
733 409
745 415
757 419
767 424
754 426
740 427
726 426
713 423
701 418
690 411
680 402
670 393
659 384
482 306
478 292
462 289
446 290
430 288
415 286
400 282
386 276
372 269
359 261
346 253
353 266
364 278
378 286
391 293
405 300
419 306
433 310
449 309
466 308
670 286
680 276
692 271
705 270
719 270
732 272
745 274
757 276
768 283
778 293
782 305
777 317
764 320
751 318
739 314
726 312
714 309
701 306
689 302
678 296
526 210
509 191
489 178
468 166
448 154
426 145
403 139
379 135
355 139
334 150
314 164
336 173
359 178
383 182
408 184
432 188
453 197
474 209
495 220
517 229
