471 595
468 612
464 629
460 647
457 664
456 682
456 700
459 717
463 734
469 751
477 767
487 781
498 794
511 807
526 818
541 827
555 835
570 844
586 854
600 863
618 870
635 872
653 872
670 871
687 867
706 863
722 857
739 850
753 841
768 831
781 819
793 806
805 792
814 778
822 763
829 747
835 730
840 713
844 696
848 679
853 660
633 598
624 604
618 614
617 628
622 637
632 647
641 653
653 660
665 661
677 663
689 664
701 662
712 657
719 647
720 635
715 623
710 611
558 700
573 696
586 689
601 686
617 683
633 684
649 687
664 691
679 693
695 696
709 702
722 711
735 719
740 733
731 746
721 758
708 768
694 775
680 779
664 780
648 778
633 774
619 769
605 762
593 753
582 740
572 728
565 714
560 702
574 704
588 703
602 702
615 704
629 707
642 709
655 712
669 713
683 714
696 717
709 720
721 725
734 728
731 740
720 748
708 752
694 754
680 755
666 754
652 753
639 750
626 747
614 742
603 735
591 729
580 722
569 713
727 556
734 553
742 550
749 548
757 547
765 546
773 547
780 550
787 554
793 559
800 564
797 570
788 570
780 569
772 568
765 565
758 562
751 560
742 559
734 558
617 526
610 522
603 518
596 514
589 510
581 509
572 509
564 510
556 511
548 514
541 517
549 520
556 522
565 524
573 525
581 526
589 527
598 528
606 529
614 531
742 494
750 485
760 482
772 480
783 480
795 480
807 480
818 483
827 489
836 497
843 506
841 510
831 503
822 498
811 494
800 494
788 495
776 495
765 496
753 496
638 479
638 473
634 466
630 459
625 453
618 448
611 445
604 442
597 440
589 440
582 442
576 448
584 449
591 452
598 456
604 461
610 465
617 470
623 474
630 477
