444 1304
452 1334
464 1366
477 1392
493 1424
508 1451
523 1478
543 1504
565 1527
586 1553
611 1575
636 1596
661 1615
688 1632
716 1648
745 1666
773 1683
801 1697
833 1707
864 1712
898 1714
929 1712
960 1709
993 1700
1019 1683
1045 1662
1065 1639
1084 1612
1101 1582
1116 1557
1135 1529
1149 1499
1161 1469
1171 1437
1177 1406
1183 1375
1189 1344
1196 1310
1203 1279
1209 1246
1216 1214
865 1206
858 1232
844 1258
831 1283
829 1313
849 1334
876 1345
905 1354
934 1353
963 1348
986 1333
1009 1311
1018 1285
1019 1254
1003 1229
986 1207
975 1178
777 1534
774 1506
796 1491
821 1483
846 1475
870 1467
895 1459
921 1453
949 1453
976 1449
1002 1443
1026 1452
1052 1457
1079 1461
1095 1483
1092 1510
1073 1530
1050 1544
1027 1555
1001 1561
974 1566
948 1571
923 1577
895 1580
867 1579
840 1575
816 1567
792 1556
810 1499
827 1496
844 1497
862 1499
879 1497
897 1495
915 1496
933 1497
951 1496
968 1493
984 1489
999 1482
1014 1476
1030 1469
1047 1468
1032 1470
1017 1476
1002 1483
986 1489
970 1494
953 1497
936 1498
917 1498
900 1496
882 1497
864 1499
846 1499
828 1498
994 1061
998 1043
1007 1026
1019 1011
1035 1002
1052 995
1069 989
1087 984
1107 984
1124 992
1136 1007
1140 1025
1138 1044
1125 1059
1108 1067
1090 1071
1070 1070
1051 1067
1032 1065
1013 1062
775 1054
766 1036
749 1026
729 1023
709 1020
687 1021
667 1022
646 1025
627 1029
609 1039
598 1055
612 1071
628 1084
646 1091
666 1094
687 1095
707 1091
726 1085
744 1078
762 1069
980 888
995 876
1010 863
1029 859
1048 860
1068 862
1087 864
1107 865
1126 868
1143 876
1158 888
1151 901
1133 895
1116 889
1097 886
1077 886
1058 890
1039 892
1019 890
1000 889
833 928
823 894
791 875
753 867
713 864
673 862
635 857
598 865
564 882
535 911
518 944
510 981
540 956
569 927
602 909
640 902
679 906
717 914
754 921
793 927
