1038 833
1032 878
1029 924
1026 974
1019 1020
1021 1066
1029 1113
1040 1160
1056 1206
1078 1249
1098 1293
1122 1333
1154 1368
1194 1397
1239 1417
1283 1430
1332 1440
1377 1443
1425 1438
1470 1429
1518 1419
1564 1410
1610 1403
1661 1394
1706 1385
1754 1371
1795 1353
1838 1331
1879 1308
1922 1282
1957 1253
1992 1215
2011 1176
2022 1129
2029 1083
2040 1034
2046 986
2053 940
2057 890
2058 844
2053 794
1215 728
1196 761
1162 786
1134 820
1127 861
1141 899
1173 928
1210 947
1250 959
1292 959
1334 957
1372 945
1413 925
1419 884
1406 845
1400 803
1398 760
1154 1111
1159 1085
1176 1064
1198 1048
1223 1054
1251 1053
1278 1055
1303 1061
1329 1068
1354 1074
1378 1082
1401 1092
1425 1101
1448 1111
1471 1125
1464 1149
1441 1160
1416 1167
1392 1174
1367 1181
1341 1185
1313 1186
1286 1184
1260 1181
1235 1174
1210 1167
1189 1151
1169 1133
1156 1108
1180 1108
1202 1105
1224 1101
1247 1100
1271 1101
1294 1101
1316 1104
1338 1108
1360 1112
1382 1116
1404 1119
1425 1124
1447 1128
1469 1132
1447 1130
1425 1126
1404 1121
1382 1118
1359 1115
1336 1113
1313 1113
1291 1110
1269 1106
1246 1104
1223 1103
1200 1106
1179 1111
1474 647
1488 629
1506 613
1524 600
1544 590
1565 583
1587 580
1610 584
1630 591
1650 601
1668 615
1681 633
1658 636
1636 640
1614 644
1591 646
1568 649
1545 650
1521 649
1498 647
1253 652
1240 641
1226 633
1211 625
1197 618
1182 612
1166 608
1148 609
1133 614
1119 624
1114 640
1112 656
1125 667
1141 670
1158 669
1174 667
1190 663
1207 660
1224 661
1242 661
1378 488
1413 466
1452 454
1491 443
1532 436
1576 433
1620 434
1662 438
1702 449
1736 472
1737 505
1699 491
1660 480
1616 480
1575 489
1537 502
1500 517
1462 533
1425 547
1390 526
1258 542
1247 515
1223 492
1196 477
1165 473
1134 477
1105 486
1077 498
1051 515
1026 537
1007 562
1012 593
1044 593
1066 568
1085 543
1112 529
1145 530
1175 537
1205 545
1234 553
