350 451
350 465
350 480
351 495
352 509
355 525
358 539
362 554
368 568
375 580
385 593
396 602
407 611
420 620
430 631
441 641
452 650
465 659
477 667
490 675
502 683
515 691
529 696
545 697
559 695
573 689
584 680
595 671
608 663
619 653
628 641
635 627
641 614
649 601
654 587
660 573
665 559
668 544
672 530
672 515
673 500
591 488
581 493
571 501
561 507
555 518
555 530
563 539
574 545
586 547
598 550
610 552
623 550
632 543
640 534
641 521
637 511
634 498
511 579
519 575
528 574
537 572
546 571
555 570
565 570
574 569
583 570
592 573
600 576
607 582
612 589
614 598
613 608
613 617
605 623
596 623
588 621
580 617
571 615
563 611
556 606
548 601
540 597
532 594
524 590
516 586
517 581
524 580
531 579
539 579
546 580
554 581
561 581
568 583
575 585
581 588
588 591
594 595
600 600
604 605
609 611
605 609
599 605
592 602
586 600
579 597
573 594
566 592
559 590
552 588
545 588
537 587
530 585
524 583
630 464
634 460
640 459
645 458
651 458
656 460
661 463
665 466
668 471
671 476
673 481
669 485
663 487
658 487
652 486
647 484
642 482
638 478
635 473
632 469
563 438
558 433
554 428
550 422
545 419
538 417
532 416
525 417
519 418
513 419
508 423
510 429
516 433
521 436
527 439
533 440
540 440
547 441
553 442
559 443
635 429
639 423
646 419
652 417
660 417
667 418
673 420
680 422
686 425
693 428
697 434
698 442
690 442
684 440
677 439
669 438
662 437
655 437
648 435
641 432
590 393
580 384
569 378
557 372
545 367
532 364
519 362
505 363
492 366
481 371
470 379
484 378
497 376
510 375
524 376
537 378
549 383
560 390
571 397
583 401
