1080 1341
1096 1439
1111 1540
1130 1640
1163 1748
1199 1844
1236 1942
1296 2027
1349 2108
1398 2201
1450 2294
1512 2380
1582 2461
1658 2528
1740 2593
1822 2654
1902 2720
1989 2776
2085 2815
2189 2823
2294 2823
2399 2817
2498 2792
2590 2738
2672 2684
2751 2609
2825 2529
2890 2456
2966 2379
3028 2303
3082 2215
3128 2120
3175 2017
3216 1932
3266 1839
3315 1745
3353 1652
3378 1545
3396 1448
3408 1340
3407 1231
1908 1423
1864 1489
1847 1576
1848 1657
1911 1709
2002 1728
2067 1776
2140 1825
2225 1841
2298 1814
2376 1767
2436 1713
2525 1700
2569 1627
2572 1548
2523 1476
2480 1397
1692 2066
1764 2061
1836 2065
1906 2075
1972 2091
2039 2105
2107 2118
2180 2122
2249 2113
2318 2103
2387 2091
2453 2074
2521 2061
2592 2056
2607 2107
2549 2143
2488 2174
2426 2200
2360 2217
2289 2222
2215 2220
2143 2217
2070 2214
1999 2206
1933 2191
1869 2168
1809 2138
1751 2100
1759 2073
1822 2070
1883 2079
1942 2091
2002 2102
2062 2113
2122 2123
2185 2127
2246 2120
2307 2112
2367 2102
2426 2089
2486 2077
2545 2066
2603 2060
2545 2074
2486 2087
2426 2098
2367 2109
2307 2119
2246 2128
2184 2134
2120 2132
2060 2122
2001 2109
1941 2100
1879 2093
1818 2084
2516 971
2534 935
2564 904
2597 879
2632 858
2669 843
2711 839
2751 845
2789 858
2823 879
2855 908
2873 944
2839 966
2802 979
2761 984
2718 981
2676 977
2633 975
2595 964
2554 959
1809 966
1779 950
1747 938
1713 930
1677 929
1641 933
1609 944
1578 958
1549 977
1521 1001
1500 1029
1533 1039
1568 1044
1605 1043
1641 1040
1676 1034
1710 1027
1743 1017
1776 1008
1809 998
2331 591
2403 538
2498 535
2590 528
2681 520
2774 515
2867 520
2947 553
3016 616
3067 690
3088 775
3035 841
2962 790
2887 743
2803 718
2715 703
2625 692
2531 690
2438 697
2353 676
1957 707
1937 631
1866 593
1788 572
1706 560
1618 561
1534 569
1454 586
1382 623
1315 671
1256 735
1234 812
1321 812
1398 789
1470 753
1546 728
1628 715
1716 715
1798 728
1883 735
