303 392
302 405
302 418
304 432
306 444
311 457
318 468
325 480
333 491
338 503
344 516
351 527
355 540
359 553
365 564
374 574
384 582
398 587
410 589
423 591
438 591
450 587
462 581
475 576
486 570
499 563
510 557
521 550
533 542
544 535
556 528
567 522
578 513
586 503
589 489
590 476
594 464
597 450
599 437
601 423
601 410
360 427
357 434
354 441
354 450
359 456
366 461
372 465
381 465
389 466
397 467
405 466
413 463
421 460
425 454
426 445
421 438
417 431
344 482
353 484
361 488
370 490
379 492
388 494
398 494
407 495
417 495
427 496
436 495
446 495
456 496
460 501
452 505
444 509
435 511
426 514
418 517
409 520
401 523
391 524
382 522
374 519
367 512
361 505
355 497
349 490
352 487
358 492
364 496
370 499
377 501
385 502
392 503
399 503
407 503
415 503
422 503
430 501
437 500
445 500
452 498
444 499
437 500
429 500
422 501
415 503
407 503
400 503
392 502
385 501
377 501
371 498
364 495
358 491
437 372
441 368
446 364
451 362
457 360
463 359
468 360
474 362
479 365
484 368
489 371
487 376
482 377
476 378
470 380
464 380
458 380
453 378
447 377
442 375
373 364
370 358
366 354
360 351
355 349
349 346
343 345
337 345
331 346
325 348
320 351
323 356
328 361
333 364
338 367
344 369
350 370
357 370
363 369
369 369
423 348
429 339
440 337
450 335
461 333
472 331
484 331
495 332
506 333
517 335
527 339
521 345
510 344
499 341
488 340
477 341
466 343
455 344
444 346
434 349
366 348
365 342
361 335
355 330
348 326
341 323
334 320
327 317
320 315
312 313
305 315
303 322
309 325
317 326
324 329
332 332
339 334
346 338
352 342
359 346
