721 497
725 523
737 546
752 569
772 589
790 607
807 630
824 652
843 671
861 690
880 709
899 730
916 751
926 775
939 800
959 820
981 834
1008 838
1036 836
1061 832
1088 825
1114 815
1137 804
1159 789
1182 772
1203 757
1226 742
1248 723
1268 706
1289 690
1310 670
1329 653
1347 632
1361 607
1372 584
1380 558
1385 532
1386 502
1387 478
1385 450
1381 421
843 461
840 483
834 507
827 530
833 553
853 566
875 575
897 572
922 566
945 558
966 549
989 539
1003 521
998 497
977 488
962 469
952 447
865 604
888 601
912 603
935 605
959 604
983 602
1007 601
1031 599
1053 594
1076 589
1100 588
1120 595
1112 616
1099 635
1082 652
1067 671
1050 687
1031 701
1011 714
991 724
969 728
945 729
923 723
905 708
895 688
888 666
880 646
872 625
886 619
902 623
919 627
936 629
955 629
973 627
990 624
1006 620
1023 615
1040 611
1056 606
1072 602
1088 596
1097 603
1083 614
1069 623
1054 631
1039 639
1023 647
1008 655
993 663
977 669
961 675
944 676
928 670
913 662
900 649
892 634
981 339
987 328
995 317
1004 307
1014 298
1026 293
1039 291
1053 291
1066 292
1079 294
1091 300
1095 312
1084 320
1073 325
1060 330
1048 332
1035 334
1021 335
1008 336
995 338
831 352
828 343
820 336
812 330
802 326
792 325
781 325
771 326
761 328
752 332
744 339
740 348
748 354
758 357
768 358
778 357
789 357
800 356
810 355
820 354
883 286
905 268
927 253
950 241
975 233
1002 228
1030 226
1058 225
1087 225
1114 229
1138 239
1114 245
1087 251
1059 253
1031 254
1005 259
980 268
956 278
931 287
907 297
804 314
797 301
785 291
771 285
757 279
743 276
727 274
712 272
697 268
682 271
669 280
673 295
687 300
702 298
718 300
734 301
750 303
764 306
779 310
792 317
