372 422
378 437
383 453
389 468
396 482
402 497
410 512
418 527
427 540
436 555
443 568
453 581
465 593
476 604
488 616
501 627
516 635
532 639
548 641
564 642
580 640
596 635
610 628
624 618
636 607
648 597
662 586
674 575
683 563
694 549
704 536
713 523
719 508
723 492
729 477
736 462
741 446
745 430
750 414
755 399
757 382
495 420
494 432
487 445
483 458
483 470
492 480
505 484
518 486
532 487
545 486
558 483
571 479
582 472
584 459
574 451
570 438
566 425
467 538
476 531
487 525
498 522
510 520
522 519
535 519
547 518
560 518
572 520
584 521
596 521
608 523
616 533
609 542
601 552
591 560
582 568
572 574
561 579
550 582
537 581
525 579
514 576
504 570
494 563
484 556
475 547
468 537
478 535
489 535
499 536
510 536
521 537
531 537
542 537
552 536
562 535
573 534
583 533
594 533
604 532
605 539
596 543
587 546
577 549
567 551
557 552
547 553
536 554
526 553
515 551
506 550
496 547
487 544
478 540
577 349
580 341
588 334
596 330
605 326
614 324
624 323
633 324
642 326
651 330
659 335
657 344
649 349
640 352
631 354
622 356
613 358
603 358
593 356
585 354
474 349
468 344
461 339
455 335
448 331
440 330
432 329
424 330
417 333
411 338
406 344
411 350
418 355
425 358
433 359
441 360
449 359
457 358
465 357
473 356
547 285
562 278
578 273
594 269
611 268
629 267
647 265
665 266
681 269
697 275
706 289
690 292
672 292
655 289
638 287
620 288
603 291
587 295
570 299
553 300
498 294
488 283
474 280
459 279
443 278
428 276
413 274
398 276
385 282
373 290
365 303
377 311
390 306
404 302
418 299
434 298
449 301
463 304
477 307
493 308
