303 453
305 463
308 475
314 485
319 494
326 504
334 512
340 521
347 531
355 538
364 545
375 552
384 557
395 562
406 566
417 567
428 567
440 565
451 562
462 560
473 555
484 551
495 548
505 544
515 537
522 529
529 519
535 510
541 500
546 490
550 479
553 467
554 456
556 444
557 433
558 422
559 411
562 399
562 388
563 377
564 364
383 388
377 396
371 404
369 413
373 422
382 423
392 421
401 419
411 416
421 415
430 414
440 414
450 413
456 405
452 396
444 390
435 386
370 464
374 458
380 452
386 447
393 444
401 443
409 445
418 445
425 442
433 442
441 443
448 446
455 450
461 453
468 457
468 465
461 469
454 471
447 474
439 476
432 477
423 477
415 477
407 476
399 475
391 473
384 470
377 468
370 464
376 461
382 458
387 456
393 454
400 453
406 452
413 452
419 451
426 450
432 449
439 448
445 449
452 450
458 452
455 455
448 455
442 455
435 456
429 456
422 457
415 457
409 458
402 458
395 459
389 460
383 462
377 464
442 353
444 347
449 342
454 337
460 334
466 331
473 330
480 330
487 331
494 333
499 337
500 344
494 348
488 351
482 354
476 356
469 357
462 358
455 358
448 357
373 370
371 365
366 360
361 358
355 356
349 355
343 356
337 358
332 360
327 364
323 368
320 374
326 375
332 377
338 377
344 378
350 378
356 377
362 375
368 373
432 320
436 312
444 306
452 302
461 300
471 298
481 297
490 295
500 294
509 295
517 300
514 307
505 305
496 303
486 304
477 306
468 311
460 315
451 317
441 319
367 340
365 332
356 329
346 328
337 327
326 327
317 328
307 329
298 332
290 337
285 345
281 353
291 353
299 349
308 345
317 343
327 342
337 341
347 342
357 342
