777 887
777 917
778 949
780 982
781 1012
785 1044
792 1075
801 1106
813 1138
826 1166
843 1193
861 1217
889 1237
915 1251
946 1265
977 1275
1008 1280
1040 1280
1070 1278
1104 1273
1134 1272
1165 1279
1196 1278
1229 1275
1259 1268
1292 1259
1321 1251
1352 1239
1378 1224
1406 1208
1433 1190
1452 1165
1461 1133
1462 1103
1466 1070
1471 1040
1475 1006
1476 975
1474 943
1472 912
1471 878
1044 760
1043 790
1035 817
1020 846
1011 873
1020 901
1047 914
1070 893
1096 885
1127 885
1155 899
1184 907
1205 886
1207 858
1196 829
1185 801
1176 770
982 1073
991 1054
1003 1036
1018 1020
1035 1005
1053 992
1072 983
1094 981
1117 983
1138 980
1160 978
1183 979
1203 985
1221 997
1237 1013
1252 1030
1239 1039
1218 1036
1195 1037
1174 1041
1152 1043
1129 1044
1106 1045
1084 1046
1062 1048
1040 1051
1020 1057
1001 1066
993 1067
1009 1054
1025 1041
1040 1029
1058 1019
1076 1012
1096 1009
1117 1009
1137 1008
1157 1005
1178 1004
1198 1007
1216 1012
1233 1022
1250 1035
1234 1027
1217 1016
1199 1009
1179 1006
1158 1007
1138 1009
1117 1011
1096 1012
1077 1015
1058 1021
1041 1031
1025 1043
1009 1056
1200 753
1208 742
1218 734
1230 729
1242 725
1255 723
1269 723
1282 725
1294 729
1305 735
1315 743
1317 756
1305 760
1292 762
1279 763
1265 761
1252 760
1239 759
1226 757
1213 756
986 745
975 739
963 737
949 737
936 737
925 742
914 747
903 754
892 760
882 768
875 778
888 778
901 777
915 777
928 776
940 773
952 769
964 766
976 763
987 758
1138 650
1158 629
1183 620
1209 614
1238 613
1264 618
1290 625
1315 634
1339 644
1363 655
1385 671
1379 693
1354 684
1329 677
1302 673
1274 671
1247 667
1219 664
1190 664
1161 663
1040 666
1027 641
1001 627
971 625
941 628
911 631
881 636
855 649
834 671
821 697
815 726
812 757
827 734
844 710
868 691
896 683
926 681
957 679
988 681
1018 684
