391 515
390 532
390 550
387 567
389 586
394 601
402 620
409 634
421 649
432 663
444 675
459 687
473 698
487 710
501 721
515 731
531 739
548 744
566 748
583 753
601 757
618 761
636 761
655 761
672 760
691 759
703 748
716 735
730 721
739 707
749 691
758 677
767 661
775 644
782 629
786 611
786 594
785 575
783 556
781 538
781 520
633 503
629 515
617 525
607 535
603 548
611 557
625 562
639 564
652 568
667 569
680 566
694 560
705 552
710 540
705 526
700 514
692 501
583 623
591 620
600 621
609 620
618 620
627 619
636 618
645 617
654 617
663 617
672 617
681 618
690 619
698 620
702 627
695 631
687 635
679 635
669 636
660 636
651 635
642 635
633 634
624 633
616 632
607 631
599 629
590 627
584 623
592 624
600 623
608 623
617 623
625 621
633 622
642 622
650 621
658 623
666 623
675 623
683 623
692 623
699 624
690 624
682 623
673 623
665 624
657 624
649 625
640 625
632 624
624 623
616 623
608 624
599 624
591 625
682 464
687 460
692 455
697 453
703 452
709 451
716 450
722 451
728 453
734 456
739 459
737 464
731 467
725 468
719 469
712 470
706 469
700 468
694 466
687 466
579 454
573 449
567 446
560 445
552 446
545 447
538 448
531 451
525 454
519 459
514 465
521 466
529 467
536 468
543 470
550 470
558 470
565 468
572 466
578 461
667 446
675 436
686 428
697 423
708 417
719 412
730 406
743 404
755 407
765 415
771 427
773 439
764 433
753 427
740 428
728 432
716 435
703 437
691 440
680 446
610 425
599 416
585 413
571 411
556 410
541 410
526 411
512 413
498 417
485 421
473 428
487 430
502 431
517 432
532 431
547 431
562 433
575 436
591 436
605 437
