658 1155
650 1189
645 1222
643 1258
644 1290
647 1324
653 1359
662 1393
677 1426
695 1454
715 1480
741 1506
768 1526
799 1545
829 1560
860 1575
889 1591
920 1612
948 1630
980 1646
1012 1653
1047 1648
1082 1642
1117 1635
1150 1628
1182 1618
1214 1610
1250 1602
1284 1594
1318 1584
1348 1571
1377 1551
1402 1528
1427 1500
1443 1472
1456 1441
1466 1408
1479 1373
1495 1342
1506 1310
1515 1275
993 1223
970 1233
951 1253
940 1278
942 1304
967 1314
993 1318
1020 1324
1045 1331
1071 1338
1098 1342
1124 1345
1149 1333
1161 1310
1157 1283
1140 1261
1124 1239
913 1437
927 1424
943 1413
959 1407
977 1404
996 1402
1015 1404
1033 1408
1051 1412
1067 1419
1082 1430
1097 1441
1111 1455
1123 1469
1133 1485
1117 1493
1100 1499
1083 1505
1065 1510
1047 1512
1027 1512
1009 1510
991 1505
974 1500
957 1493
942 1483
928 1470
918 1455
941 1440
951 1435
961 1430
971 1425
981 1421
993 1419
1004 1420
1015 1423
1027 1424
1039 1424
1050 1427
1060 1432
1069 1439
1078 1447
1087 1455
1089 1464
1077 1463
1066 1461
1054 1460
1042 1460
1030 1459
1019 1457
1008 1454
998 1450
986 1448
975 1446
964 1443
953 1441
1201 1142
1211 1125
1227 1112
1244 1105
1263 1101
1284 1100
1304 1102
1323 1106
1340 1114
1356 1127
1367 1143
1358 1160
1340 1167
1323 1175
1305 1182
1285 1183
1266 1179
1248 1173
1230 1166
1213 1158
977 1095
968 1078
954 1063
938 1050
921 1043
903 1038
884 1035
863 1036
845 1040
828 1048
811 1058
826 1072
840 1087
856 1099
872 1108
890 1115
910 1117
930 1117
950 1116
968 1111
1257 1034
1285 1034
1313 1031
1341 1031
1368 1036
1392 1045
1416 1055
1441 1064
1465 1075
1487 1090
1494 1116
1469 1123
1446 1111
1423 1098
1400 1085
1375 1076
1349 1071
1322 1066
1296 1061
1269 1057
973 963
948 951
923 941
897 933
871 926
844 919
816 915
786 915
761 925
740 946
719 968
748 965
774 956
802 952
831 954
859 957
887 962
915 967
942 973
969 978
