917 1212
923 1246
932 1281
941 1315
950 1352
958 1385
967 1418
980 1455
997 1487
1015 1518
1031 1548
1049 1580
1072 1610
1094 1635
1122 1662
1149 1686
1179 1704
1209 1717
1248 1724
1282 1726
1317 1725
1354 1719
1388 1710
1422 1698
1455 1687
1490 1677
1525 1663
1554 1645
1582 1619
1606 1592
1625 1562
1642 1531
1655 1497
1664 1462
1674 1428
1681 1393
1689 1358
1697 1324
1707 1288
1711 1252
1709 1215
1200 1156
1183 1185
1162 1208
1145 1238
1156 1271
1178 1295
1211 1302
1243 1316
1273 1329
1305 1318
1338 1311
1370 1302
1398 1283
1398 1250
1380 1222
1353 1201
1340 1170
1127 1400
1151 1392
1177 1389
1204 1391
1231 1393
1258 1395
1285 1396
1312 1398
1339 1398
1366 1397
1393 1395
1420 1393
1448 1392
1464 1409
1444 1428
1423 1444
1401 1457
1378 1466
1353 1473
1328 1479
1302 1482
1275 1484
1248 1483
1222 1480
1197 1475
1174 1463
1154 1444
1140 1422
1138 1397
1160 1392
1183 1394
1205 1398
1226 1403
1249 1407
1272 1408
1296 1408
1320 1407
1343 1405
1366 1403
1390 1402
1413 1400
1436 1398
1432 1412
1412 1421
1391 1429
1371 1437
1350 1444
1328 1448
1305 1449
1281 1450
1257 1450
1234 1448
1211 1445
1190 1440
1169 1432
1155 1414
1385 1043
1395 1029
1410 1018
1425 1007
1441 1000
1458 996
1477 995
1496 997
1513 1001
1529 1008
1544 1018
1545 1036
1529 1044
1512 1048
1494 1051
1476 1054
1457 1053
1438 1052
1420 1049
1404 1044
1175 1034
1161 1023
1146 1014
1130 1007
1112 1002
1094 1001
1075 1001
1057 1005
1041 1012
1027 1023
1016 1038
1031 1047
1047 1053
1064 1058
1083 1060
1102 1060
1120 1057
1138 1054
1155 1051
1174 1050
1338 925
1357 904
1379 887
1402 875
1429 870
1456 868
1485 867
1513 868
1538 875
1562 886
1583 904
1564 916
1540 907
1515 899
1488 895
1460 897
1435 903
1411 915
1387 925
1362 934
1196 925
1173 912
1149 903
1123 898
1096 896
1068 898
1041 901
1015 907
991 917
971 935
955 957
979 948
1003 939
1028 930
1054 926
1082 926
1109 928
1137 931
1163 935
1189 941
