323 408
324 422
327 435
331 449
339 460
347 472
352 484
358 497
367 508
377 519
384 530
391 543
396 556
400 568
408 581
418 591
429 599
442 603
456 604
470 602
484 600
498 596
510 590
522 584
535 577
547 569
559 561
570 554
580 544
590 534
599 522
605 511
611 497
616 485
620 471
622 458
623 443
625 430
625 416
625 402
624 387
390 395
388 405
385 417
380 428
380 440
390 448
401 451
413 453
425 451
436 447
448 445
459 443
469 435
475 425
468 415
461 406
454 396
382 483
393 478
404 476
416 475
428 475
440 473
452 472
464 471
477 472
489 471
501 470
513 471
523 474
516 484
508 493
499 502
490 510
481 519
471 525
461 529
450 533
438 534
426 533
415 530
406 523
398 513
392 504
387 493
385 482
395 481
406 482
416 483
426 485
436 485
447 484
456 481
466 479
476 478
486 477
497 477
507 475
517 474
511 481
502 487
494 493
486 499
477 502
467 505
458 507
448 509
438 510
427 510
417 508
409 503
401 495
393 489
461 346
464 341
468 337
473 334
479 332
484 330
490 329
496 329
502 330
507 331
513 333
512 339
507 341
502 343
497 345
491 346
485 347
479 348
473 348
467 348
397 356
396 352
392 348
388 345
383 344
378 342
372 342
367 342
362 343
357 346
353 349
350 354
354 357
359 359
365 359
370 359
376 359
381 358
386 357
392 357
440 314
443 304
452 299
462 298
472 296
483 295
493 296
503 297
514 298
525 299
535 301
527 304
516 304
505 304
494 304
484 305
474 308
465 313
456 317
447 321
385 324
380 320
374 318
367 316
360 315
353 316
346 317
340 319
334 322
328 325
326 332
332 330
338 326
344 324
351 323
358 324
365 325
371 327
377 330
384 330
