84 222
86 235
90 250
94 263
99 277
102 290
107 303
116 314
126 324
138 333
148 343
159 351
171 358
184 365
196 371
209 376
224 381
237 385
251 386
265 386
280 385
294 383
307 378
320 371
332 365
344 357
354 349
367 341
381 336
394 331
405 323
416 313
424 301
432 290
438 277
443 263
446 250
448 236
450 221
450 207
450 193
280 211
273 220
265 230
259 240
258 252
265 262
277 264
289 263
301 262
313 262
326 262
337 258
347 252
347 240
342 229
335 218
328 209
245 306
252 305
259 303
265 301
272 298
278 297
284 293
291 291
298 292
306 293
313 294
319 295
326 297
332 300
335 306
329 310
323 313
317 315
310 318
304 320
297 321
290 323
283 323
276 323
269 321
263 318
257 315
251 311
255 308
261 308
266 307
272 307
277 305
283 306
288 306
294 306
299 304
304 303
310 303
315 303
321 304
326 304
332 304
327 303
321 302
316 303
310 302
304 303
299 304
294 305
288 306
283 305
277 305
271 305
266 307
260 307
348 161
351 156
356 151
361 147
366 143
372 140
377 138
384 137
390 138
396 139
401 144
398 149
395 155
390 160
385 163
379 165
373 167
366 167
360 167
354 165
255 171
252 164
246 158
240 154
232 152
224 151
216 151
208 153
200 155
193 157
186 160
191 167
197 172
204 176
211 179
219 181
227 181
235 180
243 179
251 178
338 138
341 127
350 118
362 116
374 114
385 110
396 105
406 99
417 94
429 95
439 102
441 113
429 115
417 116
405 119
394 122
383 126
372 130
361 134
350 138
256 119
244 114
230 113
217 111
203 110
189 110
175 111
162 113
149 117
138 124
129 134
141 138
155 137
169 136
183 135
196 133
210 132
224 131
238 131
252 130
