601 512
600 538
605 568
610 596
615 624
619 652
626 681
633 710
639 738
646 765
654 793
663 820
675 848
688 872
704 898
718 923
739 942
766 954
791 962
822 965
849 961
878 952
904 945
934 937
961 928
986 917
1012 901
1035 885
1057 867
1079 848
1101 830
1123 811
1143 788
1158 763
1165 737
1174 708
1183 681
1192 655
1199 626
1205 597
1209 568
705 572
695 585
689 601
695 617
706 630
721 640
738 645
756 648
773 646
789 651
807 658
824 657
839 649
848 635
846 617
840 601
832 584
689 724
705 718
723 716
742 717
759 720
777 722
795 723
813 726
830 730
846 737
863 741
880 745
894 755
886 770
872 781
857 790
842 798
827 808
812 816
795 821
776 821
757 820
741 815
727 802
719 787
711 771
702 756
694 741
712 733
723 736
735 738
747 739
759 741
771 743
784 744
796 745
808 747
821 748
833 749
846 750
858 751
870 753
867 760
855 763
844 766
832 768
820 771
808 773
796 773
783 772
771 771
759 768
748 764
738 757
729 748
722 738
859 463
866 453
871 442
881 435
893 432
906 432
918 434
930 437
941 442
951 447
962 452
967 462
956 466
944 469
932 471
920 472
907 471
895 469
883 467
871 466
740 444
732 437
724 432
715 428
707 424
697 421
687 419
677 418
667 420
658 423
650 430
658 437
666 443
675 447
685 449
695 450
705 451
716 451
727 451
737 452
859 407
874 395
891 391
909 393
927 397
944 401
961 405
977 412
992 421
1007 431
1022 443
1014 448
998 440
982 432
966 427
949 422
932 417
914 414
896 411
878 409
733 387
722 382
709 378
696 375
683 372
670 369
656 368
641 368
627 370
615 374
608 385
620 391
634 392
649 391
662 393
676 394
690 395
703 398
716 402
729 399
