317 390
317 403
318 416
319 429
321 443
324 456
326 471
328 483
330 497
332 510
337 523
342 536
346 549
350 561
354 574
359 587
371 595
384 598
397 598
410 599
424 599
437 599
451 597
464 593
477 589
490 584
503 579
514 572
526 564
537 557
547 549
557 539
566 530
576 519
584 509
592 497
599 486
605 473
611 461
615 448
618 434
364 403
360 412
354 422
350 431
349 442
356 450
366 454
376 458
387 459
397 459
408 461
419 459
425 451
425 441
423 430
422 420
420 408
344 495
350 491
357 489
365 490
371 492
378 495
385 497
392 496
399 498
405 501
412 505
418 507
425 509
431 512
430 520
424 523
417 525
410 525
402 525
394 524
387 524
379 524
371 524
364 523
358 519
352 515
348 509
346 502
347 496
352 499
358 502
363 505
369 507
375 508
381 510
387 511
393 511
400 512
406 513
412 515
418 516
424 516
431 516
425 516
418 515
412 514
406 513
400 512
393 511
387 511
381 510
375 508
369 506
363 504
358 502
352 499
447 372
450 366
454 360
460 358
467 357
473 358
479 360
485 363
491 366
497 369
502 373
503 379
497 382
491 384
484 384
477 384
471 382
464 381
458 379
452 377
382 355
381 350
378 346
373 343
369 341
364 339
359 338
354 337
349 338
345 340
342 345
342 350
345 355
349 358
354 359
359 360
364 361
369 362
374 361
379 360
423 338
433 329
446 330
459 331
473 331
486 330
500 330
512 332
524 336
534 344
544 353
536 358
524 356
511 353
498 352
485 351
472 350
459 348
446 347
433 346
376 331
377 325
371 321
366 317
361 312
355 308
349 306
343 304
337 302
331 304
325 308
322 314
325 319
332 320
339 319
345 321
351 324
357 326
363 328
369 331
