1025 1111
1030 1161
1036 1210
1046 1260
1061 1313
1082 1361
1102 1407
1123 1452
1143 1498
1169 1546
1197 1589
1226 1633
1252 1676
1281 1722
1310 1759
1348 1798
1384 1836
1425 1868
1470 1891
1518 1904
1568 1910
1623 1908
1672 1892
1720 1874
1763 1851
1803 1813
1836 1776
1866 1734
1893 1690
1918 1645
1945 1599
1974 1559
2000 1511
2021 1468
2043 1422
2061 1370
2072 1322
2082 1269
2090 1218
2095 1170
2100 1115
1480 1179
1467 1214
1451 1251
1437 1282
1436 1323
1467 1344
1502 1356
1541 1356
1576 1370
1616 1369
1653 1358
1690 1344
1719 1321
1723 1282
1707 1246
1688 1215
1674 1177
1390 1523
1418 1507
1446 1494
1476 1483
1508 1476
1542 1477
1573 1485
1607 1483
1639 1478
1672 1483
1702 1491
1732 1501
1763 1510
1795 1515
1782 1543
1757 1566
1731 1588
1705 1608
1678 1626
1648 1635
1615 1638
1581 1636
1548 1632
1518 1623
1489 1609
1462 1592
1436 1571
1410 1549
1444 1528
1466 1529
1486 1525
1507 1521
1529 1521
1552 1521
1574 1521
1597 1521
1619 1520
1641 1521
1663 1522
1685 1523
1707 1524
1729 1525
1746 1528
1725 1532
1704 1535
1682 1536
1660 1537
1638 1538
1616 1537
1594 1539
1573 1541
1550 1541
1528 1541
1506 1539
1485 1536
1464 1533
1689 989
1705 975
1721 962
1738 953
1757 949
1778 951
1797 954
1817 958
1837 961
1856 965
1874 973
1867 990
1849 998
1830 1003
1809 1004
1788 1005
1768 1004
1748 1000
1729 995
1709 992
1433 983
1416 969
1397 958
1377 951
1354 951
1332 955
1311 959
1289 962
1268 966
1247 972
1228 981
1246 994
1265 1003
1286 1008
1308 1012
1331 1010
1352 1007
1373 1002
1394 997
1416 993
1637 957
1657 927
1688 910
1721 898
1754 888
1789 880
1824 873
1861 869
1897 872
1931 882
1961 900
1960 928
1924 921
1888 917
1851 920
1815 925
1779 932
1744 938
1708 944
1673 952
1425 910
1397 894
1366 883
1333 878
1299 875
1265 870
1231 869
1198 876
1169 891
1143 914
1119 940
1151 933
1182 924
1215 918
1251 918
1284 922
1317 929
1350 934
1385 936
1420 936
