70 355
66 374
61 393
59 413
56 432
54 452
53 472
52 492
53 512
57 531
60 550
66 570
76 587
89 602
102 617
119 627
137 636
152 649
168 659
185 669
204 674
224 679
243 681
264 679
284 675
302 671
321 663
338 652
354 640
368 628
384 615
397 600
407 583
411 564
416 545
421 526
424 506
427 487
430 466
433 447
435 426
219 373
214 383
206 393
197 402
195 415
199 427
210 433
222 435
235 438
246 441
259 444
272 444
281 437
284 424
282 412
274 402
273 390
163 497
173 493
183 490
194 487
205 486
216 487
227 489
238 491
248 493
258 497
267 502
276 509
285 516
293 524
300 533
294 542
284 539
274 534
266 527
256 522
246 518
237 514
227 511
216 508
207 504
196 502
185 500
175 498
178 495
187 495
195 496
204 497
212 499
220 501
228 502
236 503
244 505
252 507
260 510
267 513
274 518
281 523
288 526
282 520
275 515
268 512
260 509
252 507
244 505
236 503
228 501
220 500
211 498
203 496
195 495
186 494
302 338
308 333
315 330
322 327
329 326
337 327
344 329
351 331
358 335
364 340
368 346
366 352
358 354
351 355
343 354
336 352
329 349
323 346
316 343
310 339
217 310
213 304
209 298
203 294
196 292
189 290
181 289
174 290
167 292
160 294
154 298
159 304
165 308
171 311
178 314
185 315
192 316
200 316
207 315
215 316
274 301
286 290
302 291
318 293
333 296
348 299
363 302
377 308
389 319
398 332
404 346
398 356
388 343
377 332
363 325
348 322
331 321
315 319
300 317
285 314
239 299
240 285
230 274
217 268
204 264
191 261
176 259
161 259
148 263
135 268
125 279
119 291
133 294
145 287
158 282
172 280
186 282
199 287
211 293
224 299
