760 672
761 704
759 739
761 774
760 810
762 843
769 879
776 913
785 945
797 976
815 1008
834 1036
857 1063
881 1087
907 1108
935 1129
963 1151
992 1170
1022 1187
1053 1201
1086 1210
1123 1209
1156 1203
1189 1192
1221 1180
1252 1166
1284 1148
1311 1129
1340 1108
1367 1085
1391 1062
1413 1036
1431 1006
1445 975
1458 941
1470 908
1480 876
1488 844
1494 807
1500 773
1504 738
1084 656
1067 675
1043 690
1031 713
1040 739
1063 755
1089 759
1116 760
1143 766
1171 772
1197 775
1224 780
1249 771
1265 748
1259 722
1242 700
1230 674
911 859
941 844
973 835
1007 829
1043 830
1077 836
1111 842
1146 845
1183 846
1216 852
1248 862
1281 871
1310 886
1333 914
1313 942
1286 967
1258 987
1229 1003
1195 1010
1159 1012
1123 1011
1089 1006
1057 996
1026 982
997 966
970 944
945 917
926 889
939 866
966 863
991 856
1017 862
1043 867
1069 871
1096 874
1124 876
1152 877
1180 878
1208 879
1235 883
1260 889
1284 899
1283 925
1260 937
1236 947
1210 952
1183 955
1155 956
1127 956
1100 952
1075 944
1051 935
1027 927
1004 915
982 899
962 881
1249 574
1263 567
1278 563
1294 561
1310 560
1327 561
1342 564
1357 570
1371 577
1384 586
1396 598
1385 608
1369 609
1352 607
1337 605
1321 602
1306 599
1291 594
1276 589
1262 584
1060 544
1047 536
1034 529
1020 524
1006 520
990 518
974 518
959 522
946 527
932 533
919 541
932 547
946 553
961 557
976 559
992 561
1008 560
1023 558
1039 557
1055 555
1251 452
1259 423
1286 410
1316 404
1348 405
1378 411
1406 420
1432 436
1456 457
1474 482
1484 510
1489 538
1471 513
1455 487
1430 468
1403 457
1374 450
1341 449
1311 453
1281 459
1099 409
1078 385
1050 375
1022 366
991 362
959 361
929 367
902 378
877 396
856 420
842 447
867 429
892 411
919 398
949 393
980 396
1009 404
1036 417
1062 432
1092 437
