420 637
427 656
435 673
444 693
453 712
462 732
472 749
482 767
494 783
506 801
518 819
530 835
541 852
559 865
572 879
587 896
602 908
621 919
639 929
659 936
679 941
700 944
719 942
739 934
754 920
763 901
769 882
775 862
782 842
791 823
801 804
811 787
827 772
842 758
856 743
870 728
885 714
898 697
903 679
907 656
908 635
713 704
703 714
702 728
708 742
718 752
733 755
748 757
761 763
775 771
788 775
804 774
815 765
823 753
829 739
831 724
828 710
820 697
614 787
627 780
644 779
660 779
677 780
693 781
709 781
725 783
741 784
758 784
774 786
789 788
787 803
783 818
777 832
770 845
760 858
747 867
732 869
716 870
700 868
685 865
670 860
658 851
647 839
638 826
630 813
622 800
633 787
645 787
656 790
667 793
679 795
690 797
702 798
714 798
726 799
738 799
750 799
762 797
773 794
781 800
776 810
767 818
757 823
747 827
736 830
724 831
712 831
701 828
690 826
679 822
669 817
660 811
650 804
641 796
805 608
810 600
817 593
824 587
832 583
840 579
848 576
857 573
866 572
875 573
883 577
881 585
875 593
869 600
861 604
852 606
842 606
833 607
823 606
814 607
703 622
695 614
686 608
676 606
665 605
654 605
643 606
633 607
622 610
613 614
604 621
614 625
623 629
633 634
642 637
653 638
664 636
674 634
684 631
694 628
820 581
823 571
832 565
842 560
852 555
862 550
871 545
881 540
891 535
902 532
913 532
909 541
900 547
890 552
880 557
871 563
861 568
851 572
841 576
831 581
732 584
716 579
699 575
682 571
664 568
645 567
627 568
609 570
590 571
572 574
558 584
575 589
593 588
612 588
631 588
650 589
668 590
686 592
704 595
721 598
