391 508
394 526
399 544
405 561
412 578
420 596
429 611
438 627
449 643
459 659
468 674
479 691
490 705
501 720
511 735
523 750
538 761
555 767
573 770
593 770
610 766
627 759
644 749
659 740
674 729
689 718
704 706
717 694
729 680
740 664
751 648
761 633
770 617
778 601
785 582
788 565
791 546
794 529
795 511
794 491
794 472
505 519
502 533
496 547
492 561
499 572
511 582
522 591
535 598
550 596
561 587
575 584
588 580
599 569
603 556
598 542
586 533
578 520
484 600
501 601
517 604
532 608
548 611
565 611
581 608
598 607
614 603
630 601
648 600
650 617
648 633
643 648
635 662
625 675
614 688
600 698
586 705
570 707
554 704
540 696
527 685
516 672
507 658
500 644
494 629
489 614
499 609
511 613
522 618
534 622
546 625
559 626
572 624
584 622
597 620
609 617
620 612
631 607
643 604
643 615
635 626
627 636
617 645
607 654
596 660
585 665
573 668
560 670
549 666
538 659
528 651
519 641
511 631
505 620
595 455
601 449
608 445
616 441
624 437
632 434
640 433
649 432
658 431
667 432
675 436
673 443
665 446
657 449
648 450
639 450
630 451
621 452
612 452
603 453
504 445
499 440
494 437
488 434
482 433
476 432
469 432
463 433
457 435
451 437
446 441
452 444
457 446
463 448
469 449
476 448
482 448
489 448
495 449
502 450
570 423
581 412
594 405
607 401
621 396
635 394
651 394
666 395
680 397
693 404
705 414
695 419
682 414
668 411
653 412
638 414
624 417
611 421
597 425
583 429
496 411
487 403
478 397
468 393
457 390
446 388
435 387
423 387
412 389
403 396
397 405
405 413
415 416
427 416
438 414
449 412
460 411
472 412
483 414
494 417
