281 348
284 359
287 369
290 380
295 390
301 398
308 407
314 416
321 425
328 432
337 439
346 446
355 452
363 459
373 464
383 470
392 476
401 482
411 486
421 488
432 490
443 491
455 490
465 489
475 485
485 481
495 476
504 469
511 461
518 452
524 443
530 434
535 424
540 414
546 405
551 395
555 385
557 374
560 364
561 353
562 341
419 323
412 331
407 341
408 351
414 360
423 366
434 366
445 367
454 373
464 376
474 373
484 368
495 365
501 357
501 346
496 336
489 327
385 406
393 403
403 403
413 403
422 403
431 402
440 401
449 402
459 402
468 401
477 399
486 398
495 397
503 399
503 407
495 411
488 415
480 419
472 421
463 422
453 423
444 423
435 422
426 421
418 419
409 416
401 414
393 410
399 407
407 406
413 407
420 408
427 408
435 408
442 409
449 409
456 408
463 408
470 407
477 405
483 404
490 403
494 404
488 406
481 408
475 410
468 411
461 412
454 413
447 414
440 414
433 413
426 413
419 412
412 411
406 409
492 279
495 275
499 271
504 269
508 267
513 265
518 264
524 264
529 264
534 265
539 268
540 274
535 276
531 278
525 279
520 279
514 278
509 278
503 278
498 279
417 275
412 271
407 268
402 265
396 264
390 263
384 264
378 265
372 266
367 269
362 271
367 273
373 275
379 276
385 277
391 278
397 278
403 279
409 280
415 280
496 245
500 240
506 237
512 235
518 234
525 233
531 232
538 232
544 232
550 234
555 238
552 242
546 242
539 242
532 243
526 243
520 245
514 247
508 249
501 249
426 236
416 230
404 228
392 227
379 227
367 228
355 230
344 233
335 240
325 247
317 257
329 256
340 252
351 248
362 245
373 242
385 244
397 246
409 247
421 246
