271 441
271 455
272 470
274 485
278 499
283 513
288 527
296 540
304 553
312 565
321 577
331 589
341 600
352 609
364 619
375 627
386 638
395 648
409 656
422 661
437 664
452 661
465 657
479 650
489 639
496 627
502 613
508 598
512 585
516 571
523 556
529 544
535 530
541 515
547 502
549 488
549 473
550 457
552 443
552 429
551 413
398 429
391 439
387 450
388 462
394 474
406 478
419 478
431 481
442 487
454 486
464 479
476 475
487 469
489 457
483 445
475 436
466 426
349 518
361 514
375 513
390 512
404 511
418 511
433 511
446 508
460 506
474 504
488 502
501 504
506 517
501 529
495 542
489 553
482 565
474 577
462 583
449 586
434 586
421 582
409 577
397 569
386 561
375 551
365 541
356 530
361 525
371 520
382 518
393 517
404 516
416 516
428 516
440 516
451 515
462 513
472 510
483 508
494 506
495 517
490 527
485 537
477 545
469 553
460 560
450 564
438 565
426 565
415 563
405 560
396 554
387 547
378 541
369 533
457 387
459 383
463 379
468 376
473 374
478 372
483 371
488 370
493 371
498 373
503 375
503 380
499 383
494 384
489 386
483 386
478 386
472 385
467 385
462 386
388 389
384 387
380 385
375 385
371 384
366 384
361 384
357 385
352 386
349 388
345 390
349 392
353 393
358 393
363 393
367 393
372 393
377 392
381 392
386 392
462 351
466 343
473 336
482 333
491 334
500 336
509 337
518 339
525 344
533 350
537 358
540 366
533 365
525 361
517 357
508 355
499 353
489 353
480 354
470 354
395 357
392 348
384 343
374 342
364 342
354 344
345 347
336 350
328 356
322 364
317 372
313 381
321 378
330 373
338 369
348 368
358 366
367 364
377 362
386 360
