710 1787
710 1850
714 1915
726 1982
746 2047
765 2105
790 2173
812 2231
837 2291
866 2356
893 2413
923 2470
959 2531
999 2582
1047 2626
1098 2669
1154 2709
1207 2742
1267 2774
1328 2799
1391 2820
1457 2832
1524 2827
1590 2817
1648 2787
1702 2756
1768 2728
1822 2693
1873 2647
1912 2598
1949 2539
1981 2482
2014 2429
2053 2376
2095 2318
2127 2261
2155 2200
2182 2141
2206 2080
2226 2018
2243 1949
1275 1872
1255 1914
1230 1959
1231 2008
1264 2049
1302 2082
1344 2109
1393 2129
1444 2142
1494 2148
1544 2134
1586 2110
1626 2076
1666 2043
1698 2009
1689 1960
1666 1910
1148 2323
1193 2316
1241 2313
1286 2303
1334 2300
1380 2294
1428 2291
1475 2295
1522 2300
1568 2306
1614 2313
1657 2325
1698 2342
1723 2380
1702 2420
1668 2455
1630 2479
1588 2495
1544 2505
1497 2509
1448 2511
1400 2509
1355 2500
1314 2481
1276 2456
1239 2429
1203 2397
1171 2361
1154 2323
1191 2316
1231 2315
1269 2307
1307 2302
1346 2299
1385 2294
1425 2295
1465 2298
1504 2302
1543 2305
1583 2308
1620 2315
1656 2325
1691 2339
1658 2350
1619 2355
1580 2358
1540 2361
1500 2363
1460 2365
1420 2364
1381 2359
1342 2356
1302 2354
1264 2348
1227 2339
1191 2330
1708 1509
1726 1479
1755 1455
1785 1438
1817 1424
1850 1412
1884 1404
1921 1399
1958 1400
1990 1414
2020 1434
2018 1470
1992 1497
1961 1513
1927 1524
1891 1528
1854 1524
1818 1519
1782 1515
1744 1513
1246 1486
1222 1458
1194 1435
1162 1419
1130 1407
1095 1399
1057 1398
1020 1401
985 1409
954 1423
926 1449
945 1479
973 1504
1005 1517
1040 1524
1077 1527
1115 1525
1151 1519
1187 1515
1224 1513
1685 1353
1689 1303
1733 1285
1780 1274
1827 1262
1874 1250
1922 1241
1972 1235
2024 1235
2072 1244
2116 1262
2121 1298
2070 1301
2019 1299
1967 1301
1919 1311
1872 1321
1824 1331
1779 1345
1733 1360
1277 1335
1242 1292
1189 1277
1134 1269
1076 1264
1021 1254
967 1243
910 1238
852 1240
795 1246
743 1262
790 1291
844 1302
903 1301
962 1300
1017 1310
1069 1326
1121 1340
1175 1352
1231 1361
