1391 1276
1390 1330
1396 1387
1400 1450
1407 1504
1418 1562
1429 1618
1439 1676
1458 1734
1477 1788
1505 1840
1534 1893
1563 1943
1600 1989
1638 2030
1680 2069
1724 2108
1776 2140
1828 2166
1881 2181
1941 2185
2001 2187
2059 2181
2115 2170
2172 2153
2228 2134
2275 2101
2319 2067
2358 2021
2393 1975
2432 1930
2466 1882
2491 1834
2516 1776
2537 1727
2561 1671
2577 1616
2597 1562
2618 1504
2637 1450
2659 1393
1846 1221
1834 1272
1805 1316
1781 1366
1781 1419
1820 1450
1870 1472
1909 1510
1959 1510
2013 1504
2069 1490
2118 1476
2141 1426
2132 1374
2113 1325
2086 1276
2072 1224
1725 1694
1760 1684
1794 1673
1828 1660
1864 1652
1900 1643
1939 1641
1977 1645
2015 1650
2050 1658
2084 1672
2115 1692
2144 1718
2173 1745
2191 1775
2155 1783
2121 1798
2088 1812
2053 1821
2013 1821
1974 1818
1935 1817
1896 1815
1858 1810
1823 1800
1789 1787
1765 1757
1740 1727
1753 1699
1781 1692
1811 1687
1841 1684
1871 1686
1897 1699
1923 1711
1953 1716
1984 1715
2015 1715
2045 1720
2073 1727
2100 1736
2127 1746
2153 1757
2136 1753
2109 1743
2082 1733
2055 1725
2026 1719
1995 1719
1964 1721
1934 1717
1905 1712
1875 1709
1846 1703
1815 1702
1784 1700
2144 1069
2158 1044
2173 1019
2193 996
2217 981
2245 974
2275 976
2304 981
2330 991
2355 1004
2379 1020
2400 1043
2375 1058
2349 1067
2321 1074
2292 1078
2261 1078
2232 1073
2205 1066
2174 1065
1835 1025
1814 1006
1793 987
1772 970
1749 957
1725 948
1699 943
1671 943
1645 948
1621 960
1610 983
1619 1007
1638 1027
1662 1036
1690 1038
1718 1039
1746 1040
1774 1041
1802 1043
1829 1046
2002 910
2031 851
2093 830
2159 816
2226 805
2296 800
2366 803
2428 824
2486 858
2535 908
2569 966
2548 1014
2493 973
2435 941
2370 925
2300 921
2229 923
2160 931
2097 950
2035 968
1942 891
1923 840
1879 802
1824 791
1768 780
1710 776
1652 781
1598 793
1547 814
1503 851
1477 900
1472 959
1518 932
1567 906
1621 892
1681 891
1738 898
1796 903
1850 915
1902 933
