468 406
472 425
477 445
483 463
490 482
497 502
504 521
513 538
524 555
536 571
550 586
566 600
582 611
600 620
619 628
637 636
656 644
674 651
693 659
714 663
732 666
753 666
774 664
793 661
813 656
830 648
849 637
863 623
869 604
872 584
875 565
882 545
888 526
891 506
893 485
894 466
896 445
899 425
903 406
905 385
906 365
748 375
745 390
740 407
735 422
736 439
749 450
765 453
780 448
797 446
813 442
828 435
839 421
842 406
833 391
825 378
819 363
811 346
719 546
729 538
740 533
751 527
761 519
771 513
781 505
792 500
805 499
816 494
827 489
840 489
851 494
860 504
860 517
856 529
851 540
842 549
832 555
821 559
809 563
798 568
787 571
774 572
762 569
751 565
740 559
730 552
732 542
741 542
749 539
756 535
764 532
771 529
779 526
787 523
794 520
802 517
811 515
819 513
827 512
836 512
844 514
837 518
830 521
822 524
814 526
806 529
798 531
790 534
782 536
773 538
766 541
758 543
749 544
740 544
796 286
802 282
808 278
813 274
819 270
825 266
831 263
838 262
845 264
850 269
851 276
850 283
846 289
840 293
834 295
827 296
819 295
812 295
805 294
798 293
699 315
692 310
684 307
675 305
666 304
658 306
650 309
642 313
635 318
628 324
623 331
630 335
639 337
647 338
656 337
665 336
673 333
681 330
688 325
696 322
784 267
782 255
787 245
797 237
807 231
819 228
830 224
841 218
851 212
863 209
874 214
877 226
876 239
865 245
852 246
840 248
829 253
818 257
807 262
796 267
731 259
714 252
695 249
675 250
655 253
637 257
619 263
601 270
585 280
570 294
557 309
578 309
597 306
616 302
634 297
653 293
672 289
691 286
710 283
729 278
