1080 584
1078 630
1078 680
1086 730
1098 774
1113 822
1129 870
1142 912
1168 958
1195 996
1223 1038
1250 1077
1281 1112
1317 1149
1351 1182
1387 1213
1427 1245
1466 1272
1509 1298
1549 1319
1596 1332
1647 1326
1689 1309
1732 1282
1770 1254
1808 1225
1845 1192
1875 1153
1900 1109
1918 1066
1935 1017
1952 976
1975 931
1998 888
2019 842
2038 797
2054 755
2070 706
2086 660
2100 612
2108 563
1637 715
1607 744
1572 769
1556 806
1551 848
1575 882
1618 884
1661 893
1685 926
1725 933
1770 927
1803 900
1839 878
1861 842
1843 803
1824 764
1814 721
1436 1059
1472 1055
1506 1048
1540 1040
1575 1034
1607 1022
1640 1012
1676 1014
1710 1022
1747 1024
1782 1021
1819 1023
1852 1033
1883 1048
1856 1069
1831 1096
1808 1125
1782 1151
1752 1168
1718 1177
1683 1181
1646 1179
1612 1171
1579 1162
1547 1150
1518 1130
1489 1109
1461 1086
1498 1059
1520 1066
1544 1069
1569 1070
1594 1071
1619 1072
1644 1072
1669 1073
1694 1074
1719 1074
1744 1072
1768 1069
1792 1065
1815 1062
1837 1059
1814 1064
1791 1068
1767 1071
1742 1073
1718 1075
1693 1075
1667 1076
1642 1077
1617 1076
1593 1073
1569 1071
1545 1069
1519 1069
1826 490
1840 470
1858 452
1878 438
1899 428
1922 422
1946 420
1971 423
1994 428
2015 438
2027 458
2026 482
2010 501
1988 509
1964 511
1938 512
1913 511
1889 507
1864 505
1840 508
1562 489
1543 468
1522 449
1500 435
1476 424
1450 420
1422 420
1395 424
1370 431
1347 443
1327 464
1343 485
1365 502
1388 514
1413 521
1441 523
1469 522
1496 519
1522 515
1549 510
1818 432
1848 415
1880 402
1911 388
1943 374
1974 361
2006 347
2038 334
2071 324
2107 320
2129 341
2098 356
2065 366
2033 377
2000 387
1968 399
1936 410
1905 426
1875 443
1844 459
1670 436
1631 400
1584 384
1537 369
1487 358
1438 347
1388 336
1338 327
1286 321
1233 318
1187 338
1233 356
1286 361
1337 369
1386 380
1433 397
1479 415
1525 432
1574 444
1625 453
