114 360
116 374
122 388
128 402
135 415
144 426
156 436
167 447
177 459
185 471
196 482
207 493
217 503
227 516
236 528
247 538
259 545
275 546
290 545
305 541
317 532
329 523
341 514
351 504
361 491
370 479
379 467
387 455
396 442
404 430
412 416
419 404
426 390
426 375
425 360
422 345
419 330
415 315
410 301
405 287
399 272
150 372
150 382
147 392
147 401
154 407
164 410
173 409
184 408
193 405
202 399
210 395
219 391
228 387
231 377
228 368
220 362
212 356
186 454
188 446
195 441
202 438
211 436
218 432
225 428
234 427
242 426
251 427
260 427
269 427
277 429
283 432
276 437
270 444
264 450
258 457
252 463
245 469
238 474
231 478
224 481
215 482
207 480
200 475
196 467
190 461
196 458
202 456
208 455
214 454
220 453
226 451
231 448
236 446
242 443
248 442
254 441
260 440
265 438
271 436
276 434
271 435
265 437
259 439
253 440
247 441
242 443
236 445
231 448
226 451
220 452
213 453
207 454
201 455
203 290
202 284
204 278
209 274
214 272
220 271
226 271
233 271
239 271
245 271
251 272
250 277
245 280
240 283
235 287
230 289
225 292
219 293
213 294
207 294
146 314
142 309
137 307
131 306
125 305
119 305
113 305
108 307
102 310
100 315
101 321
102 327
105 332
110 334
116 332
121 329
126 326
131 323
136 320
141 317
166 271
168 260
177 253
186 247
196 241
205 236
215 231
225 228
237 227
248 228
259 231
251 236
240 238
230 241
219 244
209 248
200 253
190 259
182 268
175 276
127 291
123 287
118 285
114 283
109 281
104 281
98 281
93 282
89 284
85 287
83 292
87 294
92 295
97 295
103 294
108 294
113 294
118 295
123 296
128 295
