576 780
579 805
583 832
590 855
599 882
611 906
624 926
642 945
660 964
677 987
691 1006
709 1027
727 1047
745 1066
763 1083
781 1103
800 1119
824 1130
850 1134
878 1133
902 1125
926 1115
950 1102
970 1088
988 1069
1002 1045
1016 1022
1033 1004
1053 987
1072 967
1085 946
1098 921
1109 898
1119 873
1126 850
1128 824
1132 796
1135 770
1138 745
1140 719
1142 691
745 762
744 780
735 799
728 817
733 837
750 846
768 855
780 872
799 873
816 860
831 847
847 837
868 833
880 818
882 798
875 779
859 766
723 898
743 903
764 902
785 906
805 910
827 909
846 900
866 895
886 890
908 887
928 884
950 882
956 901
951 921
941 939
927 956
911 969
893 981
874 988
855 995
835 1000
813 1002
793 998
775 988
759 972
747 954
738 936
729 917
731 907
749 907
766 912
782 917
798 921
816 920
833 916
848 910
864 904
880 899
897 896
915 894
932 891
949 889
941 903
928 915
914 926
899 934
884 942
868 949
852 954
836 958
818 959
801 956
785 950
770 942
755 932
742 921
870 647
877 640
885 635
892 631
900 628
909 626
918 625
928 625
936 626
945 629
953 633
952 641
944 644
935 646
926 647
917 648
908 649
898 649
889 649
879 649
709 657
704 651
697 649
689 648
681 647
673 647
666 649
659 651
652 654
645 657
638 660
645 664
651 668
658 670
666 670
674 670
682 669
690 668
697 666
704 663
833 600
849 593
864 583
879 575
896 571
915 569
933 570
951 572
969 575
985 581
1000 591
993 605
974 603
957 600
939 599
920 598
901 598
883 599
866 604
849 608
769 611
754 602
735 601
715 601
695 602
676 604
657 607
638 608
618 610
600 614
584 623
600 632
619 635
638 632
656 628
675 625
694 623
713 621
733 621
753 622
