594 851
593 877
593 904
593 934
595 961
601 987
608 1014
616 1040
627 1067
639 1091
654 1114
672 1135
694 1154
717 1171
739 1188
761 1205
782 1219
807 1233
834 1244
859 1251
888 1257
916 1259
942 1256
968 1248
994 1237
1016 1220
1035 1200
1055 1178
1076 1161
1099 1144
1119 1127
1137 1105
1152 1081
1164 1058
1178 1032
1184 1006
1185 978
1190 951
1190 924
1189 894
1187 866
891 859
877 875
863 894
855 915
855 940
868 957
886 969
910 975
932 977
955 978
979 971
1000 961
1018 947
1019 924
1009 905
998 885
990 861
770 1021
792 1021
814 1020
836 1019
858 1021
880 1022
902 1024
923 1027
944 1025
965 1022
987 1021
1009 1022
1029 1028
1047 1037
1034 1054
1017 1067
1000 1078
981 1086
961 1091
939 1093
917 1094
896 1091
877 1083
859 1075
840 1067
821 1058
804 1048
787 1034
801 1026
817 1031
834 1033
851 1035
868 1038
884 1042
900 1046
918 1048
936 1047
954 1048
971 1047
989 1045
1006 1043
1024 1042
1040 1040
1023 1043
1006 1045
988 1045
971 1048
953 1049
936 1048
917 1048
900 1046
883 1044
866 1041
850 1038
833 1035
817 1031
1004 763
1012 759
1021 754
1030 749
1039 746
1049 743
1059 743
1070 744
1079 747
1088 751
1096 758
1097 767
1087 769
1076 770
1066 770
1055 770
1044 769
1034 768
1023 767
1013 765
839 749
831 742
823 736
813 733
803 731
792 731
781 732
772 735
762 738
753 742
744 746
753 750
763 753
773 756
783 757
794 758
804 757
815 755
825 754
836 755
979 696
995 683
1015 682
1035 681
1056 682
1076 684
1096 686
1115 690
1132 697
1148 709
1158 725
1147 732
1132 720
1113 715
1094 711
1075 708
1054 708
1034 709
1014 712
995 708
866 692
852 680
834 675
817 670
799 665
781 661
761 662
742 664
723 667
705 670
688 678
705 685
724 684
744 684
764 685
783 686
802 688
820 692
837 699
854 706
