396 930
408 962
419 998
430 1034
443 1069
459 1100
483 1130
507 1155
536 1181
563 1204
594 1227
625 1248
655 1266
689 1285
723 1298
756 1311
790 1325
828 1332
862 1334
902 1330
935 1320
972 1307
999 1285
1025 1260
1050 1230
1071 1202
1091 1169
1111 1138
1134 1108
1153 1078
1174 1046
1191 1014
1205 979
1221 945
1226 912
1225 872
1222 838
1216 799
1211 763
1207 726
1203 688
663 735
657 768
652 801
653 837
669 864
701 877
736 875
768 869
801 860
834 849
867 841
902 830
919 803
914 769
892 743
877 712
860 680
599 1029
631 1009
664 991
698 975
732 960
767 948
804 940
840 930
876 920
915 915
955 913
995 917
1032 925
1046 960
1033 994
1010 1025
982 1055
953 1083
921 1104
887 1119
852 1131
816 1141
777 1145
738 1141
702 1130
668 1115
636 1095
608 1065
610 1034
637 1014
665 1000
695 990
726 983
760 981
792 976
824 969
854 960
885 952
916 944
947 937
980 933
1013 937
1012 966
986 986
960 1006
934 1025
906 1042
879 1059
851 1075
822 1086
790 1092
756 1094
723 1090
694 1080
667 1063
639 1048
845 596
861 581
877 568
893 553
910 541
928 532
948 527
970 527
991 529
1012 532
1032 537
1021 546
1000 548
979 552
960 557
940 562
920 568
901 573
881 578
863 587
610 629
594 625
579 621
563 618
546 616
529 618
513 622
498 628
484 636
471 646
459 659
476 657
492 655
508 652
525 649
541 647
558 644
573 640
589 636
606 635
811 466
807 435
830 412
857 399
883 386
911 377
942 373
973 375
1002 383
1028 396
1054 412
1074 435
1046 441
1016 435
987 429
955 428
925 434
897 441
869 451
842 463
587 497
559 490
528 490
498 494
470 500
443 509
417 520
393 535
370 555
356 580
348 608
374 597
398 579
421 561
445 545
471 533
499 527
529 524
560 525
589 521
