364 492
366 510
370 529
376 545
383 563
391 579
400 596
409 612
419 628
429 645
437 661
447 677
459 691
475 701
491 709
509 715
527 719
545 719
565 718
582 714
601 708
617 701
636 696
653 688
669 679
684 669
700 660
711 644
721 629
731 612
739 597
746 580
748 561
750 543
752 524
755 505
758 487
758 468
755 450
752 431
748 412
484 424
478 436
475 450
476 463
484 475
497 477
509 471
522 466
534 461
547 457
561 458
574 461
585 455
589 441
586 429
578 418
567 408
482 553
485 540
489 528
498 517
510 511
523 506
536 504
550 503
565 502
578 506
589 512
601 520
610 531
615 544
615 558
611 571
604 582
594 593
582 600
570 604
557 608
543 610
529 611
515 609
503 603
494 592
488 580
484 567
500 566
500 556
505 548
510 541
517 534
526 530
534 527
543 525
552 523
562 521
571 523
579 527
587 531
595 535
603 541
608 549
604 557
596 561
587 565
579 568
570 571
561 573
552 575
543 577
533 578
523 577
514 576
505 574
571 357
577 351
584 346
591 342
598 339
606 337
614 336
622 336
630 337
638 339
645 344
642 351
635 355
628 357
620 359
612 360
604 360
596 359
588 358
579 358
474 374
466 371
459 370
451 370
443 371
435 372
428 375
421 378
415 383
410 389
406 396
414 397
422 397
430 396
438 394
445 392
452 389
459 386
466 383
473 380
547 326
546 307
560 293
577 286
595 283
614 281
633 278
651 280
668 288
683 300
695 315
702 332
687 329
672 316
656 309
636 307
617 305
597 306
579 310
563 318
482 342
476 329
462 322
446 321
430 322
415 324
399 327
386 334
374 346
366 359
360 373
356 388
370 381
380 369
392 358
405 351
419 345
435 343
451 343
466 345
