272 548
274 569
275 593
274 618
275 642
276 663
277 688
282 711
289 733
298 755
310 775
324 794
338 811
354 830
371 846
390 859
410 871
431 880
454 888
477 896
500 898
524 896
546 893
570 887
591 879
612 869
630 853
644 833
657 813
669 795
680 775
689 752
694 728
698 706
702 682
706 658
709 636
711 612
714 590
718 566
723 542
490 594
481 608
466 619
458 635
464 651
481 657
498 664
511 675
524 687
542 687
560 684
572 672
588 663
599 650
595 632
584 619
578 602
418 729
433 729
448 731
464 729
479 728
494 726
509 728
523 731
538 729
554 730
569 729
585 728
600 729
611 741
599 751
588 760
575 768
562 775
549 780
535 784
519 785
504 785
490 781
477 775
463 769
451 762
439 751
428 741
431 729
443 733
454 737
467 739
479 742
491 744
503 746
516 748
530 748
543 747
555 745
568 743
580 740
592 738
603 736
591 739
579 742
567 745
555 748
542 750
529 750
516 749
503 748
490 746
478 743
466 740
454 737
442 734
578 526
584 519
591 514
598 509
606 506
615 504
624 504
633 506
640 510
648 514
655 520
653 528
646 532
637 534
629 536
619 536
610 535
603 532
595 528
587 525
467 515
461 509
453 505
446 501
437 499
429 498
420 499
412 501
404 505
397 509
390 515
397 519
405 523
413 526
422 527
431 526
439 524
448 523
457 522
465 522
567 492
575 479
589 471
603 466
619 463
636 462
652 463
667 467
682 472
695 481
703 494
708 509
691 509
677 504
663 499
648 494
632 491
616 492
599 493
582 494
488 464
473 456
456 452
438 450
420 451
402 453
385 456
370 462
355 470
341 482
327 493
343 498
361 495
377 490
393 486
410 482
427 479
445 477
463 478
481 478
