589 743
589 767
589 795
592 822
597 849
606 876
613 901
622 925
635 950
648 972
660 999
670 1024
679 1049
688 1073
700 1097
719 1116
744 1127
771 1133
798 1137
824 1138
851 1131
876 1121
899 1108
921 1092
941 1075
962 1055
980 1037
999 1018
1020 1000
1040 984
1061 968
1081 948
1098 928
1112 904
1125 878
1135 855
1144 829
1150 802
1152 775
1150 749
1146 721
713 768
712 788
700 806
690 825
695 848
709 863
729 873
751 879
774 879
787 864
808 856
829 858
848 845
846 824
839 802
829 784
824 761
685 940
697 931
711 928
726 927
742 927
757 929
772 931
787 932
802 934
816 938
830 941
844 945
858 948
872 952
880 962
866 966
852 969
837 971
823 974
808 976
793 977
778 978
763 976
749 972
736 967
723 962
710 956
697 950
692 943
705 941
719 942
732 943
745 945
758 948
771 950
785 950
799 951
812 951
826 953
839 955
852 956
865 957
878 960
866 961
852 959
839 957
826 956
812 955
798 956
784 956
771 954
758 952
746 949
733 947
719 946
706 944
851 660
861 652
870 644
881 638
892 633
904 631
917 630
930 630
942 633
953 637
963 645
963 658
952 663
940 665
927 666
914 665
902 664
889 663
876 662
864 660
719 649
716 639
709 630
700 625
690 621
679 620
668 620
657 622
647 625
638 629
629 635
633 644
641 652
650 658
660 662
670 664
681 663
692 662
702 659
712 657
841 603
859 595
877 589
896 583
915 577
935 573
956 573
976 577
995 583
1012 594
1023 611
1013 627
993 626
975 618
955 613
934 612
913 615
893 618
873 620
851 620
726 603
713 595
699 588
685 583
669 582
653 580
640 575
625 571
609 570
596 579
588 592
602 598
619 598
634 600
649 604
664 607
679 610
694 613
709 617
725 616
