492 629
497 651
500 672
501 695
503 719
501 741
502 764
506 785
513 809
522 829
534 849
547 866
562 885
575 902
589 921
603 939
620 955
639 966
661 974
682 981
705 985
728 987
750 987
773 985
796 979
816 969
834 956
850 938
864 922
878 904
893 886
907 867
915 847
922 824
926 803
931 780
936 758
940 736
946 714
953 693
962 669
712 630
700 646
687 664
673 679
668 699
675 718
695 726
716 731
737 734
758 735
780 738
801 734
814 718
818 698
810 677
801 659
793 637
624 799
638 795
653 790
667 785
681 781
697 782
712 785
728 786
744 786
761 786
776 789
790 794
804 800
817 806
816 820
804 831
792 842
779 849
764 852
748 853
732 852
717 849
702 846
687 841
673 837
660 830
647 820
637 808
638 799
650 800
662 801
675 802
687 803
699 804
711 806
722 808
734 810
746 811
759 811
771 812
784 812
796 811
808 812
795 813
783 813
771 813
758 812
746 812
734 811
722 809
710 808
698 807
686 804
674 803
662 802
650 801
800 588
808 582
817 576
826 572
836 569
846 568
857 569
866 572
875 577
883 583
890 591
885 600
876 603
866 607
857 609
846 609
836 607
826 604
817 600
809 594
689 574
682 567
675 560
666 555
658 551
648 549
638 549
628 551
619 554
611 558
602 563
607 572
614 578
623 582
633 584
642 586
653 585
662 584
672 582
682 580
768 538
774 519
794 513
816 510
838 511
859 513
881 516
901 521
919 532
935 547
945 566
940 583
923 569
905 558
885 552
863 552
842 555
821 559
800 561
780 556
725 528
708 513
688 504
666 499
645 494
623 488
600 490
579 496
560 506
542 521
528 539
550 537
571 531
593 525
616 525
638 530
659 536
679 545
699 553
722 550
