301 400
302 412
302 426
302 439
303 452
304 466
308 479
313 491
319 503
326 515
333 526
341 536
351 546
361 554
371 564
381 572
392 580
403 586
416 592
429 596
441 598
455 600
468 601
481 599
493 593
504 585
514 577
524 568
535 559
545 551
555 541
563 531
571 520
578 509
584 497
589 484
593 472
596 459
597 446
599 433
601 418
453 395
447 404
437 411
431 422
434 434
443 443
454 450
464 454
477 458
488 458
501 457
512 453
521 445
523 433
521 421
515 410
507 400
386 475
397 470
409 469
421 469
434 469
446 470
457 473
469 475
481 475
494 475
506 476
517 479
528 482
529 493
522 503
513 512
504 520
494 525
482 527
470 528
458 527
446 525
435 522
424 518
414 512
405 505
397 495
392 485
395 477
404 478
414 478
423 480
433 481
443 483
452 484
461 486
471 487
480 488
490 487
500 486
509 487
520 487
516 495
508 501
500 504
491 506
481 507
472 508
462 508
452 507
442 505
434 503
425 500
417 496
409 491
401 484
516 368
519 363
523 360
528 358
533 357
539 357
544 357
549 358
554 359
559 360
564 363
562 367
558 369
552 370
547 371
542 371
536 372
531 371
526 370
521 369
447 356
443 352
439 348
434 344
428 342
422 341
416 340
410 339
404 340
398 341
393 344
397 349
402 353
407 356
412 358
418 360
424 361
430 360
437 360
443 360
526 342
532 337
540 336
548 337
555 337
563 336
571 335
578 336
585 338
591 342
596 348
592 353
586 351
578 350
571 349
563 349
555 349
547 349
540 348
533 346
450 329
443 324
434 320
426 318
417 315
409 313
400 312
390 312
381 314
373 317
366 323
375 321
384 320
393 320
402 322
410 324
419 327
427 330
436 332
445 334
