436 728
446 752
456 777
466 802
475 827
485 853
496 876
508 902
521 922
538 946
552 969
567 991
584 1012
602 1030
622 1049
641 1066
662 1086
682 1104
707 1114
731 1121
760 1121
785 1119
812 1112
836 1103
856 1085
873 1064
890 1043
909 1024
928 1003
943 983
960 961
973 938
984 912
995 888
1005 862
1014 839
1022 814
1028 785
1033 760
1038 734
1043 706
678 683
670 710
663 741
650 769
639 797
649 823
678 838
709 841
736 837
769 831
799 835
823 817
831 790
822 761
804 736
791 708
784 676
640 958
649 943
663 932
679 925
697 921
716 922
733 926
752 926
768 919
787 918
805 921
822 926
838 932
854 941
852 959
840 973
829 988
814 1000
799 1009
781 1012
762 1012
743 1011
724 1012
705 1011
687 1008
671 1002
657 989
646 975
642 955
656 951
672 951
687 951
703 951
717 954
733 954
748 953
763 951
777 947
792 946
807 947
823 947
839 946
853 945
838 944
822 944
806 945
790 945
776 947
761 949
747 952
732 954
716 953
702 950
687 949
672 951
656 951
795 609
800 596
807 585
817 575
829 567
841 561
854 560
869 560
882 562
895 565
907 572
912 584
901 594
890 600
877 605
864 607
850 608
835 608
822 605
808 606
645 611
636 601
625 594
613 589
600 587
586 589
574 592
562 596
551 603
540 611
530 620
542 624
555 628
566 632
580 634
593 633
606 631
619 628
631 625
645 623
753 563
762 537
788 528
815 522
843 517
871 511
897 502
923 493
951 489
979 493
1004 505
1008 528
978 529
949 531
920 534
893 542
866 548
837 552
809 557
782 564
625 556
605 549
584 546
562 542
541 540
519 537
497 535
476 537
456 545
439 558
425 575
447 576
469 574
492 574
514 576
536 578
558 580
581 579
603 578
625 575
