529 712
536 730
542 750
550 768
561 785
574 802
587 818
600 832
614 846
630 860
644 873
660 888
677 899
692 912
708 925
727 933
747 934
766 930
786 923
805 915
822 906
839 892
857 883
876 875
893 866
908 853
920 835
930 819
938 800
946 780
955 762
962 743
964 723
967 703
969 683
972 662
974 643
970 622
965 604
957 585
948 564
623 693
624 707
625 722
625 737
636 746
651 749
666 751
677 743
691 736
704 730
719 726
730 716
731 702
725 687
715 678
701 672
689 662
640 783
653 777
666 770
680 768
696 767
710 764
723 758
736 752
751 749
765 745
779 742
795 741
810 739
812 753
806 766
797 778
787 790
775 800
763 809
751 816
738 823
724 827
710 830
694 830
680 826
667 819
656 808
648 796
658 783
668 779
679 776
690 773
701 772
713 770
723 766
733 762
743 758
754 754
764 750
775 747
786 745
798 746
796 757
789 766
780 773
770 780
761 786
750 790
740 794
729 797
719 801
708 803
696 803
684 802
673 799
664 792
711 591
713 586
717 582
722 579
727 578
732 576
738 576
743 575
748 574
754 574
759 576
757 580
753 584
748 586
743 589
738 590
733 591
727 591
722 592
716 593
603 623
597 620
591 619
584 619
577 620
572 622
566 625
560 627
554 630
549 633
544 637
550 639
557 639
563 638
569 637
575 635
581 632
587 630
593 629
600 628
663 586
669 572
681 560
695 551
709 544
723 538
737 532
752 527
769 526
785 527
801 531
796 542
780 543
763 545
748 548
734 554
720 561
706 570
693 579
679 586
597 601
587 596
574 595
562 594
549 594
536 594
523 594
511 595
500 600
492 610
490 622
501 624
512 618
523 615
536 614
548 613
561 612
574 612
586 614
598 612
