1127 1211
1137 1273
1140 1346
1147 1416
1158 1482
1170 1552
1189 1623
1211 1684
1240 1746
1281 1806
1327 1861
1368 1912
1415 1961
1463 2011
1513 2064
1554 2121
1602 2174
1645 2224
1696 2270
1765 2292
1836 2293
1899 2285
1970 2270
2027 2236
2077 2185
2129 2135
2176 2083
2219 2028
2266 1976
2316 1936
2374 1889
2425 1847
2470 1793
2511 1740
2552 1681
2567 1611
2577 1546
2584 1478
2595 1405
2608 1337
2618 1265
1728 1175
1703 1226
1666 1281
1642 1335
1642 1396
1686 1441
1737 1477
1797 1495
1857 1504
1914 1494
1970 1467
2029 1447
2078 1409
2094 1348
2071 1295
2044 1237
2019 1179
1534 1648
1590 1658
1650 1661
1709 1659
1769 1661
1825 1672
1884 1675
1939 1663
1996 1654
2056 1652
2113 1646
2170 1638
2229 1634
2217 1688
2191 1737
2153 1782
2109 1821
2062 1853
2011 1874
1956 1886
1897 1890
1838 1886
1783 1874
1732 1853
1684 1823
1639 1786
1598 1742
1564 1696
1553 1656
1599 1661
1645 1664
1689 1672
1731 1684
1773 1697
1815 1709
1860 1715
1905 1712
1948 1702
1991 1690
2033 1679
2077 1670
2121 1662
2129 1683
2091 1705
2053 1726
2013 1744
1972 1758
1928 1767
1882 1769
1837 1762
1795 1751
1754 1737
1713 1723
1672 1709
1632 1695
1592 1676
2053 946
2078 930
2104 916
2130 904
2158 895
2187 890
2219 888
2249 891
2277 900
2303 912
2328 931
2325 960
2295 964
2265 969
2233 971
2201 970
2171 968
2141 962
2111 957
2082 951
1690 933
1665 912
1639 895
1611 883
1582 875
1549 872
1517 874
1487 882
1460 896
1434 915
1410 936
1436 952
1464 966
1492 976
1524 979
1557 976
1588 971
1618 965
1649 959
1682 958
1982 826
2019 779
2070 749
2124 730
2181 719
2244 716
2306 718
2366 726
2420 745
2468 779
2507 826
2498 872
2446 846
2393 823
2335 810
2273 808
2212 811
2152 819
2096 834
2037 843
1726 830
1707 777
1655 751
1602 732
1545 719
1485 712
1422 710
1362 716
1307 732
1258 766
1231 818
1227 879
1277 856
1325 821
1378 799
1440 795
1501 799
1558 813
1613 830
1670 842
