309 499
314 519
321 539
328 559
340 578
349 595
359 614
368 634
379 653
393 670
408 685
422 701
436 715
455 727
474 739
494 747
514 755
533 762
554 769
575 775
595 782
615 785
638 783
658 779
677 770
696 759
713 745
726 729
739 712
750 693
761 674
771 655
779 636
786 615
792 595
797 574
802 554
806 531
811 511
815 491
817 468
589 475
583 490
578 507
574 525
575 543
586 556
602 564
618 565
636 565
653 566
671 562
684 552
699 541
701 525
694 508
687 492
679 476
535 642
547 637
561 635
574 631
586 627
599 623
611 619
625 618
639 619
653 618
667 617
681 618
695 619
709 621
708 633
697 642
686 652
676 661
664 667
651 671
638 673
623 673
609 672
596 669
583 666
570 662
558 656
547 650
543 641
554 638
567 638
579 639
592 640
604 640
617 639
629 640
641 638
653 635
664 631
675 628
686 624
697 622
710 622
700 628
688 630
676 631
665 635
654 638
642 639
630 641
618 643
605 643
592 643
580 643
567 643
554 643
667 403
670 394
674 385
680 376
688 368
696 362
706 357
717 357
727 359
736 363
745 369
752 377
749 387
740 393
731 397
720 399
709 399
698 400
687 400
677 402
544 417
541 407
531 401
521 394
510 388
499 385
487 383
475 384
464 388
454 394
444 402
438 413
448 420
459 424
471 426
483 425
495 423
507 421
520 420
532 419
652 362
665 351
678 344
692 337
706 331
720 327
736 325
752 326
767 330
779 340
788 353
784 363
771 354
757 348
742 345
725 345
710 348
696 353
682 360
668 365
584 359
566 348
545 342
524 339
502 337
480 338
459 344
440 351
421 361
405 377
396 395
415 386
433 377
452 368
472 361
494 358
516 359
538 361
559 366
578 372
