157 287
165 308
174 331
183 354
190 378
196 400
202 424
212 447
226 466
240 486
255 506
268 525
284 545
300 564
316 581
332 599
351 614
376 616
398 621
422 622
444 612
468 603
491 594
514 585
533 573
551 557
568 538
583 520
597 499
610 478
621 458
636 436
647 417
654 392
657 370
660 344
661 320
661 296
657 271
653 247
647 223
318 296
313 310
306 323
303 340
308 354
322 361
336 366
352 372
368 373
382 369
398 364
412 357
424 347
428 332
426 316
413 309
406 295
292 445
305 440
319 436
333 432
348 430
363 429
379 427
394 425
408 423
424 422
440 422
456 422
471 424
483 433
472 443
459 451
447 461
436 471
424 482
411 488
397 491
382 493
368 489
355 483
342 477
329 470
317 461
304 453
302 447
314 449
326 448
339 448
352 448
364 449
377 450
389 449
401 446
412 443
423 440
435 438
446 435
458 433
470 432
459 432
447 433
435 436
424 439
413 442
402 445
390 448
377 448
365 448
352 448
339 448
327 448
314 448
427 181
432 171
439 162
447 154
457 149
468 147
479 148
490 149
500 153
510 158
519 163
526 172
516 177
506 180
495 182
483 183
472 183
460 183
449 182
438 180
286 187
277 181
267 176
258 171
248 167
237 164
226 163
215 164
205 168
196 174
188 182
197 191
205 199
215 202
227 203
238 203
250 202
260 200
271 198
282 196
416 127
420 111
435 105
450 100
466 95
481 89
496 85
513 82
530 84
545 89
559 96
561 105
545 104
527 104
510 105
492 106
476 109
461 116
447 123
432 130
277 138
268 132
258 129
247 127
236 124
226 122
214 121
203 120
191 120
181 122
171 125
182 127
192 129
203 131
215 132
226 133
237 135
247 137
258 141
268 144
