660 876
666 903
673 931
683 958
694 986
707 1013
722 1037
737 1062
752 1086
771 1110
789 1133
809 1156
825 1178
843 1200
868 1215
897 1227
921 1238
948 1251
973 1266
1000 1277
1027 1288
1058 1290
1085 1288
1113 1279
1138 1265
1158 1243
1177 1221
1199 1201
1218 1179
1238 1157
1254 1134
1271 1108
1285 1085
1298 1057
1306 1029
1312 1000
1317 971
1320 942
1321 914
1321 886
1321 854
1051 890
1035 900
1027 916
1023 936
1032 952
1050 960
1070 962
1089 962
1110 962
1129 962
1148 965
1166 957
1183 946
1191 929
1185 909
1171 895
1163 878
970 1057
987 1053
1004 1050
1022 1048
1039 1044
1057 1042
1075 1043
1094 1044
1111 1042
1129 1038
1146 1037
1164 1039
1181 1043
1187 1059
1177 1073
1167 1088
1155 1102
1142 1113
1126 1121
1109 1125
1091 1125
1073 1123
1056 1119
1040 1113
1025 1105
1011 1094
997 1083
984 1070
980 1055
995 1053
1010 1054
1024 1055
1040 1055
1054 1054
1069 1053
1084 1054
1098 1056
1113 1056
1128 1054
1142 1051
1156 1049
1171 1048
1167 1059
1155 1067
1143 1075
1130 1081
1117 1085
1103 1087
1088 1087
1073 1086
1058 1085
1044 1083
1030 1079
1017 1076
1004 1071
992 1064
1165 796
1170 786
1178 778
1188 773
1198 769
1209 765
1220 764
1232 763
1243 765
1254 768
1263 773
1265 784
1255 791
1245 794
1233 795
1222 796
1210 795
1198 796
1186 796
1175 799
1015 792
1008 781
996 776
984 774
970 773
957 773
944 775
932 779
921 783
909 787
897 791
909 796
921 799
933 802
945 804
958 806
971 807
985 807
998 805
1010 803
1166 752
1174 738
1188 729
1202 722
1218 718
1234 717
1251 716
1267 718
1283 721
1298 727
1311 738
1308 752
1293 746
1279 741
1262 738
1245 738
1229 741
1214 745
1198 749
1183 754
1047 743
1027 729
1004 720
978 717
952 717
926 719
900 722
875 725
852 733
831 745
810 761
833 770
856 764
880 757
904 752
930 749
956 748
982 749
1008 751
1034 755
