159 601
162 622
164 644
166 665
171 689
178 710
184 730
191 753
199 773
211 793
222 811
233 831
245 851
260 867
277 882
295 893
316 902
338 905
361 907
383 906
404 903
427 895
447 886
465 875
483 862
502 847
519 834
535 819
550 802
563 784
573 763
580 743
587 720
593 700
598 677
602 656
605 634
606 612
606 588
603 567
600 543
248 579
242 595
237 610
237 629
241 645
256 652
273 651
291 650
307 642
324 636
340 641
357 637
369 625
371 608
365 591
356 576
342 565
244 743
247 730
257 720
268 711
280 706
294 709
308 709
320 703
332 698
346 697
360 699
373 702
386 706
398 712
408 720
398 731
388 742
379 752
368 761
356 766
344 770
330 773
316 774
302 773
289 770
276 766
264 761
253 754
248 748
258 743
268 738
279 734
290 732
302 731
313 729
325 728
336 726
347 723
359 722
370 721
382 720
394 721
407 720
395 721
383 722
370 722
358 722
347 725
336 727
325 729
313 731
301 732
290 734
279 736
269 741
259 746
367 496
373 489
380 482
387 476
395 472
404 470
413 469
422 470
431 472
440 475
447 479
448 488
439 491
431 494
422 496
414 499
404 500
395 500
385 500
376 498
254 526
252 519
245 515
237 512
229 511
221 510
212 511
205 514
198 518
192 524
188 531
186 539
193 543
201 544
210 543
218 542
226 540
233 537
240 534
248 531
337 436
353 425
369 417
386 411
404 406
423 403
443 404
461 408
478 415
494 424
508 438
498 451
480 447
463 441
445 436
426 434
407 437
390 443
372 448
352 448
251 465
246 454
234 448
221 446
207 446
193 446
180 450
169 456
158 465
150 475
144 487
146 500
159 499
168 490
179 482
191 478
205 477
218 478
232 479
244 476
