751 1166
757 1194
763 1222
772 1250
781 1276
791 1303
804 1330
817 1353
837 1377
858 1393
886 1407
911 1419
936 1434
961 1445
988 1457
1015 1466
1044 1473
1070 1482
1098 1494
1125 1503
1154 1509
1181 1510
1207 1498
1228 1479
1250 1459
1270 1440
1296 1425
1321 1411
1347 1398
1371 1380
1391 1361
1411 1341
1427 1315
1438 1290
1455 1265
1472 1244
1489 1222
1500 1195
1505 1165
1505 1136
1499 1107
1216 1045
1198 1071
1180 1099
1164 1125
1151 1156
1163 1184
1190 1201
1219 1212
1252 1217
1282 1217
1315 1214
1345 1201
1369 1180
1363 1149
1349 1119
1340 1089
1333 1056
1065 1283
1084 1285
1101 1292
1117 1298
1136 1301
1155 1303
1174 1304
1194 1305
1213 1308
1232 1310
1251 1309
1271 1309
1290 1306
1308 1302
1302 1315
1287 1325
1271 1334
1254 1341
1236 1345
1216 1346
1197 1343
1179 1339
1162 1334
1145 1328
1128 1321
1111 1314
1095 1305
1080 1294
1067 1283
1082 1291
1097 1297
1113 1302
1130 1306
1147 1308
1164 1311
1181 1314
1199 1317
1217 1317
1235 1316
1253 1315
1270 1312
1286 1308
1300 1304
1285 1311
1268 1315
1251 1318
1234 1320
1215 1320
1198 1318
1181 1314
1164 1311
1147 1309
1130 1306
1113 1302
1097 1297
1081 1292
1337 984
1342 970
1351 958
1362 947
1375 940
1389 936
1404 934
1419 932
1434 934
1446 942
1452 955
1451 971
1444 983
1434 995
1421 1002
1406 1005
1391 1004
1377 1000
1363 996
1349 993
1165 958
1163 941
1153 926
1137 919
1118 919
1099 919
1081 921
1063 923
1046 926
1030 932
1014 940
1029 950
1043 961
1058 971
1073 980
1089 985
1107 988
1126 988
1142 983
1157 974
1369 903
1372 883
1387 868
1405 860
1423 853
1441 846
1461 845
1482 844
1502 849
1520 856
1536 868
1545 885
1525 884
1504 882
1484 879
1464 881
1444 883
1425 888
1407 895
1389 902
1239 837
1221 821
1200 814
1176 812
1153 809
1128 807
1104 808
1080 810
1057 813
1034 818
1012 823
1035 827
1060 827
1084 827
1108 829
1131 832
1154 835
1177 841
1199 847
1222 851
