800 2080
803 2145
810 2210
825 2274
845 2338
870 2401
900 2461
935 2518
975 2575
1017 2632
1058 2680
1108 2733
1155 2775
1210 2819
1263 2856
1324 2894
1382 2923
1443 2945
1512 2966
1575 2985
1639 3003
1702 3018
1775 3029
1840 3032
1905 3027
1974 3010
2027 2978
2069 2924
2090 2856
2099 2792
2106 2724
2121 2658
2144 2597
2170 2531
2189 2471
2214 2406
2235 2339
2252 2279
2272 2212
2291 2146
2301 2077
1748 2007
1727 2058
1692 2103
1675 2159
1677 2213
1712 2256
1770 2266
1825 2261
1886 2258
1939 2249
1997 2231
2046 2208
2082 2165
2077 2107
2050 2058
2024 2005
2002 1950
1593 2604
1631 2588
1664 2558
1698 2532
1736 2515
1773 2497
1811 2480
1848 2463
1886 2448
1925 2435
1965 2423
2008 2428
2042 2456
2065 2491
2058 2533
2051 2575
2038 2614
2018 2651
1984 2679
1945 2693
1905 2702
1863 2710
1818 2708
1779 2696
1742 2677
1706 2655
1668 2639
1628 2627
1635 2584
1659 2562
1685 2547
1712 2534
1740 2523
1770 2516
1800 2511
1831 2506
1861 2499
1889 2490
1918 2481
1947 2474
1978 2476
2008 2483
2037 2491
2025 2513
1999 2531
1974 2549
1946 2560
1918 2569
1890 2579
1861 2588
1830 2591
1798 2588
1766 2587
1733 2586
1701 2585
1668 2585
2045 1794
2055 1772
2074 1754
2095 1742
2118 1734
2141 1727
2168 1728
2190 1736
2211 1750
2230 1768
2237 1791
2231 1814
2213 1833
2191 1844
2166 1848
2140 1849
2115 1846
2090 1841
2066 1835
2046 1820
1582 1793
1559 1769
1535 1746
1509 1730
1479 1721
1447 1718
1416 1722
1387 1731
1359 1744
1333 1762
1309 1785
1333 1809
1360 1824
1389 1834
1419 1839
1451 1843
1485 1843
1516 1838
1545 1830
1575 1821
2045 1624
2056 1589
2085 1564
2116 1543
2149 1526
2182 1511
2216 1495
2251 1486
2288 1489
2320 1508
2341 1539
2347 1576
2321 1593
2292 1568
2253 1569
2218 1579
2184 1593
2151 1609
2117 1624
2082 1632
1800 1590
1777 1521
1713 1486
1642 1466
1569 1452
1496 1436
1426 1415
1351 1426
1289 1468
1239 1527
1202 1591
1169 1656
1229 1610
1293 1572
1361 1549
1438 1541
1514 1549
1581 1577
1650 1599
1728 1605
