563 1827
581 1878
602 1934
626 1992
644 2048
659 2099
675 2158
696 2210
720 2266
748 2321
777 2370
813 2419
849 2463
888 2509
924 2549
977 2578
1034 2593
1092 2599
1152 2594
1211 2583
1266 2569
1322 2556
1380 2541
1438 2525
1491 2509
1548 2486
1599 2461
1649 2431
1698 2395
1739 2354
1771 2306
1797 2250
1818 2197
1836 2144
1853 2085
1864 2028
1871 1969
1875 1912
1873 1851
1872 1791
1871 1732
895 1706
880 1746
870 1788
865 1835
891 1871
921 1901
958 1924
1003 1929
1049 1918
1089 1908
1134 1895
1179 1887
1214 1860
1221 1819
1209 1773
1187 1735
1154 1704
811 2089
845 2072
882 2061
920 2053
961 2057
1001 2061
1040 2066
1079 2072
1120 2075
1160 2078
1200 2083
1240 2088
1280 2091
1321 2093
1331 2116
1295 2129
1259 2141
1222 2152
1186 2164
1148 2171
1107 2173
1065 2175
1024 2176
983 2175
945 2167
908 2156
874 2138
842 2114
858 2092
890 2097
922 2105
953 2113
984 2122
1015 2129
1050 2130
1083 2125
1116 2121
1151 2121
1186 2121
1220 2118
1254 2119
1289 2118
1320 2110
1288 2114
1253 2115
1219 2114
1184 2114
1149 2115
1115 2117
1083 2122
1050 2128
1016 2128
984 2122
953 2113
922 2105
891 2097
1273 1492
1296 1477
1318 1463
1342 1453
1368 1445
1394 1440
1423 1441
1449 1446
1474 1455
1497 1468
1519 1485
1520 1511
1493 1515
1464 1517
1435 1517
1407 1515
1380 1510
1354 1505
1328 1499
1301 1494
914 1499
898 1480
879 1466
857 1460
832 1458
807 1457
782 1458
759 1461
737 1468
717 1481
698 1497
709 1518
729 1529
753 1532
777 1530
801 1527
825 1524
849 1521
874 1519
898 1516
1163 1362
1189 1326
1230 1314
1274 1308
1320 1305
1366 1307
1410 1313
1454 1319
1498 1325
1541 1333
1582 1345
1559 1355
1513 1352
1467 1351
1421 1348
1375 1347
1331 1352
1286 1357
1243 1365
1202 1376
900 1385
875 1362
846 1349
813 1343
781 1337
748 1332
714 1329
680 1328
648 1335
621 1352
604 1380
632 1397
665 1393
696 1385
729 1381
763 1383
796 1389
828 1395
860 1401
892 1408
