314 437
314 450
316 464
319 477
323 490
327 502
332 516
338 527
346 538
354 550
363 560
373 569
384 578
394 586
404 596
413 605
423 614
437 616
451 616
465 615
478 614
491 611
504 609
517 606
531 602
543 599
557 593
568 585
575 575
583 564
590 551
596 540
602 527
608 516
614 503
617 491
620 476
622 463
624 450
624 436
624 422
393 435
392 443
386 452
384 461
387 470
396 475
405 476
415 477
425 474
434 470
443 467
453 465
460 459
462 449
459 440
452 434
444 427
389 520
394 512
403 508
412 505
422 503
432 502
442 500
451 498
461 497
472 496
482 496
493 497
502 500
505 509
501 517
496 526
489 534
482 541
473 547
465 551
456 554
446 556
435 556
426 553
418 548
410 542
403 534
397 526
393 515
401 513
409 513
417 512
425 510
434 508
442 507
450 506
458 505
467 504
475 503
484 503
492 502
500 503
495 510
489 516
482 521
475 525
468 529
460 532
453 534
444 535
436 536
428 535
420 532
413 528
406 524
399 519
461 385
464 380
468 376
473 373
477 371
482 369
488 369
494 369
499 369
504 371
509 373
509 378
504 381
499 383
494 385
489 386
483 386
477 386
472 386
466 385
385 392
381 389
377 388
373 387
368 387
363 387
359 388
355 391
351 393
348 395
344 397
348 399
352 400
357 400
362 399
366 398
370 397
375 396
380 396
384 396
435 355
441 348
448 342
455 337
463 332
471 328
480 326
489 324
498 324
507 325
515 329
511 336
502 338
492 338
484 340
476 343
468 347
460 351
452 355
443 358
385 363
381 356
375 351
368 349
360 347
352 345
345 343
337 342
329 344
322 347
318 354
315 361
323 361
331 361
339 359
347 358
354 360
361 362
369 364
377 364
