487 658
491 678
498 698
506 717
516 736
526 755
535 773
545 792
554 813
561 831
567 853
576 872
589 888
605 903
622 916
641 927
660 934
680 940
701 945
722 945
743 941
764 934
783 926
803 918
821 908
840 898
859 887
876 875
892 862
908 846
920 831
930 811
943 794
953 775
960 754
968 736
975 717
980 696
982 673
983 653
982 630
655 681
651 695
645 710
637 724
636 739
647 749
663 752
678 754
693 757
709 756
726 756
741 753
753 744
754 728
748 714
737 703
733 687
620 816
626 804
637 795
649 790
661 784
673 780
686 776
700 775
713 777
726 781
738 786
750 792
760 800
768 811
770 824
764 836
757 847
745 854
733 859
721 862
707 863
693 862
679 862
665 861
653 856
641 850
631 840
627 827
645 821
650 815
656 813
663 811
670 810
676 808
683 807
690 806
697 807
705 807
712 807
719 808
726 810
732 812
738 815
735 817
728 816
721 816
714 815
707 814
700 813
693 812
686 813
679 814
672 815
665 816
658 817
652 819
763 601
768 591
776 584
786 580
797 578
808 577
819 576
831 577
841 579
851 583
859 591
853 600
845 607
835 612
825 615
814 616
803 615
793 612
783 608
774 602
635 594
628 586
619 582
610 579
601 576
591 575
581 575
571 577
562 580
554 585
547 593
553 600
562 605
571 608
581 609
591 610
601 610
611 608
620 606
629 602
735 514
752 505
773 503
793 502
814 500
834 498
855 498
876 499
894 504
912 512
929 522
912 533
893 536
874 531
855 526
834 525
813 524
792 524
771 525
751 527
620 529
608 520
593 516
579 513
564 510
549 508
534 505
519 503
504 504
490 509
477 515
490 522
505 523
521 524
536 526
552 527
566 530
581 533
595 536
610 539
