340 400
344 415
349 432
352 448
357 465
360 480
365 497
370 513
375 529
381 546
388 560
397 574
410 587
420 600
432 611
446 621
460 629
478 632
495 633
512 634
529 631
545 629
561 624
576 618
590 609
603 597
616 587
629 574
640 562
650 548
657 533
665 518
672 502
676 487
681 471
685 453
687 436
689 420
691 403
692 386
694 369
436 378
430 387
427 398
433 409
441 417
448 427
458 434
469 437
480 433
491 428
502 428
514 427
525 423
529 411
529 400
527 388
520 378
421 496
424 485
432 476
441 470
452 473
462 478
473 480
485 481
496 483
507 487
517 492
527 497
536 504
545 511
554 519
545 526
535 530
524 533
513 535
501 536
490 538
478 537
466 538
454 536
444 532
435 525
426 517
427 505
432 501
440 498
448 498
457 498
466 499
474 500
482 501
491 502
499 503
507 505
515 508
523 510
530 512
538 515
545 519
538 516
531 513
523 510
515 508
508 506
500 504
491 502
483 502
474 501
466 500
458 499
449 498
440 499
534 314
539 307
546 301
553 297
560 294
568 292
576 292
585 292
593 293
600 296
607 300
607 309
600 313
592 315
584 317
576 318
567 317
559 316
551 315
543 314
440 312
434 309
428 307
422 305
415 304
408 303
401 303
394 304
388 306
382 309
377 314
383 317
389 319
395 320
402 321
409 320
416 319
423 318
430 317
437 317
509 290
513 273
529 267
546 261
562 254
577 246
593 238
611 235
628 239
643 249
653 264
658 280
643 269
628 261
609 260
592 264
576 270
560 278
544 283
528 290
454 294
443 285
432 279
419 276
406 272
393 270
381 265
369 259
355 259
344 265
338 276
340 290
351 285
364 281
377 282
390 286
402 290
415 293
428 295
442 297
