495 684
503 713
508 742
512 774
515 804
517 834
519 864
524 898
533 926
549 952
570 975
591 996
616 1015
641 1034
666 1052
691 1070
716 1087
745 1101
773 1108
805 1113
836 1116
866 1115
897 1111
923 1099
948 1081
973 1064
1001 1045
1025 1027
1047 1008
1068 985
1085 957
1100 930
1112 902
1121 875
1127 843
1129 813
1130 782
1130 752
1130 721
1130 690
1129 657
803 743
792 760
772 767
757 784
758 803
771 820
792 827
813 832
833 839
856 841
877 839
898 830
915 819
922 798
915 779
901 761
893 740
720 917
735 909
750 902
765 896
781 892
798 890
816 891
834 891
851 892
869 893
886 895
902 899
918 905
933 910
933 927
923 940
909 950
894 956
877 960
861 963
843 965
826 964
809 960
793 956
778 951
763 944
748 936
735 924
733 910
745 907
758 907
771 908
784 910
796 912
809 914
822 915
836 915
849 915
862 914
875 912
888 911
902 910
900 916
889 921
878 925
866 930
854 933
842 936
829 936
816 935
803 933
791 930
779 926
768 922
756 917
745 914
906 637
911 628
920 620
930 615
940 610
951 607
962 605
974 605
986 607
996 610
1006 616
1008 627
998 633
988 637
977 639
965 640
953 640
942 638
930 637
918 638
757 629
749 621
740 613
730 608
719 605
708 604
696 603
685 605
675 608
665 614
657 622
666 629
676 634
686 638
697 640
708 641
720 641
732 641
744 640
755 639
898 587
905 569
924 562
944 557
963 552
984 550
1005 548
1027 548
1047 551
1065 562
1076 579
1076 597
1058 589
1040 581
1020 576
998 575
977 578
958 583
939 589
918 591
790 567
770 556
748 551
726 545
702 543
678 543
654 545
633 551
612 560
592 571
585 592
607 588
628 580
649 572
672 569
695 570
718 575
739 582
761 587
785 587
