430 588
432 604
438 622
443 638
449 654
458 670
465 685
473 701
483 716
492 731
503 746
513 759
524 772
536 786
546 800
559 812
576 819
593 821
611 820
629 819
645 816
662 811
680 805
695 797
710 787
724 777
738 766
750 754
761 739
772 727
783 712
791 698
797 680
801 663
806 647
807 629
808 611
808 593
808 575
808 558
808 540
539 565
532 577
526 591
519 603
524 616
538 622
551 631
563 639
577 640
590 632
603 625
616 618
625 607
630 594
627 579
615 569
602 562
511 657
523 648
539 647
554 649
570 650
586 650
600 647
616 645
631 646
647 646
663 647
675 655
677 670
673 685
667 698
658 711
647 722
634 729
620 734
605 737
590 737
574 736
560 731
549 721
538 709
529 697
522 684
516 671
518 659
531 660
543 663
555 667
567 670
581 671
594 670
607 668
620 666
631 662
643 658
656 655
669 654
676 665
670 676
661 686
651 695
641 702
629 706
617 709
603 710
590 708
578 705
566 701
555 695
545 688
535 678
528 668
619 500
623 493
628 485
635 479
642 474
650 470
658 467
667 468
676 469
684 472
692 476
695 484
688 489
680 492
672 495
663 497
655 498
646 500
637 501
628 501
539 510
536 503
530 497
523 492
516 488
509 485
500 483
491 483
484 486
476 489
469 494
465 501
471 506
479 509
487 510
496 511
504 512
513 511
522 510
530 511
597 449
601 436
614 430
627 425
640 421
654 418
668 416
682 413
697 413
710 418
722 425
719 433
706 428
692 425
677 426
663 429
650 432
636 435
623 441
611 449
531 452
521 446
511 444
501 442
490 441
479 440
468 439
456 439
447 443
439 451
433 459
444 459
455 458
466 457
477 458
488 459
499 460
509 462
520 465
530 462
