360 478
364 492
367 506
370 520
373 534
377 548
382 561
390 576
397 588
403 600
411 613
418 627
426 638
435 650
444 661
455 672
468 679
483 683
496 686
511 688
525 683
538 677
550 669
563 660
574 652
585 641
596 631
605 621
615 610
625 599
634 587
641 575
648 560
654 547
659 533
662 520
664 504
668 490
672 476
673 462
673 446
485 465
479 474
475 486
467 495
465 507
471 518
479 528
490 531
503 534
515 531
528 527
538 521
544 511
545 497
540 487
533 475
528 463
436 561
445 556
455 559
466 560
476 562
486 563
496 565
507 565
518 564
529 566
539 567
550 568
557 574
551 582
545 591
539 599
531 606
522 612
512 614
502 615
491 615
481 613
471 610
463 605
456 596
450 588
445 579
440 570
445 562
453 564
460 568
467 572
475 575
482 579
490 582
498 583
507 583
515 582
523 580
531 577
538 575
546 572
554 571
546 572
538 575
531 578
523 581
515 582
506 583
498 584
490 582
482 580
474 577
467 573
459 570
452 566
543 409
549 402
554 396
559 390
566 385
573 381
581 379
589 380
597 381
604 384
611 390
612 397
607 404
600 408
593 410
585 412
576 412
568 411
560 410
552 409
472 406
467 399
461 393
455 389
448 385
441 383
433 383
425 385
418 387
411 391
405 397
410 403
416 407
423 411
431 413
438 415
446 415
454 415
462 414
470 413
535 372
543 363
555 360
566 357
577 354
588 351
600 348
611 345
624 345
636 346
646 353
638 359
626 358
613 358
601 360
589 362
577 365
567 369
556 373
545 377
483 374
475 365
465 361
453 359
441 358
430 357
419 353
408 351
395 351
385 356
377 365
388 367
399 364
411 366
423 368
434 371
444 375
455 378
465 381
477 384
