300 358
303 371
306 385
310 401
314 415
318 430
324 443
331 456
338 469
346 481
356 494
365 505
376 516
387 524
399 535
412 542
424 549
438 556
452 561
467 565
482 566
497 567
511 570
525 568
538 559
547 548
552 534
550 518
552 505
559 490
561 476
562 460
569 447
573 434
578 419
585 406
591 393
597 379
600 364
601 349
599 334
501 332
499 340
494 348
494 357
501 363
510 362
518 362
528 363
536 364
545 366
555 366
563 363
571 358
576 351
577 343
574 334
570 326
450 432
454 420
466 414
479 412
491 408
504 404
516 401
529 399
543 399
557 398
571 399
573 411
563 421
557 432
555 445
557 459
560 471
559 485
550 495
538 501
525 502
512 499
500 494
489 486
480 475
472 465
464 454
456 443
455 424
465 420
474 417
484 414
495 413
505 411
516 410
527 408
537 406
548 408
559 408
568 413
560 421
555 430
551 439
550 450
550 461
547 470
538 475
527 477
517 475
507 472
498 468
489 463
480 457
472 450
464 442
458 433
544 284
547 282
551 280
554 280
558 279
562 279
566 279
570 279
574 280
577 282
579 285
578 288
574 288
570 288
566 288
562 287
558 288
554 287
551 286
547 285
481 280
476 278
471 278
466 278
461 279
456 280
452 281
447 282
442 283
437 283
432 285
437 286
442 286
447 286
452 285
457 284
462 284
467 283
472 283
478 283
543 245
545 240
547 236
550 231
553 227
558 225
563 224
568 225
573 228
577 231
579 236
580 241
580 246
576 244
572 242
567 240
562 240
557 242
553 245
548 246
489 231
478 227
467 225
454 225
442 226
431 228
420 232
410 236
400 242
391 251
385 261
396 257
406 252
417 248
428 245
439 242
451 241
463 239
475 239
488 239
