399 425
400 444
400 463
404 482
407 501
413 519
422 536
433 551
446 567
458 582
470 598
482 611
496 624
512 636
527 647
543 660
559 670
575 679
594 686
613 688
632 690
651 684
668 675
684 664
696 650
708 635
716 618
722 600
730 581
737 564
746 547
756 530
764 511
770 494
775 475
778 457
780 437
781 418
781 398
776 380
765 364
563 391
557 403
548 415
543 428
551 440
565 438
580 441
592 447
607 451
619 446
630 436
643 428
657 424
662 411
657 397
646 389
635 378
528 500
538 490
551 487
565 486
579 485
593 483
606 480
619 477
632 474
645 472
660 472
674 471
683 482
680 494
675 507
669 518
661 530
651 539
639 546
627 551
614 554
600 554
586 552
573 549
562 543
551 534
541 524
534 512
539 491
550 490
562 488
573 487
584 485
596 484
607 481
617 478
628 475
639 473
650 472
663 472
673 474
672 485
666 495
660 505
653 513
643 519
633 523
623 527
612 530
600 531
589 532
577 531
567 526
558 519
549 510
544 501
640 331
644 329
648 327
652 325
657 324
661 323
666 322
671 323
676 323
681 324
684 327
683 331
678 332
673 333
669 334
664 334
659 333
654 334
649 333
645 332
545 345
540 343
534 342
528 342
522 341
516 342
511 343
506 345
501 348
496 351
491 353
497 355
502 356
508 356
514 356
520 355
525 353
530 352
535 350
541 348
610 306
616 293
628 287
642 284
656 282
670 280
684 279
699 279
712 283
723 291
732 302
727 312
714 307
701 302
687 300
673 302
660 305
647 309
634 313
621 316
562 304
551 297
538 295
525 298
511 300
498 302
484 303
471 306
460 312
449 321
441 332
452 340
465 336
476 330
488 324
501 321
514 319
528 318
542 317
555 313
