550 1430
567 1481
589 1535
617 1587
645 1637
666 1691
684 1748
712 1801
743 1852
776 1895
803 1950
825 2002
856 2053
891 2102
945 2123
1003 2121
1054 2106
1110 2082
1164 2054
1210 2023
1265 1998
1316 1971
1363 1939
1413 1904
1457 1870
1504 1834
1549 1794
1591 1758
1633 1718
1666 1666
1676 1610
1681 1555
1687 1494
1686 1435
1687 1378
1686 1318
1684 1261
1679 1205
1669 1143
1659 1089
1646 1028
633 1332
619 1375
599 1418
586 1465
608 1509
649 1532
696 1541
745 1534
791 1521
837 1513
883 1499
927 1481
949 1436
933 1396
897 1357
854 1343
815 1312
714 1745
737 1717
762 1690
790 1668
824 1661
860 1658
896 1654
931 1648
963 1637
995 1625
1029 1618
1065 1620
1099 1627
1134 1633
1140 1665
1112 1688
1082 1705
1052 1723
1023 1743
995 1765
966 1785
935 1800
904 1813
869 1818
835 1810
806 1793
775 1776
745 1759
787 1725
808 1717
830 1712
853 1708
875 1702
898 1697
920 1693
943 1687
963 1678
984 1669
1004 1659
1026 1652
1048 1646
1069 1639
1090 1632
1069 1640
1048 1647
1026 1653
1005 1660
984 1670
964 1679
943 1687
921 1694
898 1697
876 1703
855 1712
834 1721
811 1725
915 1123
921 1103
928 1083
939 1065
955 1049
973 1038
993 1032
1014 1029
1036 1026
1058 1027
1076 1038
1084 1058
1077 1077
1060 1092
1041 1100
1022 1107
1001 1112
979 1114
957 1117
936 1119
662 1199
657 1186
645 1178
632 1175
617 1177
603 1181
590 1185
578 1192
570 1203
566 1216
562 1230
571 1242
583 1248
597 1252
612 1253
626 1250
639 1246
652 1240
660 1228
662 1214
739 1017
744 973
778 945
816 926
855 908
893 891
932 874
971 858
1012 847
1056 851
1093 873
1101 912
1057 917
1014 912
973 924
935 943
896 961
858 978
819 994
780 1011
598 1080
583 1060
562 1049
541 1039
515 1040
493 1048
473 1060
456 1079
452 1102
457 1126
461 1149
467 1172
478 1193
482 1171
486 1147
503 1128
527 1125
551 1122
574 1116
595 1104
