313 518
327 539
340 560
351 580
366 603
380 622
397 642
414 660
433 677
451 693
472 708
493 720
515 731
538 745
560 757
582 767
605 778
628 787
652 792
677 792
703 787
726 779
749 769
770 755
789 737
801 716
809 693
819 669
829 646
840 624
852 601
855 577
858 552
861 526
862 500
862 478
861 451
859 426
856 401
853 376
851 350
625 461
614 479
603 500
596 521
597 542
609 561
630 569
651 570
674 576
696 581
715 570
729 553
745 536
750 516
740 495
724 479
715 459
579 644
594 636
609 630
626 626
642 622
658 616
675 614
692 610
707 604
724 599
740 594
755 588
771 581
786 576
777 591
768 605
762 621
755 636
745 650
730 659
714 664
697 667
678 667
661 664
644 661
627 658
611 654
594 649
585 641
600 640
615 639
630 637
644 636
659 634
674 632
688 629
701 625
714 619
727 614
739 608
752 602
764 594
776 586
765 595
753 602
740 609
727 615
715 621
701 626
688 630
674 633
660 635
645 636
630 637
615 639
600 640
686 364
690 354
698 346
706 338
716 332
725 326
735 322
745 318
755 315
766 314
776 319
773 329
768 339
759 345
749 350
739 352
728 355
718 358
707 360
697 362
558 401
548 396
537 392
526 390
515 392
505 396
494 400
484 404
474 409
465 416
456 424
466 427
477 430
489 431
500 430
511 427
522 423
531 417
541 413
552 410
678 326
682 309
695 297
709 287
723 277
739 269
754 262
768 253
783 245
802 246
817 254
817 271
802 278
785 282
769 288
754 294
738 301
724 309
709 319
695 329
568 354
550 347
528 348
507 350
486 353
465 357
445 361
426 367
407 376
392 392
379 409
401 407
420 401
439 393
458 387
478 381
499 378
520 377
542 376
562 372
