841 1157
849 1187
860 1220
871 1253
882 1282
895 1313
911 1343
927 1373
946 1402
968 1427
992 1450
1014 1473
1036 1500
1058 1525
1081 1548
1109 1570
1137 1584
1169 1589
1202 1585
1237 1575
1266 1563
1297 1548
1324 1532
1352 1510
1378 1487
1405 1467
1431 1446
1454 1425
1478 1399
1503 1376
1526 1351
1544 1324
1558 1295
1568 1262
1568 1227
1567 1196
1564 1162
1563 1127
1563 1096
1564 1061
1564 1026
1017 1082
1007 1107
996 1131
987 1160
997 1185
1024 1192
1050 1195
1080 1199
1108 1200
1134 1191
1158 1178
1183 1163
1206 1147
1215 1121
1208 1095
1190 1075
1171 1052
991 1321
1011 1301
1034 1288
1058 1279
1084 1272
1110 1268
1137 1263
1164 1260
1192 1258
1219 1256
1247 1253
1275 1252
1301 1258
1323 1273
1312 1297
1295 1318
1274 1336
1252 1353
1229 1366
1206 1376
1181 1384
1155 1390
1128 1394
1100 1391
1075 1385
1051 1376
1028 1363
1007 1343
1024 1323
1042 1313
1062 1306
1082 1302
1103 1298
1123 1293
1143 1288
1164 1285
1186 1282
1207 1280
1228 1277
1249 1273
1270 1269
1291 1268
1305 1281
1289 1296
1271 1306
1252 1314
1232 1320
1212 1325
1191 1328
1171 1332
1150 1336
1129 1339
1106 1340
1084 1339
1063 1336
1043 1331
1185 953
1195 940
1206 928
1219 919
1233 911
1247 905
1263 901
1279 899
1296 899
1312 901
1326 908
1325 923
1311 930
1296 934
1280 937
1264 940
1248 942
1232 943
1216 946
1201 950
1005 990
993 985
981 981
969 978
955 976
942 977
929 980
918 986
907 994
899 1005
892 1015
903 1021
917 1020
930 1018
943 1015
955 1013
968 1010
981 1007
993 1004
1006 1001
1135 858
1144 831
1168 813
1195 805
1224 799
1254 795
1285 794
1315 798
1343 806
1369 817
1393 835
1378 848
1351 838
1323 830
1292 830
1263 834
1235 843
1209 856
1184 870
1157 880
995 909
980 899
962 894
943 890
923 891
905 896
888 903
872 911
856 923
841 936
828 951
845 958
863 952
880 947
898 942
916 937
936 935
955 934
975 933
993 928
