532 666
537 687
542 709
546 731
553 751
563 770
577 788
592 803
610 818
627 834
644 846
656 866
666 883
680 902
696 918
714 930
735 934
759 933
781 929
801 926
823 919
843 907
859 892
875 876
891 861
907 846
921 828
933 810
946 793
959 774
971 755
980 736
986 715
989 691
990 669
988 647
984 626
979 603
975 583
969 561
963 538
639 615
631 628
626 644
625 662
636 674
651 680
668 683
686 685
702 680
714 667
728 660
744 654
757 644
764 629
760 611
747 601
730 596
610 763
623 746
637 731
655 722
674 716
695 713
715 708
733 702
753 697
772 692
792 687
813 686
835 686
850 700
843 718
832 735
820 752
808 769
796 785
779 798
761 806
741 810
720 811
699 808
679 804
661 798
643 788
626 777
636 761
645 748
658 740
673 736
689 735
706 735
721 731
735 725
749 717
763 712
778 708
793 704
809 702
825 702
832 714
821 726
809 737
797 748
784 759
771 767
758 774
743 779
727 781
711 781
695 779
679 776
665 771
651 764
734 518
739 512
745 507
751 503
758 499
765 496
772 494
780 494
788 493
796 494
804 494
798 499
791 502
784 504
777 506
770 508
762 509
754 510
747 511
740 514
615 547
608 546
600 546
594 549
588 551
581 552
574 553
568 555
562 557
555 560
550 564
557 563
564 562
570 560
576 557
582 555
589 554
595 552
602 550
609 549
680 476
689 458
708 449
728 445
750 443
771 440
792 438
814 439
834 444
853 451
871 461
863 479
842 480
820 479
797 479
776 481
755 484
735 489
715 495
694 492
615 506
609 494
598 486
583 486
570 489
558 495
546 502
533 506
522 512
513 524
510 537
511 552
525 552
536 544
548 539
561 534
574 531
588 529
602 527
613 520
