628 809
625 836
621 865
619 894
618 922
620 950
623 981
625 1009
627 1038
630 1065
637 1094
646 1122
660 1148
674 1174
691 1194
718 1209
745 1218
773 1223
803 1228
831 1230
857 1229
888 1228
915 1225
942 1214
969 1205
999 1211
1029 1208
1057 1204
1084 1196
1111 1183
1135 1168
1153 1148
1170 1124
1185 1099
1200 1074
1211 1048
1222 1019
1227 993
1230 963
1233 934
1236 904
798 822
782 839
768 858
762 883
758 906
775 921
798 929
822 934
846 935
872 934
895 933
919 929
942 922
950 901
948 876
938 854
926 831
753 1043
759 1027
772 1016
787 1006
802 999
821 999
838 1001
856 1003
874 1004
891 1007
906 1014
922 1020
938 1026
954 1032
968 1040
977 1054
960 1057
942 1058
924 1056
906 1057
889 1060
871 1061
854 1064
836 1065
818 1064
801 1061
784 1057
768 1052
759 1037
769 1026
781 1020
794 1017
808 1015
823 1015
837 1016
851 1018
865 1019
879 1020
893 1023
905 1027
918 1031
932 1034
944 1038
932 1035
918 1033
905 1030
892 1025
879 1021
865 1020
851 1018
837 1016
823 1016
808 1016
794 1017
782 1022
770 1028
973 740
979 732
987 724
996 720
1006 717
1018 717
1028 719
1038 722
1047 726
1056 732
1064 740
1058 748
1050 756
1041 760
1030 762
1019 763
1009 761
999 757
990 752
981 746
800 729
795 720
787 714
778 709
768 706
758 704
747 704
737 706
727 709
718 713
709 719
715 728
723 735
732 740
741 744
752 745
762 743
771 739
781 735
791 733
926 668
939 648
961 641
986 642
1011 646
1035 650
1058 654
1081 661
1102 672
1118 690
1126 712
1119 730
1103 711
1082 699
1061 688
1040 678
1018 671
993 669
970 674
946 679
818 668
816 649
798 640
777 637
755 637
732 637
711 639
692 645
673 653
657 666
645 683
640 703
657 693
676 684
694 675
713 668
733 663
754 662
776 664
796 668
