540 1815
552 1877
571 1937
600 1997
631 2059
655 2116
674 2180
700 2240
727 2301
755 2356
794 2411
836 2458
887 2505
940 2545
993 2579
1053 2613
1109 2644
1166 2669
1232 2689
1292 2702
1360 2705
1423 2700
1493 2691
1556 2684
1620 2673
1680 2649
1731 2612
1780 2563
1820 2509
1859 2459
1894 2407
1922 2343
1942 2284
1959 2216
1970 2153
1984 2087
1999 2026
1998 1960
2000 1895
2007 1828
2008 1762
1223 1750
1203 1800
1173 1847
1142 1896
1144 1948
1186 1982
1238 1998
1292 2012
1349 2014
1399 1992
1452 1969
1505 1961
1555 1930
1565 1877
1542 1827
1505 1785
1475 1735
1050 2233
1090 2213
1136 2218
1182 2224
1231 2225
1278 2221
1326 2223
1375 2224
1419 2215
1462 2203
1505 2191
1547 2177
1589 2162
1634 2155
1670 2174
1632 2199
1590 2213
1545 2221
1502 2234
1461 2248
1419 2262
1374 2270
1326 2269
1279 2263
1233 2258
1185 2256
1137 2257
1090 2253
1069 2243
1109 2236
1149 2241
1191 2243
1233 2240
1275 2238
1317 2238
1360 2238
1401 2233
1440 2225
1479 2218
1519 2211
1559 2205
1598 2199
1623 2202
1585 2213
1546 2221
1509 2232
1472 2244
1435 2256
1397 2266
1356 2269
1314 2267
1274 2262
1233 2258
1191 2256
1148 2257
1108 2252
1548 1490
1555 1468
1575 1454
1595 1442
1617 1434
1640 1429
1664 1426
1690 1425
1714 1427
1736 1434
1757 1445
1756 1470
1738 1488
1717 1499
1694 1504
1669 1505
1644 1504
1619 1503
1595 1499
1572 1493
1093 1509
1070 1492
1045 1477
1020 1466
992 1460
961 1459
932 1464
906 1472
881 1485
857 1502
841 1526
865 1542
891 1552
918 1558
948 1561
978 1559
1005 1551
1031 1543
1059 1536
1088 1532
1472 1310
1514 1270
1563 1250
1615 1237
1669 1229
1727 1226
1785 1226
1843 1228
1898 1236
1942 1267
1967 1315
1960 1369
1906 1378
1854 1364
1799 1359
1743 1353
1690 1341
1635 1333
1577 1333
1519 1335
1080 1317
1038 1290
993 1270
946 1256
895 1250
843 1245
790 1247
741 1258
696 1278
656 1311
631 1354
677 1370
728 1366
777 1354
824 1339
871 1325
924 1322
975 1329
1022 1343
1070 1355
