792 1122
794 1154
797 1189
805 1218
813 1253
823 1284
835 1315
850 1345
869 1372
889 1398
914 1423
940 1442
969 1457
997 1475
1024 1497
1051 1516
1079 1534
1109 1551
1142 1560
1173 1565
1208 1564
1239 1556
1271 1546
1299 1529
1327 1509
1354 1487
1381 1467
1407 1450
1436 1432
1465 1413
1490 1392
1514 1366
1534 1340
1552 1312
1565 1281
1576 1250
1583 1216
1588 1183
1589 1151
1591 1118
1591 1083
1091 1108
1078 1129
1064 1154
1053 1179
1060 1207
1085 1215
1114 1213
1140 1216
1168 1217
1196 1216
1223 1214
1253 1212
1275 1198
1277 1171
1262 1149
1245 1126
1230 1101
1020 1336
1040 1321
1062 1309
1084 1300
1108 1294
1134 1292
1160 1294
1186 1292
1211 1288
1236 1293
1262 1294
1287 1299
1310 1306
1333 1315
1324 1338
1308 1358
1288 1374
1267 1390
1246 1402
1223 1410
1199 1416
1173 1417
1147 1414
1124 1407
1101 1398
1080 1385
1059 1370
1039 1354
1034 1333
1053 1329
1073 1328
1093 1329
1113 1329
1133 1330
1153 1330
1174 1329
1194 1329
1214 1328
1233 1326
1253 1323
1272 1321
1291 1319
1299 1327
1282 1334
1264 1339
1246 1344
1228 1348
1208 1351
1189 1352
1168 1352
1148 1351
1129 1349
1110 1347
1091 1343
1072 1340
1053 1337
1261 993
1271 979
1283 966
1297 955
1312 947
1328 942
1345 940
1363 941
1379 946
1395 953
1409 961
1414 977
1399 986
1383 992
1367 995
1349 997
1331 995
1313 993
1296 990
1279 992
1055 983
1042 971
1027 963
1012 958
996 955
979 956
963 960
948 965
933 973
919 983
908 995
922 1003
937 1009
954 1012
971 1013
988 1011
1004 1008
1020 1004
1036 1000
1053 998
1200 880
1225 854
1255 839
1287 830
1321 825
1358 824
1392 828
1423 840
1452 857
1478 881
1497 910
1485 934
1455 918
1425 905
1395 891
1363 881
1329 877
1294 882
1261 890
1229 897
1115 892
1099 862
1067 849
1032 843
996 839
959 840
923 844
890 853
861 873
837 901
823 932
816 966
846 952
875 932
904 910
935 896
971 892
1008 893
1045 895
1081 899
