343 368
345 383
348 398
350 412
351 428
352 443
353 458
358 473
364 487
371 500
380 512
381 528
382 543
385 558
389 573
396 586
408 596
421 601
436 606
451 607
466 609
481 605
496 601
510 595
522 586
535 577
548 570
560 561
573 552
585 543
597 534
607 523
616 511
625 498
633 485
639 471
644 457
648 441
652 427
655 413
658 396
400 392
392 401
384 411
380 425
381 438
386 449
396 457
407 463
420 463
433 460
447 458
458 454
470 448
474 436
472 422
468 410
462 398
378 487
387 490
397 493
406 497
416 499
426 502
436 504
446 505
457 504
467 503
478 502
488 500
498 499
507 500
499 505
490 510
481 514
471 518
461 520
451 522
441 524
431 525
420 525
410 522
401 519
392 513
385 505
380 496
393 499
399 504
406 506
414 507
421 508
429 510
437 510
445 510
452 509
460 509
468 508
475 507
483 506
490 504
498 503
490 504
483 506
475 507
468 508
460 509
452 509
444 510
436 510
429 509
421 508
414 506
407 504
400 502
486 353
491 351
497 350
504 350
510 351
515 353
521 354
527 355
533 357
539 359
542 363
536 364
531 366
525 367
518 367
512 366
507 364
501 361
496 359
491 356
401 334
400 331
397 329
394 328
390 327
387 326
383 325
380 325
376 325
373 327
373 331
375 334
377 337
380 339
384 340
387 341
391 341
395 341
398 340
401 338
476 325
489 324
501 323
513 322
526 321
538 321
550 324
562 327
572 331
582 339
588 349
577 350
567 345
555 341
543 340
531 338
520 335
507 333
496 335
483 335
408 320
401 315
395 309
388 304
381 301
374 297
367 291
362 285
354 282
346 284
340 290
343 298
350 301
357 305
365 307
373 309
380 312
388 315
395 319
402 322
