268 412
270 425
273 438
276 453
281 465
287 478
294 490
302 502
311 512
321 522
331 531
342 540
353 548
365 557
376 564
388 573
401 579
413 584
427 587
441 588
455 586
468 584
482 579
494 571
505 564
515 554
526 544
535 534
544 523
552 511
560 500
568 489
574 476
580 463
585 450
588 437
591 423
592 408
593 395
593 381
593 367
384 396
384 408
377 419
374 433
378 445
391 447
405 448
418 453
431 455
442 449
454 441
467 440
479 435
483 423
478 411
467 402
462 389
352 482
364 480
377 479
389 477
401 475
414 474
427 475
440 474
452 473
465 472
478 472
491 470
503 468
509 476
500 485
490 493
480 501
470 509
461 517
450 523
438 526
425 526
413 524
401 521
390 515
380 508
371 500
361 491
354 482
366 484
376 488
387 490
398 493
409 495
421 497
433 496
445 495
456 492
466 489
476 485
487 480
496 475
505 470
495 476
485 481
475 486
465 491
455 494
444 497
432 498
420 499
408 497
397 495
386 492
375 490
364 487
466 344
469 338
473 332
479 327
485 324
491 322
498 320
505 321
512 321
519 323
525 326
527 332
521 335
514 338
507 339
500 340
493 341
486 340
479 340
472 342
372 346
366 342
360 339
354 338
347 336
340 336
333 337
327 339
321 341
315 345
309 349
315 352
321 355
328 356
335 356
342 355
349 355
356 354
363 353
370 352
444 314
449 303
461 299
472 295
483 289
494 284
505 279
517 276
530 278
541 281
552 287
549 295
537 291
525 289
513 291
501 295
490 300
479 306
468 311
457 315
374 312
364 307
353 303
342 300
331 298
319 297
306 297
295 299
284 304
276 313
270 323
280 317
290 312
302 309
314 310
325 313
336 316
348 319
359 321
371 322
