570 785
569 809
566 832
564 857
564 881
566 905
576 925
590 945
605 966
619 984
635 1001
652 1019
670 1037
687 1054
703 1071
722 1085
742 1098
765 1110
786 1120
809 1131
829 1141
852 1151
876 1156
898 1155
923 1150
945 1140
966 1130
987 1115
1009 1106
1028 1094
1048 1080
1068 1063
1082 1044
1094 1024
1107 1004
1117 981
1124 958
1131 936
1139 913
1149 890
1157 867
931 817
917 829
905 843
895 860
896 878
906 894
924 897
943 898
961 901
980 906
999 910
1017 914
1034 904
1041 887
1039 869
1030 851
1026 833
857 984
868 976
881 971
893 966
906 962
919 957
932 953
946 951
959 954
973 957
988 957
1001 961
1012 972
1017 984
1018 998
1018 1013
1008 1024
995 1028
981 1030
967 1031
953 1030
939 1027
927 1022
914 1017
901 1012
889 1007
876 1002
864 995
863 986
873 984
883 982
893 980
903 979
914 979
925 978
935 979
946 981
956 982
966 984
976 986
985 991
993 997
999 1005
992 1008
983 1003
974 998
965 995
955 993
945 991
934 991
924 990
914 988
903 988
893 987
883 988
872 990
1032 760
1036 750
1043 742
1052 736
1062 732
1072 729
1083 728
1094 730
1104 733
1113 739
1121 747
1122 758
1116 767
1106 771
1095 773
1084 773
1073 771
1062 769
1051 767
1041 765
896 730
892 719
885 708
875 700
864 694
852 691
839 689
826 690
814 693
802 697
791 702
801 711
812 718
823 724
834 728
846 732
858 735
871 737
883 738
895 742
1053 709
1057 695
1068 683
1081 676
1095 672
1111 671
1126 673
1140 677
1154 682
1167 688
1177 700
1181 715
1168 712
1155 705
1141 700
1126 698
1111 695
1095 697
1082 702
1068 707
964 667
954 648
937 635
917 627
897 621
877 613
854 612
833 616
813 623
794 633
783 652
802 644
822 637
845 635
866 639
886 646
905 656
923 667
941 681
960 689
