590 983
597 1011
603 1040
610 1068
620 1095
633 1122
646 1148
660 1174
674 1199
691 1224
708 1245
731 1266
754 1282
779 1300
802 1319
824 1334
850 1348
877 1362
903 1374
933 1381
960 1384
989 1383
1020 1377
1048 1369
1072 1356
1095 1337
1115 1313
1125 1288
1137 1259
1148 1233
1160 1205
1171 1180
1184 1154
1194 1126
1204 1098
1213 1069
1219 1042
1221 1012
1220 982
1216 953
1213 923
891 908
887 933
866 949
855 974
856 999
870 1022
897 1025
923 1024
948 1034
974 1038
999 1028
1020 1008
1042 997
1050 970
1036 949
1017 931
1005 904
804 1118
827 1107
853 1101
879 1097
906 1093
933 1091
961 1092
987 1087
1010 1075
1034 1067
1061 1064
1088 1062
1111 1071
1096 1093
1086 1116
1079 1141
1069 1165
1055 1187
1034 1203
1010 1213
985 1218
957 1220
929 1220
905 1212
883 1197
863 1179
843 1159
823 1139
816 1124
837 1120
859 1121
882 1121
905 1120
928 1120
950 1118
971 1114
991 1108
1010 1100
1028 1089
1048 1083
1069 1079
1091 1076
1077 1092
1064 1109
1050 1126
1034 1143
1017 1156
998 1165
977 1170
955 1171
933 1169
912 1165
891 1161
870 1156
851 1148
833 1136
996 815
1000 805
1007 796
1017 790
1026 784
1036 780
1047 776
1058 775
1070 775
1082 776
1092 779
1092 788
1080 790
1069 792
1059 795
1048 798
1036 799
1025 801
1014 804
1005 810
843 835
840 829
829 824
818 820
806 816
794 813
782 812
769 814
758 818
747 824
736 830
726 837
739 836
752 836
765 835
779 835
792 835
805 834
817 833
830 833
960 712
984 705
1007 698
1032 693
1057 691
1084 691
1109 696
1131 706
1151 721
1168 741
1177 763
1155 769
1131 761
1108 755
1081 754
1055 755
1029 757
1004 762
980 756
967 735
878 780
870 756
850 736
824 731
797 735
772 742
748 749
723 757
700 768
678 783
659 803
646 826
674 827
699 821
723 811
747 800
772 795
800 793
828 793
856 794
