520 1536
538 1572
557 1611
576 1651
597 1689
622 1728
646 1764
669 1798
694 1833
725 1866
756 1898
785 1931
813 1961
844 1995
875 2025
914 2047
954 2057
997 2057
1042 2050
1083 2043
1126 2028
1162 2004
1197 1977
1227 1949
1261 1918
1291 1889
1323 1858
1355 1827
1384 1794
1408 1759
1428 1720
1442 1680
1450 1635
1453 1594
1453 1548
1448 1503
1444 1463
1440 1417
1435 1373
1429 1333
1421 1286
832 1393
817 1427
810 1465
796 1504
794 1543
820 1571
856 1584
898 1590
936 1586
973 1573
1011 1558
1042 1533
1067 1505
1066 1466
1047 1432
1016 1407
982 1383
768 1725
797 1699
832 1689
866 1677
900 1666
939 1663
976 1657
1009 1643
1044 1632
1081 1627
1119 1623
1158 1620
1197 1617
1209 1650
1192 1683
1172 1714
1147 1743
1118 1769
1087 1789
1053 1803
1019 1815
982 1822
946 1828
907 1831
870 1826
836 1812
806 1789
785 1758
791 1715
823 1713
855 1710
884 1702
915 1697
946 1694
977 1689
1005 1678
1034 1669
1064 1663
1094 1657
1124 1650
1152 1639
1181 1630
1178 1655
1156 1678
1131 1698
1105 1715
1078 1729
1049 1737
1018 1743
988 1748
957 1753
926 1758
896 1764
864 1767
835 1760
810 1741
1012 1243
1027 1227
1041 1211
1056 1195
1073 1183
1091 1175
1111 1171
1132 1171
1153 1174
1171 1180
1189 1189
1193 1208
1175 1219
1158 1229
1139 1235
1118 1237
1097 1238
1075 1238
1053 1238
1033 1241
767 1278
749 1271
730 1265
710 1261
690 1260
670 1263
652 1270
634 1279
618 1291
605 1307
595 1325
615 1329
636 1330
657 1329
677 1327
696 1322
715 1316
733 1310
753 1306
770 1297
935 1135
956 1102
988 1079
1022 1060
1057 1044
1093 1032
1133 1025
1173 1028
1210 1038
1245 1054
1277 1079
1257 1095
1220 1084
1180 1080
1140 1083
1103 1096
1069 1114
1036 1137
1001 1152
965 1164
758 1181
730 1165
697 1161
663 1159
630 1156
596 1153
563 1156
534 1169
509 1192
490 1219
478 1249
508 1252
526 1226
554 1210
587 1206
622 1208
654 1213
686 1219
721 1218
751 1209
