829 1788
842 1832
856 1875
875 1920
897 1958
919 2002
938 2043
961 2086
986 2123
1018 2160
1056 2191
1090 2216
1133 2241
1177 2255
1225 2255
1273 2250
1316 2236
1360 2219
1406 2208
1451 2199
1493 2183
1537 2163
1581 2141
1619 2119
1660 2090
1696 2067
1741 2041
1777 2013
1809 1980
1833 1937
1846 1893
1857 1848
1869 1802
1875 1755
1885 1708
1893 1663
1894 1616
1899 1572
1906 1524
1913 1476
1916 1429
997 1630
992 1663
984 1696
981 1730
997 1757
1025 1779
1057 1790
1090 1787
1125 1783
1156 1772
1187 1759
1221 1747
1247 1726
1261 1694
1255 1660
1239 1631
1217 1603
1034 1936
1044 1907
1071 1893
1103 1889
1137 1889
1167 1881
1197 1874
1228 1869
1260 1865
1293 1862
1326 1861
1358 1858
1388 1851
1407 1867
1384 1890
1359 1910
1333 1930
1308 1950
1282 1969
1256 1985
1229 1999
1201 2012
1172 2023
1141 2029
1108 2028
1079 2018
1057 1993
1047 1964
1039 1947
1065 1941
1094 1940
1122 1939
1149 1934
1176 1929
1201 1923
1226 1915
1251 1906
1276 1898
1302 1891
1327 1884
1353 1877
1378 1870
1404 1862
1379 1871
1354 1879
1329 1887
1304 1895
1278 1901
1253 1909
1227 1916
1202 1924
1176 1930
1150 1935
1123 1941
1096 1944
1068 1947
1254 1416
1264 1399
1280 1385
1297 1375
1315 1366
1333 1360
1353 1356
1373 1352
1394 1351
1413 1355
1431 1363
1429 1382
1412 1393
1394 1400
1374 1403
1355 1408
1336 1414
1317 1418
1295 1419
1274 1419
979 1498
960 1496
940 1499
922 1504
905 1510
887 1517
871 1526
855 1537
839 1549
824 1563
814 1579
832 1573
849 1565
865 1556
881 1546
898 1537
915 1530
933 1522
950 1516
968 1510
1087 1350
1077 1294
1124 1263
1171 1232
1220 1203
1269 1177
1319 1155
1375 1146
1431 1152
1484 1170
1532 1196
1541 1226
1489 1207
1435 1194
1378 1192
1325 1209
1278 1238
1232 1274
1189 1316
1144 1355
984 1411
969 1388
946 1373
921 1364
893 1359
865 1361
837 1364
812 1374
788 1387
766 1404
756 1429
760 1457
774 1435
796 1416
821 1407
849 1403
878 1404
905 1409
932 1415
960 1419
