108 411
107 428
107 446
109 465
110 482
111 501
113 519
116 537
119 554
129 569
142 583
153 597
158 615
165 630
177 645
190 658
204 669
219 677
238 682
256 681
274 683
291 678
308 672
326 665
342 657
359 650
375 642
390 633
406 624
420 612
434 600
447 589
458 574
467 558
473 540
478 524
482 506
486 487
489 469
491 452
493 433
204 427
196 439
187 451
183 464
185 477
198 486
209 495
223 501
236 498
248 490
262 488
276 486
289 479
294 466
290 452
278 444
267 434
170 521
183 519
197 518
210 521
224 521
238 522
252 522
265 521
279 520
293 521
306 523
319 525
331 530
329 542
318 550
307 557
296 565
285 572
274 577
261 579
246 579
233 577
220 576
207 573
196 566
188 555
182 544
176 532
179 522
189 524
199 527
210 529
220 531
231 532
241 534
252 533
262 532
273 530
283 528
294 528
305 529
316 530
313 539
304 545
295 549
284 550
274 551
263 553
253 555
242 555
231 554
220 552
210 549
201 545
193 539
185 531
291 380
297 376
303 372
309 369
315 366
322 364
329 363
336 364
343 366
349 369
355 372
356 379
349 382
342 383
335 383
328 384
320 383
313 383
306 382
299 381
205 374
200 370
195 366
189 363
183 361
177 360
170 360
164 362
158 364
152 367
147 371
152 375
158 377
164 379
171 380
177 381
184 380
191 380
198 380
204 380
247 346
258 332
275 326
291 322
310 322
328 322
346 326
363 330
379 335
395 342
405 356
392 369
375 364
359 358
342 355
324 352
305 352
288 355
271 359
253 362
206 349
201 339
192 335
181 333
170 330
159 329
148 328
136 328
126 331
117 337
112 346
110 357
121 358
130 352
141 351
152 352
163 353
174 355
186 356
197 355
