242 346
245 357
250 369
253 380
256 392
260 403
264 415
268 427
274 438
280 448
289 457
298 465
307 473
318 480
328 486
339 491
350 498
361 503
373 507
384 510
396 512
408 513
420 514
433 513
445 509
455 502
465 495
474 487
484 479
492 470
500 460
508 451
513 440
518 429
522 417
526 406
528 393
528 381
528 370
528 357
529 344
371 317
372 328
370 340
362 348
363 360
370 371
382 372
394 373
406 375
418 373
430 367
441 362
446 352
445 339
435 334
428 323
423 311
341 421
347 413
357 409
367 407
376 403
387 403
398 402
409 401
419 398
429 396
440 395
451 395
461 397
467 406
462 415
457 423
450 432
443 440
434 447
426 453
416 455
405 455
394 454
384 451
375 447
366 443
357 436
349 429
349 419
356 416
365 416
374 415
382 414
391 413
400 413
408 414
417 414
425 411
433 409
441 407
449 405
457 404
459 409
452 414
445 419
438 424
431 428
423 431
415 432
406 432
397 431
389 430
380 429
372 427
364 426
356 423
424 278
427 272
431 267
436 263
442 260
448 257
454 256
461 256
467 257
473 259
478 263
480 269
475 273
470 276
464 278
457 279
450 279
444 280
437 279
431 278
352 280
347 277
342 275
336 273
330 271
324 271
317 272
312 274
306 277
302 281
298 286
304 288
309 290
315 292
321 291
327 291
333 289
339 288
345 286
351 285
408 236
412 228
420 224
428 220
437 217
446 215
455 212
464 210
473 209
483 211
491 216
487 223
477 223
467 224
458 226
449 228
441 232
432 235
424 238
415 242
351 241
344 237
335 235
326 234
317 233
308 234
299 235
291 238
283 242
276 248
269 254
278 252
287 251
295 248
304 247
313 246
322 245
331 246
340 248
349 249
