440 677
449 693
459 707
471 722
483 738
493 754
502 769
513 784
528 796
544 806
559 816
576 826
593 833
610 839
629 845
647 850
665 854
683 858
701 860
721 859
738 850
753 841
767 827
778 813
788 798
798 781
808 766
818 750
826 732
833 716
840 698
845 680
848 661
850 642
849 623
846 605
843 587
840 568
837 549
834 531
828 513
601 635
600 649
600 664
602 678
614 688
628 690
643 688
657 685
671 680
684 674
697 667
710 659
722 651
726 636
718 624
707 613
696 603
627 764
636 756
645 749
654 742
663 734
672 727
682 723
692 718
702 713
713 710
723 706
733 703
744 700
756 698
762 707
756 717
751 726
744 735
735 744
726 752
717 758
707 763
696 766
685 767
672 767
660 767
649 769
637 768
637 761
647 759
656 756
666 754
675 751
684 748
693 744
702 741
711 737
719 732
728 727
736 722
745 717
753 712
762 707
754 713
745 718
737 723
728 728
720 733
712 738
703 742
693 745
684 748
675 752
666 754
657 758
648 761
678 541
681 532
686 524
692 516
700 510
708 505
716 501
725 499
735 499
745 500
754 502
756 511
749 518
742 525
734 530
725 533
717 536
707 538
698 540
688 540
568 573
560 570
552 567
543 566
534 566
525 568
517 571
510 576
503 581
497 589
493 596
501 599
510 600
519 599
528 598
537 597
545 594
553 590
560 586
568 582
647 499
654 485
664 473
675 460
687 449
701 440
715 434
731 432
747 434
762 438
776 445
775 454
760 450
744 449
729 453
715 459
701 468
689 478
675 487
662 495
566 536
560 523
546 518
531 517
515 517
500 518
484 519
470 522
457 529
448 541
443 555
440 569
452 562
464 552
477 545
490 539
506 539
521 540
537 540
552 539
