1004 1226
1018 1259
1034 1295
1052 1327
1071 1359
1090 1395
1108 1427
1126 1460
1143 1492
1163 1528
1180 1559
1197 1594
1214 1628
1227 1664
1240 1702
1252 1734
1267 1773
1288 1804
1310 1834
1341 1854
1380 1863
1418 1866
1454 1857
1490 1842
1520 1824
1552 1799
1580 1775
1608 1751
1636 1725
1664 1696
1690 1670
1717 1642
1743 1613
1765 1584
1786 1550
1802 1518
1819 1482
1834 1450
1850 1414
1869 1381
1888 1345
1102 1213
1089 1239
1075 1266
1067 1295
1077 1323
1101 1345
1130 1357
1161 1357
1191 1360
1221 1362
1250 1357
1278 1345
1285 1317
1276 1288
1257 1263
1234 1242
1222 1213
1120 1454
1150 1449
1179 1458
1208 1467
1236 1477
1263 1489
1291 1502
1318 1514
1345 1527
1371 1544
1390 1568
1396 1599
1394 1630
1389 1661
1380 1690
1361 1715
1333 1725
1301 1726
1273 1716
1249 1692
1236 1665
1226 1637
1216 1609
1205 1582
1194 1554
1182 1526
1163 1501
1139 1479
1157 1479
1182 1479
1206 1480
1229 1486
1249 1496
1269 1505
1291 1513
1311 1522
1331 1534
1351 1544
1371 1555
1382 1575
1384 1599
1381 1623
1372 1644
1355 1662
1335 1672
1312 1669
1292 1656
1278 1637
1268 1616
1259 1596
1250 1575
1241 1554
1231 1534
1216 1515
1197 1500
1177 1489
1309 1062
1315 1049
1327 1038
1340 1031
1355 1027
1370 1026
1386 1028
1401 1029
1416 1032
1429 1038
1442 1045
1446 1057
1432 1061
1417 1064
1402 1066
1386 1066
1370 1066
1355 1064
1340 1062
1324 1060
1119 1041
1111 1038
1102 1035
1092 1034
1083 1033
1073 1032
1063 1031
1053 1033
1044 1035
1036 1038
1028 1045
1037 1049
1046 1051
1056 1051
1066 1051
1076 1050
1085 1049
1095 1047
1104 1046
1114 1045
1231 993
1258 964
1294 956
1330 946
1367 939
1407 938
1445 945
1479 957
1514 969
1548 984
1580 1003
1558 1013
1522 1004
1486 994
1449 986
1410 984
1370 986
1333 993
1297 1002
1263 1014
1112 994
1100 982
1086 973
1071 967
1054 964
1038 959
1022 953
1007 947
990 944
974 950
961 960
972 974
988 977
1006 979
1023 981
1040 985
1056 989
1071 994
1087 999
1103 1004
