449 360
441 381
436 405
432 426
430 450
430 473
434 496
439 520
446 542
455 563
464 585
476 607
489 625
506 643
523 658
543 668
567 671
591 672
616 672
639 673
661 670
683 663
705 653
726 643
748 635
770 626
790 616
813 604
833 593
853 581
871 566
883 547
895 525
907 505
912 481
916 460
919 436
922 412
922 389
919 365
918 341
508 344
503 360
500 376
501 394
509 408
525 415
540 412
558 407
575 405
590 410
607 413
622 408
629 391
624 376
612 362
600 352
590 337
489 483
494 470
506 458
520 453
536 454
552 455
568 454
585 455
599 458
614 462
628 468
642 475
655 481
669 487
672 501
660 510
646 516
631 519
616 522
600 524
584 525
568 526
552 525
536 526
520 525
503 525
491 515
489 500
500 501
504 489
513 480
524 475
536 474
549 473
562 472
575 471
588 471
600 473
612 475
624 477
636 481
647 484
659 488
661 495
648 496
635 495
623 492
611 490
599 489
586 489
573 490
560 489
547 488
534 489
522 492
511 497
636 280
643 273
650 265
657 257
665 250
674 245
684 243
694 245
703 249
711 254
720 260
725 268
716 273
707 277
698 280
688 282
677 283
667 282
656 283
646 283
534 294
530 289
524 285
518 281
512 279
504 279
497 281
491 283
485 287
480 292
477 298
479 305
484 309
490 311
498 311
505 311
511 309
517 307
524 304
529 300
596 223
612 212
630 206
650 202
669 199
690 199
710 202
728 208
744 218
760 230
774 244
767 256
750 248
732 240
714 234
695 230
675 229
654 229
633 230
613 231
527 255
523 246
514 242
505 238
494 236
484 238
475 241
466 246
459 254
453 263
447 271
439 279
450 279
459 275
468 270
477 265
486 261
496 259
507 258
518 258
