389 528
393 547
398 566
404 583
408 604
416 621
425 639
436 657
447 672
460 687
474 703
487 717
502 730
517 744
531 755
548 766
565 776
585 783
605 787
623 787
643 786
662 783
679 773
697 763
713 751
730 742
746 731
763 719
779 709
794 694
802 675
809 657
814 639
818 619
822 600
826 581
830 562
833 542
837 521
840 501
842 482
634 528
627 540
621 554
621 569
627 583
640 590
654 596
668 600
683 601
699 601
711 596
724 586
731 574
734 559
729 545
722 532
714 519
585 661
596 652
608 645
620 639
632 634
646 631
661 631
675 632
689 630
703 628
718 630
731 633
744 638
756 642
768 648
755 655
743 659
730 664
718 671
706 677
693 682
679 683
665 682
650 681
636 679
624 674
611 669
598 666
596 661
606 659
616 656
626 653
637 652
648 651
659 652
670 653
681 652
691 650
701 647
712 646
723 646
734 646
746 647
737 646
725 647
714 647
703 649
693 650
682 652
671 654
660 654
649 653
638 653
627 655
617 657
607 660
705 443
710 434
718 427
726 422
735 417
745 413
754 411
765 409
774 411
783 415
790 424
791 434
786 443
777 448
767 449
756 449
745 448
735 445
726 442
715 442
606 444
598 437
588 432
579 429
569 426
558 425
548 427
538 431
529 435
520 440
511 444
518 452
527 457
537 460
548 461
559 461
570 460
580 458
590 455
599 452
684 393
695 381
707 371
721 365
736 362
753 362
769 362
785 362
802 363
816 367
828 378
817 382
803 377
787 377
771 379
756 382
741 386
727 391
713 396
698 399
635 385
619 375
600 372
580 371
560 373
541 376
522 380
504 385
486 390
469 397
455 412
473 407
492 404
511 399
530 397
550 395
569 397
588 401
608 403
627 401
