554 852
561 880
569 908
576 933
585 963
593 990
601 1016
610 1046
623 1070
641 1092
661 1114
682 1133
704 1152
727 1171
749 1188
771 1208
792 1227
816 1245
836 1263
859 1281
887 1292
914 1301
943 1301
970 1296
997 1286
1022 1272
1044 1251
1062 1227
1079 1205
1099 1184
1120 1164
1141 1143
1160 1124
1179 1101
1195 1076
1213 1054
1227 1028
1239 1004
1242 974
1247 947
1249 916
941 963
924 983
906 1003
886 1023
884 1048
899 1070
926 1074
953 1073
980 1074
1006 1073
1034 1068
1061 1063
1085 1052
1092 1028
1081 1003
1064 983
1048 959
829 1141
850 1144
870 1147
891 1145
910 1139
929 1134
951 1133
971 1136
992 1133
1010 1126
1029 1121
1051 1120
1071 1123
1079 1141
1067 1157
1055 1174
1042 1190
1026 1205
1008 1214
989 1219
968 1222
947 1222
927 1217
910 1208
893 1195
877 1183
860 1170
844 1157
848 1152
864 1156
880 1158
897 1161
913 1164
929 1166
946 1168
964 1168
981 1168
998 1166
1013 1162
1028 1156
1043 1150
1058 1144
1071 1139
1057 1146
1042 1152
1027 1157
1012 1163
996 1167
980 1169
963 1170
946 1168
929 1166
913 1164
896 1162
879 1160
863 1157
1055 863
1057 848
1066 837
1076 825
1088 816
1101 810
1115 805
1130 803
1145 805
1159 809
1172 814
1178 827
1168 839
1156 849
1144 856
1130 860
1115 862
1099 862
1084 861
1070 864
882 866
870 854
858 843
844 834
830 829
814 826
798 825
782 827
767 832
753 839
740 848
752 860
765 870
778 877
793 883
809 885
826 886
842 884
857 880
873 878
1051 770
1069 754
1088 742
1107 732
1129 726
1152 723
1176 723
1198 727
1218 736
1235 752
1243 772
1236 790
1218 775
1198 766
1176 762
1152 763
1129 766
1109 774
1089 782
1067 787
931 772
910 750
883 741
855 733
825 728
795 726
763 726
735 732
709 745
683 760
658 772
684 785
714 787
744 783
773 776
802 770
832 772
861 778
888 787
915 796
