307 366
306 379
306 391
308 404
310 417
313 429
316 443
321 455
329 466
335 476
345 485
355 494
365 501
376 508
388 514
399 520
410 525
423 528
436 531
449 531
462 531
474 529
487 527
500 522
510 516
520 507
530 497
539 488
547 479
556 469
563 459
569 447
575 436
579 423
581 410
583 398
585 384
587 372
587 360
587 346
588 333
428 342
422 349
416 358
413 367
413 378
422 382
431 385
442 384
451 383
462 382
472 383
482 382
491 377
493 368
491 358
483 351
477 343
386 441
392 432
400 425
409 421
419 419
428 415
438 413
449 413
460 413
471 413
481 414
492 416
501 418
511 421
516 429
508 436
500 442
491 447
482 451
473 456
463 458
453 460
443 458
433 457
423 454
413 451
404 448
395 444
397 438
404 435
411 432
419 431
427 431
435 431
443 431
451 431
459 430
467 430
476 430
484 429
491 428
499 427
507 428
501 432
494 434
486 434
478 434
469 434
461 435
453 435
445 436
437 436
429 436
421 436
413 436
405 437
479 296
485 290
491 285
497 280
503 275
510 272
518 271
526 272
534 273
540 277
546 282
547 290
541 294
534 298
526 299
519 300
510 300
502 300
495 298
487 298
406 301
400 297
394 294
387 292
381 290
373 289
366 290
360 293
354 296
348 301
344 307
350 311
356 314
363 315
370 316
377 315
383 313
390 310
396 308
403 307
479 261
486 253
494 246
503 242
514 240
524 238
534 236
545 235
556 237
565 242
571 250
566 256
558 249
548 246
537 246
527 249
518 253
509 257
499 261
489 264
407 273
404 264
396 260
386 257
377 256
367 255
356 256
346 256
338 259
331 266
327 275
324 284
332 278
340 273
349 271
359 270
369 270
379 271
388 273
398 275
