768 1107
774 1135
780 1162
785 1192
789 1224
797 1252
805 1280
819 1307
835 1331
851 1354
873 1377
897 1392
924 1405
952 1417
979 1427
1007 1439
1034 1453
1060 1463
1090 1471
1120 1471
1149 1469
1179 1464
1207 1453
1232 1440
1261 1427
1288 1417
1315 1408
1345 1400
1373 1391
1402 1386
1427 1371
1447 1346
1455 1320
1465 1291
1477 1263
1490 1236
1499 1208
1505 1181
1510 1150
1508 1121
1498 1091
1060 1018
1047 1036
1036 1057
1034 1082
1048 1099
1070 1107
1092 1114
1115 1125
1139 1127
1161 1126
1184 1117
1206 1111
1231 1108
1242 1089
1242 1065
1228 1046
1217 1024
976 1224
994 1209
1015 1200
1038 1195
1061 1191
1085 1188
1109 1190
1132 1193
1157 1194
1181 1193
1206 1193
1230 1195
1254 1198
1276 1204
1284 1223
1265 1236
1245 1247
1224 1256
1202 1262
1179 1267
1155 1269
1130 1269
1106 1268
1082 1266
1059 1262
1036 1256
1015 1248
995 1237
991 1213
1009 1205
1031 1206
1051 1209
1073 1210
1094 1211
1115 1212
1136 1213
1158 1212
1179 1211
1200 1210
1222 1209
1243 1209
1265 1210
1283 1216
1264 1221
1243 1223
1221 1224
1200 1225
1179 1226
1158 1227
1136 1228
1115 1228
1093 1227
1072 1227
1050 1226
1030 1223
1010 1219
1248 919
1257 910
1267 905
1278 899
1289 896
1302 895
1314 897
1326 899
1336 903
1346 912
1353 921
1353 934
1341 936
1329 938
1316 938
1304 937
1292 936
1280 933
1269 928
1259 923
1031 921
1029 910
1020 902
1009 897
998 893
986 891
974 892
962 894
951 899
942 906
933 915
926 925
937 929
949 932
961 933
973 934
986 934
998 932
1009 928
1020 925
1232 838
1242 821
1258 809
1276 801
1296 798
1316 795
1336 792
1357 792
1377 794
1395 803
1409 817
1398 825
1380 816
1361 812
1340 812
1320 815
1301 820
1282 826
1265 835
1249 847
1068 825
1050 814
1028 811
1006 815
985 821
964 827
943 832
922 837
902 844
882 853
864 865
885 859
906 854
927 850
949 846
971 842
993 838
1016 837
1039 837
1061 842
