761 1096
765 1127
773 1158
782 1191
789 1223
800 1255
810 1285
824 1316
839 1343
853 1376
871 1402
897 1419
927 1434
958 1448
987 1463
1014 1478
1048 1487
1079 1492
1111 1497
1147 1495
1177 1487
1207 1476
1240 1466
1272 1457
1302 1446
1333 1434
1363 1424
1393 1409
1422 1390
1444 1369
1459 1340
1466 1308
1467 1274
1471 1240
1479 1210
1489 1178
1495 1144
1493 1113
1491 1081
1490 1045
1483 1014
1049 958
1040 978
1026 998
1018 1022
1025 1046
1045 1060
1065 1071
1087 1083
1111 1087
1136 1082
1159 1074
1182 1068
1204 1057
1214 1036
1210 1011
1201 989
1192 964
977 1211
988 1188
1005 1168
1027 1156
1050 1146
1075 1142
1102 1143
1129 1144
1155 1143
1182 1144
1207 1150
1229 1161
1248 1180
1260 1202
1267 1227
1255 1249
1236 1268
1213 1279
1189 1285
1163 1289
1138 1293
1112 1295
1085 1293
1059 1290
1034 1285
1011 1275
991 1259
980 1236
981 1217
988 1197
1005 1180
1023 1168
1043 1159
1066 1157
1089 1157
1112 1156
1136 1155
1159 1157
1181 1160
1201 1167
1220 1178
1236 1195
1249 1214
1244 1235
1225 1247
1205 1254
1183 1259
1161 1263
1139 1266
1116 1267
1092 1267
1069 1264
1047 1262
1026 1255
1006 1248
987 1237
1225 887
1233 878
1243 872
1253 867
1265 864
1277 862
1289 861
1301 861
1312 865
1322 871
1331 879
1331 892
1320 895
1308 897
1296 898
1284 897
1272 895
1260 893
1248 892
1236 890
1028 886
1014 883
999 881
983 879
967 879
952 880
937 883
923 886
908 889
894 894
881 899
895 896
911 894
926 892
941 890
956 888
972 888
988 887
1004 888
1019 890
1192 805
1209 791
1227 780
1246 774
1266 769
1287 765
1307 761
1328 758
1349 761
1366 773
1376 791
1367 803
1352 788
1333 779
1311 780
1291 786
1272 792
1252 797
1233 804
1213 809
1026 798
1002 789
975 786
948 786
921 788
895 792
870 799
848 812
828 832
812 853
800 875
822 863
844 848
864 831
887 819
913 814
939 812
967 811
994 812
1020 816
