741 965
741 998
741 1031
741 1064
740 1101
739 1134
737 1169
740 1204
748 1236
757 1267
775 1297
799 1322
824 1344
850 1366
878 1387
906 1407
935 1425
965 1442
997 1456
1032 1462
1064 1466
1097 1468
1132 1466
1168 1471
1199 1469
1233 1459
1265 1449
1294 1428
1321 1407
1342 1379
1360 1350
1374 1321
1386 1288
1397 1256
1407 1221
1413 1190
1421 1156
1431 1123
1444 1089
1454 1058
1461 1023
1119 1014
1102 1030
1080 1040
1061 1054
1053 1077
1067 1095
1089 1105
1111 1116
1133 1123
1159 1129
1183 1130
1206 1122
1227 1110
1243 1094
1248 1070
1235 1049
1231 1026
1008 1228
1025 1218
1043 1210
1062 1205
1081 1200
1101 1198
1122 1199
1144 1198
1165 1198
1185 1200
1204 1205
1223 1211
1242 1216
1259 1224
1273 1240
1262 1257
1242 1260
1222 1263
1202 1265
1182 1267
1161 1268
1139 1269
1120 1264
1100 1261
1080 1259
1060 1255
1041 1249
1024 1241
1022 1228
1039 1226
1056 1228
1074 1229
1091 1230
1109 1229
1125 1233
1142 1236
1160 1236
1178 1236
1194 1239
1211 1240
1228 1244
1246 1244
1263 1242
1247 1245
1229 1244
1212 1243
1195 1240
1178 1239
1160 1238
1142 1237
1126 1234
1110 1231
1092 1230
1074 1231
1057 1229
1040 1227
1236 896
1246 887
1257 879
1269 874
1282 871
1295 870
1309 871
1322 873
1334 878
1346 883
1356 892
1355 903
1341 903
1327 904
1314 906
1301 908
1287 908
1274 906
1261 904
1248 900
1060 882
1049 872
1039 864
1028 858
1016 854
1003 852
989 850
976 851
963 854
952 860
941 869
952 878
962 885
974 890
987 893
999 895
1013 897
1027 897
1040 895
1052 892
1200 809
1205 784
1225 768
1251 763
1276 767
1300 774
1324 782
1347 791
1369 802
1390 819
1406 839
1414 863
1394 859
1376 840
1354 828
1328 825
1301 827
1274 827
1248 823
1223 817
1099 765
1073 754
1043 754
1014 758
984 760
956 765
930 774
904 783
878 794
854 811
847 837
871 825
899 818
927 812
954 805
980 796
1008 791
1038 788
1068 789
1098 790
