835 1138
837 1173
842 1208
849 1243
859 1277
869 1311
880 1343
888 1377
895 1411
906 1444
923 1478
942 1506
967 1533
994 1553
1026 1570
1059 1580
1092 1588
1129 1591
1163 1591
1201 1589
1235 1583
1269 1577
1304 1568
1338 1560
1373 1553
1406 1542
1436 1525
1465 1505
1491 1481
1516 1453
1538 1425
1556 1395
1567 1362
1576 1328
1583 1292
1584 1259
1588 1225
1590 1186
1593 1154
1598 1119
1599 1081
1037 1082
1026 1102
1021 1124
1021 1149
1022 1170
1038 1188
1059 1195
1083 1199
1107 1197
1129 1197
1153 1197
1175 1194
1194 1182
1198 1158
1193 1135
1185 1113
1169 1095
979 1350
1000 1340
1023 1334
1046 1329
1071 1327
1096 1329
1121 1329
1147 1328
1172 1329
1198 1329
1222 1332
1246 1337
1269 1342
1292 1349
1298 1369
1276 1380
1254 1386
1229 1389
1205 1391
1181 1396
1158 1402
1134 1405
1109 1405
1084 1402
1061 1397
1039 1390
1018 1379
998 1366
1006 1356
1026 1354
1045 1352
1064 1354
1084 1353
1104 1353
1123 1355
1144 1356
1163 1354
1183 1355
1203 1357
1223 1357
1243 1358
1263 1359
1283 1359
1263 1359
1243 1358
1222 1359
1202 1359
1182 1359
1163 1357
1143 1358
1123 1357
1103 1355
1083 1354
1063 1354
1044 1357
1025 1359
1225 946
1236 935
1247 923
1258 913
1271 907
1285 902
1300 901
1315 903
1329 908
1341 916
1352 927
1356 941
1343 948
1329 952
1314 955
1299 957
1284 957
1269 955
1254 952
1240 949
1004 953
995 945
985 940
975 935
964 932
952 931
941 934
930 938
920 944
912 953
909 964
918 971
928 976
939 979
950 981
963 981
974 978
984 973
995 970
1005 964
1156 866
1169 843
1192 830
1216 820
1241 811
1267 806
1294 807
1320 813
1344 822
1368 833
1389 851
1375 867
1351 856
1327 845
1303 836
1276 833
1250 838
1226 850
1203 863
1180 875
1051 877
1049 850
1028 836
1004 828
979 823
953 821
926 822
902 830
879 839
857 850
837 869
830 893
856 890
879 881
901 869
926 863
953 863
979 867
1003 874
1026 883
