71 178
69 192
70 205
72 221
74 235
78 249
81 263
84 278
88 292
94 304
104 316
115 326
128 333
141 338
155 344
168 348
182 354
195 359
209 365
223 370
237 372
252 374
266 375
280 376
295 374
310 373
323 369
334 359
341 345
341 331
343 317
350 304
356 291
360 277
362 262
366 248
370 235
372 219
373 205
374 191
370 176
282 170
280 181
276 191
275 203
280 212
289 219
299 219
311 218
322 218
333 218
343 211
350 203
355 193
354 182
347 175
339 166
332 157
250 272
258 268
266 264
274 261
282 259
290 256
298 253
307 251
316 250
325 251
334 252
344 251
352 255
354 263
353 272
351 281
349 289
341 294
333 297
324 297
314 297
306 295
298 292
290 289
281 287
273 284
265 281
257 277
257 272
264 271
271 271
278 271
285 271
292 270
298 270
305 271
312 270
319 270
326 270
333 269
340 269
346 267
352 265
346 267
340 269
333 270
327 271
319 271
312 271
305 271
298 270
291 270
284 271
278 271
271 271
264 272
319 127
318 122
322 119
326 118
331 117
336 117
341 118
346 119
350 121
354 124
357 128
355 132
351 135
346 136
341 137
337 138
332 138
327 138
323 136
320 132
259 129
254 124
249 120
244 117
237 115
231 114
224 114
217 115
211 116
205 119
199 122
204 126
210 130
216 132
222 134
228 136
235 135
242 135
249 134
255 133
330 103
332 98
335 93
339 88
343 84
347 79
352 77
358 75
364 76
369 78
372 83
373 89
373 94
367 95
362 92
356 93
350 95
345 97
340 100
335 102
287 81
275 70
262 63
248 60
232 59
217 61
202 64
189 70
176 77
163 83
150 91
165 89
180 86
194 83
210 81
225 82
240 84
254 88
268 93
283 95
