675 911
679 939
681 967
684 995
687 1023
694 1052
702 1078
712 1106
723 1132
733 1156
747 1182
764 1204
788 1223
814 1235
841 1246
866 1256
894 1266
920 1275
947 1284
975 1290
1002 1292
1032 1292
1060 1290
1087 1283
1114 1271
1135 1254
1156 1234
1176 1212
1195 1191
1213 1168
1226 1146
1240 1119
1250 1094
1257 1065
1261 1038
1266 1009
1270 982
1273 952
1270 924
1269 896
1264 867
898 861
885 881
873 903
865 925
863 950
884 963
908 964
933 970
958 972
981 968
1006 959
1028 955
1048 938
1044 916
1032 895
1018 872
1002 852
889 1105
898 1093
911 1084
923 1076
937 1069
951 1064
966 1061
981 1060
996 1063
1010 1059
1026 1057
1041 1059
1057 1061
1071 1064
1084 1072
1090 1085
1075 1089
1060 1091
1044 1092
1028 1092
1012 1091
996 1091
980 1092
965 1095
950 1098
935 1100
920 1102
905 1105
897 1103
909 1099
921 1094
933 1090
945 1087
958 1085
971 1082
984 1080
997 1080
1011 1079
1025 1080
1038 1081
1052 1080
1065 1081
1077 1087
1066 1084
1053 1082
1039 1082
1025 1082
1012 1081
998 1081
985 1082
971 1083
958 1085
945 1087
933 1090
921 1095
909 1099
1014 776
1023 767
1032 759
1041 751
1051 745
1062 740
1073 738
1086 738
1097 739
1108 744
1118 750
1120 762
1110 770
1100 774
1088 776
1076 776
1063 778
1051 777
1039 776
1027 777
864 790
854 784
844 778
835 772
825 768
813 766
801 767
790 769
780 773
771 780
763 789
769 799
778 804
789 807
801 808
813 807
824 805
836 803
847 800
858 798
985 731
992 712
1009 699
1027 690
1047 684
1066 678
1086 672
1105 665
1125 661
1146 661
1165 669
1162 683
1141 683
1121 688
1102 695
1083 702
1063 708
1045 716
1026 725
1007 731
869 731
851 720
830 716
807 716
786 719
766 725
746 731
727 740
710 752
694 769
680 786
699 776
718 767
737 761
758 755
778 751
800 748
822 748
845 748
867 749
