582 532
578 552
573 574
568 593
562 615
557 637
554 658
554 680
555 702
559 724
565 745
572 763
583 782
595 801
607 819
620 837
633 855
648 870
666 883
684 894
704 904
724 913
743 920
766 924
788 923
809 920
830 915
851 907
870 899
890 890
910 878
928 867
945 855
961 840
975 824
987 804
998 786
1008 767
1018 748
1027 728
1034 706
771 596
758 606
738 610
727 623
721 642
735 655
751 665
767 676
784 685
802 686
820 690
839 694
858 690
864 673
861 656
847 641
848 623
673 712
689 710
705 708
723 707
740 708
755 713
769 721
784 725
799 730
813 737
827 747
840 757
852 770
849 786
837 797
823 807
809 814
793 818
776 818
760 816
745 811
730 805
717 795
704 785
695 771
688 757
681 743
676 728
677 719
691 719
704 721
717 724
729 729
740 735
752 741
764 746
776 750
788 755
800 759
812 762
825 766
837 770
843 779
830 782
817 783
803 784
789 783
776 781
764 777
752 773
740 768
728 763
717 757
706 749
696 740
686 730
887 569
894 565
902 562
911 560
919 559
928 558
937 559
945 562
953 566
960 572
964 579
961 587
952 588
943 589
934 588
926 586
917 584
909 581
902 577
894 573
776 523
772 516
767 509
760 502
753 497
746 494
737 492
728 492
720 493
711 494
703 495
710 500
717 504
724 509
732 513
739 516
747 519
755 522
762 526
770 529
897 499
908 491
922 489
936 487
951 487
964 488
977 492
990 497
1002 503
1013 512
1022 523
1017 527
1007 518
994 512
981 510
966 509
952 509
937 509
922 509
908 508
812 457
796 440
778 428
759 418
739 410
719 403
697 399
674 400
654 407
636 420
619 435
640 430
659 419
679 413
702 414
722 421
741 431
760 441
778 455
796 467
