1335 931
1348 990
1367 1055
1394 1113
1435 1171
1466 1227
1502 1284
1536 1338
1569 1396
1604 1455
1642 1508
1688 1557
1739 1601
1787 1641
1841 1685
1893 1718
1955 1744
2022 1742
2085 1732
2151 1707
2213 1681
2267 1644
2315 1602
2365 1557
2418 1515
2459 1470
2504 1414
2542 1366
2583 1307
2602 1249
2626 1182
2639 1121
2646 1056
2655 991
2664 920
2671 854
2676 789
2671 724
2660 659
2649 593
2641 525
1550 670
1537 715
1536 769
1546 823
1559 875
1586 914
1634 931
1673 897
1711 862
1765 849
1814 835
1863 821
1901 787
1906 736
1877 688
1843 654
1797 620
1678 1227
1673 1172
1682 1118
1705 1071
1752 1048
1799 1023
1836 982
1889 972
1946 973
2004 974
2059 979
2111 991
2161 1006
2172 1058
2162 1110
2147 1161
2127 1209
2099 1254
2068 1298
2032 1341
1990 1380
1945 1408
1892 1418
1838 1424
1787 1410
1749 1368
1721 1323
1697 1276
1722 1288
1743 1252
1755 1212
1768 1173
1793 1139
1827 1113
1863 1091
1901 1074
1939 1060
1979 1048
2019 1037
2061 1031
2105 1027
2148 1022
2172 1056
2164 1098
2153 1138
2125 1171
2091 1199
2057 1227
2024 1254
1988 1277
1952 1296
1916 1319
1879 1338
1835 1340
1797 1324
1763 1298
1817 466
1828 438
1839 412
1858 387
1881 366
1907 351
1934 342
1964 338
1996 338
2027 341
2055 348
2064 375
2040 393
2013 406
1986 418
1959 428
1930 435
1901 440
1871 446
1844 456
1543 627
1526 606
1502 599
1476 602
1453 610
1430 620
1409 634
1389 652
1374 673
1367 697
1365 724
1361 749
1384 742
1407 731
1429 721
1452 710
1474 699
1496 686
1517 670
1535 650
1694 283
1691 234
1728 201
1767 174
1808 153
1851 138
1898 130
1947 128
1996 131
2043 138
2089 149
2086 172
2038 166
1990 161
1941 160
1893 164
1848 176
1806 196
1768 223
1731 257
1442 407
1408 405
1375 413
1346 427
1317 445
1291 467
1266 493
1246 520
1233 550
1225 583
1232 615
1247 588
1261 558
1278 530
1297 502
1321 476
1348 455
1378 442
1412 437
1445 432
