64 458
68 478
75 500
82 522
91 541
102 562
113 580
127 599
141 614
155 631
170 650
183 666
199 684
215 700
232 714
249 729
265 743
285 756
305 766
324 774
347 779
368 780
390 778
412 771
432 760
448 746
464 730
479 712
494 696
508 681
523 662
536 645
550 628
566 610
580 594
594 576
605 558
613 537
616 514
617 491
615 468
299 480
288 501
277 522
269 547
272 568
292 583
315 588
334 604
356 614
380 612
400 598
419 582
441 574
456 555
453 530
438 513
431 489
242 635
262 637
282 639
304 639
324 641
344 645
364 648
384 646
403 641
422 636
439 627
457 619
475 613
495 612
481 627
466 642
452 658
436 671
420 682
402 691
384 697
363 699
343 696
325 690
307 681
291 671
275 656
259 644
267 639
282 642
296 644
310 647
323 650
337 654
351 656
367 656
381 654
395 651
409 648
422 644
435 640
448 634
460 628
448 635
435 640
422 646
409 650
395 653
381 655
366 657
351 657
337 654
323 652
309 649
295 646
281 643
436 374
442 364
449 355
458 347
468 341
478 336
488 332
499 329
511 331
521 336
530 343
533 354
528 364
519 372
508 376
496 377
484 376
472 377
460 377
448 376
264 379
254 370
243 362
231 355
219 350
206 347
192 347
179 349
166 352
154 358
143 364
153 373
164 381
176 388
188 392
201 394
215 395
229 393
242 390
255 388
430 327
439 313
453 305
468 301
485 298
501 295
516 290
533 288
548 294
561 304
574 315
572 327
557 320
541 316
525 315
508 318
493 322
477 327
461 331
445 333
276 326
258 313
236 308
214 303
193 298
171 294
149 289
127 285
105 288
86 301
74 319
95 313
118 310
140 314
161 319
182 325
203 332
224 339
245 345
269 345
