369 508
370 523
371 539
374 555
377 572
380 586
386 603
392 617
400 630
411 642
423 654
435 665
446 677
456 689
469 699
483 707
497 713
512 719
528 724
543 729
559 734
574 736
591 736
607 735
622 730
636 723
650 714
665 706
677 695
688 684
697 672
706 657
712 644
718 629
724 613
727 597
730 582
731 564
734 549
735 533
735 516
560 500
553 510
542 518
530 528
527 540
534 551
547 554
562 557
575 561
588 564
602 564
615 562
629 559
633 547
629 534
620 523
615 511
490 601
502 597
514 594
526 591
539 590
552 589
565 587
577 590
591 590
604 591
615 596
626 601
637 608
641 620
633 630
626 640
617 650
606 657
594 660
581 661
568 661
556 659
544 655
533 649
523 641
513 632
504 622
496 612
499 605
508 603
519 603
529 604
539 604
550 605
560 606
569 608
579 610
589 610
600 611
610 611
620 612
630 614
629 622
621 626
612 629
602 631
592 632
582 632
572 631
562 629
552 628
542 626
533 624
524 621
515 617
506 613
628 464
632 459
637 456
642 453
647 451
653 450
659 450
666 450
671 451
677 454
682 458
680 463
675 466
669 467
663 468
657 469
651 468
645 467
639 467
633 465
541 451
536 446
531 442
526 439
520 437
513 437
506 437
500 437
494 439
488 441
483 444
488 447
494 449
500 451
506 452
512 454
519 454
525 455
532 455
538 456
625 410
627 400
636 396
646 394
655 391
664 389
674 388
684 390
693 394
701 400
708 407
707 411
699 406
690 402
680 402
670 404
661 407
653 411
643 413
633 414
565 400
558 391
548 385
537 381
526 377
515 373
503 372
491 372
480 376
470 383
464 393
474 388
485 383
498 383
509 387
519 391
529 397
539 404
550 409
561 411
