498 633
500 654
505 677
511 699
518 719
526 742
535 762
545 784
555 804
568 823
583 840
601 854
619 866
639 877
660 889
680 897
700 908
722 915
744 920
766 923
789 922
811 916
832 908
853 898
871 885
889 871
907 857
923 840
937 823
952 806
966 788
980 768
988 747
994 726
1000 703
1003 681
1005 659
1006 637
1007 613
1006 589
1006 566
708 624
699 640
689 656
681 673
683 692
698 702
717 704
737 703
755 700
775 699
793 694
810 686
824 674
825 656
816 638
804 624
792 607
663 766
680 765
696 762
711 759
727 755
742 751
758 750
774 747
791 745
807 742
823 740
839 738
856 737
865 749
858 763
849 777
836 788
823 796
808 803
794 809
779 812
762 814
745 814
729 811
714 807
700 800
687 790
675 779
678 770
690 776
703 778
718 778
732 778
746 777
761 777
775 775
787 772
800 768
812 764
825 760
837 755
849 750
861 744
849 749
837 754
825 759
812 763
800 767
787 771
774 774
761 776
746 777
732 777
718 778
703 778
690 775
799 539
802 530
807 521
814 513
822 506
830 501
839 497
849 496
860 498
869 501
878 506
882 514
875 523
867 528
858 533
849 535
839 537
829 539
818 539
808 541
677 558
673 549
666 542
657 536
649 531
639 529
629 528
619 531
610 534
602 539
594 546
588 554
597 557
606 560
616 562
626 563
636 563
646 562
657 561
667 560
766 480
770 464
783 453
796 443
810 434
824 427
839 421
855 419
872 419
888 422
903 428
901 436
885 434
868 436
853 441
839 448
825 456
811 464
797 473
783 481
669 494
665 478
652 468
637 461
621 457
603 456
587 458
572 466
559 477
548 491
539 505
531 519
545 508
558 496
571 486
587 481
605 482
621 486
636 491
652 495
