64 371
67 383
70 397
73 410
77 422
80 436
83 449
88 462
93 475
99 487
108 498
115 510
123 520
131 531
139 542
148 553
157 563
169 571
181 574
196 575
209 576
222 576
236 573
248 567
259 559
269 550
279 540
289 530
298 521
308 511
316 501
325 490
333 479
339 467
343 454
348 442
353 429
357 417
360 402
363 389
365 375
172 382
169 394
162 404
153 414
155 427
166 433
177 439
188 446
200 447
213 443
226 441
237 437
249 431
249 419
243 407
237 395
238 383
136 484
145 479
154 476
164 474
175 473
185 475
195 476
206 476
216 475
227 476
237 479
246 481
256 484
265 487
260 495
252 502
244 509
235 514
226 519
217 522
206 523
195 522
185 521
176 518
167 512
159 506
151 499
144 491
138 484
147 484
156 487
165 488
173 489
182 491
191 493
200 493
209 492
218 491
227 491
237 490
246 489
255 489
263 490
254 491
244 490
235 491
226 491
217 492
208 494
199 495
190 494
182 492
173 490
164 489
156 487
147 486
244 336
249 331
255 327
261 324
267 321
274 320
281 319
289 320
295 322
301 325
307 328
306 335
300 338
293 340
286 341
279 341
272 340
265 339
258 337
251 338
160 334
154 329
149 325
143 322
136 320
130 318
122 319
115 320
109 322
103 326
97 329
103 334
108 338
115 340
121 342
128 342
135 342
142 341
149 340
156 339
225 301
231 289
244 283
259 280
273 277
286 272
300 269
316 269
330 272
343 279
351 291
352 306
339 298
326 294
311 296
296 298
281 299
266 301
252 304
238 307
173 302
168 291
156 286
144 283
132 280
120 277
109 274
96 272
83 273
73 279
66 290
64 302
75 299
87 297
101 298
113 299
125 302
137 305
150 307
162 309
