416 580
413 602
411 622
412 644
414 666
416 688
421 709
428 730
439 750
445 770
444 792
445 815
453 835
466 853
478 870
497 884
516 890
539 894
561 892
582 889
605 885
626 883
649 880
670 875
691 869
711 859
728 845
746 833
763 821
782 807
798 793
816 780
831 764
843 746
856 728
859 707
862 684
864 663
863 640
862 619
860 596
515 583
510 597
497 609
488 623
491 638
504 651
517 662
533 665
550 665
566 658
582 656
598 652
613 646
624 633
622 616
616 600
606 586
487 677
503 680
517 685
532 689
547 693
563 695
580 694
597 694
614 695
630 694
646 691
663 691
675 697
663 708
650 717
636 727
623 735
609 742
595 748
580 752
564 755
547 755
531 753
517 748
507 735
501 721
496 706
492 691
496 679
506 686
516 693
527 699
538 705
550 707
563 708
576 707
589 706
602 704
614 702
626 699
638 697
651 695
654 701
642 706
631 709
619 712
606 715
594 718
582 720
569 721
556 721
543 719
532 715
522 707
512 699
502 689
628 523
634 520
641 519
648 519
655 520
661 521
668 522
675 522
682 522
689 522
697 522
692 523
685 523
678 523
671 524
664 524
657 524
650 524
643 523
635 523
529 519
523 517
517 516
511 514
505 511
499 510
492 509
486 508
479 508
472 509
467 511
473 512
479 514
486 515
492 516
499 517
505 516
512 517
519 518
525 519
594 479
608 471
624 467
641 468
657 470
673 472
689 476
704 480
720 484
735 489
748 498
738 506
722 503
707 499
690 498
673 497
657 495
640 494
623 492
607 489
533 498
528 488
517 482
507 478
496 474
484 471
474 467
463 463
450 463
439 466
429 474
431 486
442 489
452 484
465 485
476 487
488 491
498 494
510 497
522 500
