147 390
146 403
145 418
146 434
147 449
149 463
151 478
157 493
164 506
172 518
181 530
191 541
203 551
215 559
228 566
242 572
257 578
271 582
285 586
300 590
315 590
329 591
344 591
359 589
374 584
388 578
400 570
410 560
420 548
427 536
435 523
443 509
450 497
457 484
462 470
467 454
470 439
471 425
472 410
472 396
471 380
288 370
279 378
272 390
270 402
275 415
286 422
299 422
312 420
326 421
339 421
352 425
365 425
375 416
379 403
376 390
368 381
360 369
255 486
262 478
271 472
279 468
288 462
297 457
307 456
317 457
327 459
338 458
348 460
357 463
366 468
374 475
379 484
381 494
374 502
364 505
354 506
343 507
333 508
322 508
312 507
301 506
291 503
282 500
273 496
264 492
262 486
269 483
276 479
284 477
291 475
300 474
308 474
317 475
325 476
333 477
341 478
349 479
358 479
366 481
373 483
368 483
360 482
351 482
343 481
334 481
326 480
318 479
310 479
302 478
293 478
285 480
278 482
270 485
360 332
365 329
370 326
375 323
381 321
386 320
393 321
399 321
404 323
409 326
413 331
412 336
407 339
401 340
395 340
389 339
383 337
378 336
371 336
365 335
281 327
276 324
271 321
265 319
259 318
253 317
247 318
241 320
236 322
231 326
226 328
231 331
236 334
242 335
248 336
255 336
261 335
267 334
274 333
280 332
343 292
346 282
356 275
366 273
378 273
390 275
401 277
412 279
422 282
432 287
439 297
437 307
426 310
415 307
404 305
393 303
382 300
370 301
359 304
348 302
308 281
307 267
294 264
279 264
264 265
250 267
236 269
224 274
212 282
201 292
195 304
191 317
204 312
215 306
228 300
240 295
254 293
269 292
282 290
296 287
