150 234
149 247
148 261
148 274
147 287
147 302
147 315
148 329
151 342
156 355
162 368
170 378
179 388
189 398
199 407
210 413
223 419
235 423
249 426
262 429
275 432
289 435
302 437
316 438
329 439
343 437
356 432
366 423
375 413
383 402
391 391
397 379
402 366
406 353
408 340
410 326
413 313
415 299
418 286
419 273
420 258
296 247
289 252
283 259
282 268
284 276
292 281
300 281
310 280
319 281
327 282
336 280
345 282
354 281
358 274
358 264
353 257
346 250
263 345
268 338
275 331
282 325
289 318
297 312
304 307
313 304
322 304
332 305
341 306
349 310
356 317
359 325
362 333
362 343
358 351
352 359
345 365
337 370
329 372
319 372
310 371
301 368
293 365
285 361
277 357
269 353
270 337
275 331
281 326
287 321
293 317
300 314
306 312
313 310
321 308
328 308
336 308
344 309
350 313
354 319
356 327
355 334
354 341
348 346
340 347
333 348
325 349
318 349
310 348
304 345
296 346
288 346
281 346
274 343
348 217
350 212
354 208
358 205
362 203
367 202
372 202
377 203
382 205
387 206
391 209
393 214
390 218
385 219
379 219
374 219
369 219
363 219
358 218
353 217
267 213
266 207
262 203
257 200
252 198
247 197
241 196
236 197
230 198
226 200
221 204
218 208
223 211
228 213
233 214
239 215
245 216
250 215
256 215
262 215
348 180
348 172
354 169
362 167
370 167
378 167
386 168
393 169
401 171
408 174
413 180
415 187
408 191
401 188
394 187
386 185
378 184
370 185
363 184
355 183
282 166
275 160
267 158
257 158
248 157
238 157
229 158
221 161
213 165
206 171
201 179
210 178
217 173
225 169
235 169
243 171
252 173
260 175
270 177
278 174
