333 393
339 407
348 422
359 433
371 445
383 456
396 466
409 476
423 484
437 491
452 499
466 504
483 510
498 515
515 518
530 520
546 522
563 524
579 524
595 522
612 518
626 512
640 505
655 495
668 486
679 473
684 459
685 442
685 425
688 409
691 393
693 377
694 361
695 344
694 328
693 312
692 296
691 280
689 264
687 247
683 230
530 274
527 286
526 299
529 311
538 321
549 325
563 326
575 323
587 319
599 314
605 302
614 293
621 282
617 270
610 259
602 249
592 239
536 410
543 402
550 394
558 386
565 378
573 370
580 362
589 356
599 353
608 349
617 343
626 339
636 340
646 344
652 352
651 363
648 373
642 381
634 389
626 395
617 400
607 403
598 406
588 408
577 410
567 411
556 412
545 413
547 404
554 399
561 395
568 389
574 384
582 379
589 376
597 372
604 369
612 367
619 364
627 360
634 357
642 354
650 352
642 355
635 357
627 360
619 364
612 367
604 370
597 373
589 376
582 380
575 385
568 390
561 395
554 399
573 186
575 180
580 174
585 168
591 164
597 161
603 157
609 155
616 153
624 153
630 157
629 164
626 171
621 176
615 180
608 182
601 184
594 185
587 186
580 187
483 223
478 216
471 212
463 211
455 213
448 216
440 220
433 224
427 229
422 236
419 244
417 251
425 253
433 252
441 249
448 247
456 243
463 239
469 233
476 229
563 137
567 129
572 123
579 117
586 113
593 108
599 102
606 97
613 92
622 93
628 100
627 109
620 114
612 116
605 119
597 123
591 129
584 135
577 140
569 142
473 176
469 168
461 165
452 167
443 168
434 168
426 172
419 178
414 186
411 194
408 202
405 210
412 204
416 197
422 189
430 185
438 183
448 182
457 183
466 182
