343 451
346 471
348 492
351 512
354 532
355 553
359 573
365 595
371 614
378 633
386 653
399 669
410 686
426 701
444 712
461 721
479 731
500 739
520 745
540 750
560 754
580 758
601 760
622 757
642 750
658 738
669 721
675 701
680 680
684 661
691 640
703 622
712 604
721 584
729 565
738 547
748 530
759 511
764 492
765 471
760 449
616 450
614 467
610 485
597 500
591 517
599 531
617 541
634 544
653 545
673 547
691 544
707 536
720 524
724 506
713 490
707 473
703 454
551 601
563 595
575 593
589 592
602 591
614 587
626 584
639 582
652 582
666 582
677 578
691 578
703 581
698 592
695 605
693 618
688 629
679 639
668 645
655 647
642 646
629 644
617 641
605 636
594 631
583 625
572 618
561 610
566 605
575 606
584 607
594 608
604 608
613 608
623 608
632 610
641 611
651 612
660 611
669 609
677 605
685 601
693 598
685 602
677 606
668 610
660 613
650 614
641 612
632 611
623 610
613 610
603 610
593 609
584 608
574 607
680 377
682 369
686 363
692 357
698 352
705 349
712 346
719 345
727 346
734 349
739 355
741 363
741 371
734 375
727 377
720 379
712 379
703 379
695 379
687 379
592 383
586 375
577 368
568 359
560 351
550 347
538 345
527 347
516 350
506 355
497 362
491 371
501 376
511 380
522 382
533 385
545 385
556 383
568 383
580 383
694 340
697 333
703 327
710 322
716 318
723 314
730 311
737 309
745 307
753 306
759 312
759 319
752 320
744 322
737 326
730 329
723 332
716 335
709 338
702 341
632 321
610 307
586 299
560 295
533 293
507 295
482 301
458 309
434 318
412 331
392 349
417 344
441 335
464 325
488 317
513 312
541 313
566 318
589 328
613 336
