151 273
153 285
157 299
160 313
163 326
169 339
175 350
182 363
190 374
199 385
208 395
217 406
227 416
236 426
247 434
258 442
269 449
281 456
294 461
307 465
321 469
334 472
348 474
362 474
375 471
387 464
398 454
402 442
406 428
409 414
414 402
418 389
424 377
431 365
437 352
445 340
451 329
457 316
459 302
459 288
458 274
361 292
357 301
352 309
350 319
353 328
361 333
370 337
380 338
390 340
400 340
409 338
418 333
424 326
429 317
425 308
421 299
419 289
326 374
333 372
341 370
348 367
356 366
364 365
372 364
380 362
389 363
397 365
403 360
411 358
417 361
415 369
414 377
413 385
410 392
404 398
397 402
389 404
380 404
373 402
365 400
358 397
351 393
344 389
337 385
331 380
335 376
340 377
346 377
351 377
357 378
362 378
368 379
373 379
379 380
385 380
390 379
396 379
401 377
405 375
410 373
405 376
400 378
395 379
390 380
384 380
378 380
373 380
367 379
362 379
356 378
351 378
345 378
339 378
404 227
407 223
411 219
415 217
419 214
423 213
428 212
433 213
437 215
441 218
444 222
445 227
441 230
436 231
432 232
427 232
422 232
417 231
411 231
406 231
343 229
337 224
333 219
327 216
321 214
314 214
307 216
301 218
295 221
290 224
285 228
290 232
296 235
302 237
309 238
316 238
323 238
329 237
336 237
342 235
401 216
405 211
409 206
414 202
419 198
425 195
431 193
437 191
442 189
449 188
454 191
453 196
446 197
440 199
435 202
429 205
424 208
418 210
413 213
407 216
378 199
365 191
352 186
338 182
322 181
306 180
291 182
278 187
264 193
251 200
238 206
253 205
267 200
281 195
295 192
311 191
326 194
339 199
352 205
366 210
