543 742
542 762
549 783
556 802
562 823
568 844
573 865
577 887
580 907
588 926
596 946
603 967
612 986
624 1004
645 1010
665 1014
686 1014
709 1011
729 1002
747 993
766 984
785 974
803 964
823 953
841 941
859 928
877 918
895 907
914 896
933 885
950 874
965 859
982 843
994 826
1001 807
1008 787
1015 767
1023 745
1029 726
1036 706
1042 684
586 664
574 680
565 695
559 715
564 734
576 749
592 755
613 758
631 753
650 753
669 750
687 741
694 723
690 704
679 687
671 671
664 651
597 842
599 831
602 820
611 813
622 810
634 811
645 812
656 814
668 816
679 819
690 820
701 823
712 824
723 826
733 832
730 844
721 850
711 854
700 857
689 859
678 862
667 863
655 863
643 863
631 863
619 863
608 860
599 853
598 845
606 841
614 836
623 834
633 833
643 833
653 832
663 832
673 833
683 834
692 835
703 835
713 836
722 835
732 837
722 836
712 836
702 837
692 836
683 835
673 833
663 833
653 833
643 834
633 835
624 836
615 838
607 842
701 592
703 581
707 571
714 562
723 555
733 552
745 551
756 554
767 556
777 561
786 567
792 576
785 585
776 591
766 595
755 598
744 599
733 601
721 600
710 598
610 606
608 599
603 593
597 589
590 588
583 586
575 586
569 589
562 592
556 596
558 603
559 610
562 616
567 622
574 624
582 624
589 624
596 621
602 617
608 613
662 530
677 518
694 512
713 511
733 512
752 513
770 516
787 522
803 530
818 543
827 559
814 556
798 546
781 539
764 535
744 534
725 535
706 537
689 542
671 546
597 548
591 540
582 535
573 532
563 530
554 529
543 529
534 532
526 538
521 546
518 555
525 563
533 558
540 551
549 547
559 545
569 545
579 547
588 550
596 556
