354 2445
358 2533
363 2630
373 2718
392 2811
417 2902
462 2984
512 3060
560 3141
614 3211
675 3283
732 3354
796 3425
869 3488
922 3555
980 3635
1047 3692
1128 3744
1211 3778
1299 3796
1398 3804
1493 3795
1576 3775
1664 3746
1755 3705
1827 3659
1902 3599
1975 3546
2048 3481
2105 3413
2159 3335
2211 3253
2261 3183
2322 3105
2377 3031
2425 2954
2462 2867
2494 2778
2521 2692
2553 2602
2577 2510
1248 2306
1213 2367
1171 2437
1155 2511
1178 2589
1239 2637
1308 2660
1392 2670
1464 2687
1542 2690
1620 2670
1692 2650
1761 2610
1800 2542
1798 2465
1777 2387
1759 2309
928 3002
1002 2983
1072 2956
1142 2929
1211 2898
1282 2873
1360 2882
1436 2897
1515 2891
1598 2892
1669 2917
1737 2952
1804 2988
1869 3028
1863 3105
1802 3161
1742 3215
1675 3252
1606 3281
1532 3301
1454 3311
1372 3309
1296 3296
1225 3270
1159 3230
1101 3171
1048 3111
991 3051
954 3022
1019 3020
1083 3025
1146 3033
1208 3041
1271 3048
1334 3055
1398 3061
1463 3064
1529 3065
1594 3062
1659 3061
1722 3068
1788 3069
1849 3081
1788 3075
1724 3071
1658 3069
1593 3067
1527 3068
1461 3070
1397 3065
1335 3057
1270 3053
1207 3047
1144 3039
1082 3031
1020 3022
1758 1943
1808 1929
1858 1941
1910 1951
1963 1958
2017 1965
2072 1968
2128 1968
2183 1965
2238 1962
2257 1993
2210 2014
2160 2026
2107 2034
2053 2038
1997 2036
1945 2026
1896 2011
1849 1992
1802 1971
1119 1949
1095 1934
1049 1940
1002 1946
956 1951
908 1954
859 1954
810 1953
761 1954
713 1955
665 1958
710 1966
752 1981
796 1991
844 1993
891 1987
937 1981
983 1974
1029 1967
1074 1960
1717 1617
1787 1553
1861 1503
1940 1463
2025 1439
2114 1425
2209 1422
2298 1436
2379 1469
2453 1521
2515 1590
2450 1639
2370 1602
2291 1562
2207 1538
2116 1529
2029 1549
1948 1580
1869 1621
1793 1665
1164 1565
1095 1513
1022 1474
946 1443
866 1421
783 1405
701 1423
625 1454
555 1502
491 1567
442 1636
517 1603
592 1566
668 1535
745 1509
834 1504
913 1527
988 1562
1063 1598
1139 1630
