150 596
149 620
151 644
152 669
154 695
157 719
162 743
169 767
179 791
192 811
205 830
224 847
246 859
269 869
293 878
317 886
340 895
363 907
384 917
408 925
433 931
458 936
482 939
507 939
529 933
553 922
572 909
591 893
609 875
625 854
636 833
645 811
655 787
659 763
661 738
665 714
668 688
672 662
676 639
683 615
689 590
459 570
450 587
442 603
434 621
432 641
439 659
455 668
475 669
494 669
514 669
532 667
547 653
556 636
558 616
552 599
540 582
531 565
384 775
394 761
408 752
423 745
437 737
452 730
467 724
483 719
499 715
515 711
533 710
548 716
563 724
575 737
581 752
573 767
563 780
551 794
540 807
526 816
509 817
492 814
476 811
460 806
444 800
429 796
413 791
398 784
396 760
408 760
419 761
431 763
443 762
454 759
465 756
477 755
488 754
500 752
512 751
524 750
536 751
547 752
558 754
547 759
536 761
525 763
513 765
502 766
490 767
478 767
466 766
455 763
443 762
431 763
419 763
407 762
553 497
555 489
560 482
565 476
571 471
578 467
586 465
595 465
603 466
610 470
615 477
616 485
611 492
605 498
598 502
591 505
583 506
574 506
566 506
558 504
408 502
398 494
387 487
376 482
364 479
352 478
339 479
327 482
316 487
305 494
296 502
304 512
315 517
327 520
340 522
353 521
365 520
377 517
389 514
401 511
513 433
526 422
541 417
555 411
570 405
585 401
601 399
617 401
631 408
644 418
654 430
649 439
636 429
622 421
606 420
590 423
576 428
561 433
545 436
529 437
412 429
410 410
392 398
371 392
350 388
327 387
306 391
287 401
269 414
252 431
239 449
230 468
249 460
267 448
286 437
305 427
325 419
347 417
369 421
389 427
