595 593
598 617
601 641
604 668
607 692
611 717
615 741
620 766
629 790
641 813
655 832
672 851
690 870
705 889
722 910
736 930
753 948
775 963
796 971
822 976
846 978
874 976
896 971
919 962
942 949
963 934
984 918
1005 904
1025 891
1046 878
1067 863
1084 845
1101 824
1113 802
1121 779
1128 756
1137 731
1143 707
1150 682
1158 659
1168 634
815 572
801 586
790 602
786 622
796 641
811 654
829 663
847 669
866 676
886 683
907 684
926 681
945 673
955 656
955 636
950 616
942 597
715 735
734 723
755 714
777 710
801 708
826 708
848 714
869 720
893 721
916 726
937 734
956 746
976 758
996 769
982 787
963 801
944 813
924 825
904 836
883 844
858 844
836 839
815 830
796 818
777 805
758 791
742 773
729 754
730 736
749 735
767 736
786 738
804 740
821 745
838 749
856 753
874 756
892 758
910 761
928 764
946 767
964 770
971 780
954 785
936 788
917 789
898 789
879 789
860 788
842 785
825 781
808 776
792 770
775 763
760 755
745 745
963 528
973 522
984 517
995 514
1006 511
1019 510
1031 511
1042 515
1052 520
1062 526
1071 535
1067 546
1056 548
1043 549
1031 548
1018 547
1007 544
996 541
984 538
973 534
813 502
803 493
792 484
782 477
771 471
759 466
747 463
733 464
721 467
710 472
698 478
706 488
717 495
728 500
740 505
752 507
765 509
779 510
792 511
805 511
963 454
974 434
993 424
1015 418
1038 417
1061 419
1082 426
1101 436
1119 451
1133 469
1142 489
1138 500
1127 481
1112 463
1094 450
1073 441
1051 438
1029 441
1008 447
987 454
833 429
822 411
804 400
784 392
765 384
744 379
722 378
700 380
681 389
664 404
648 420
669 415
688 409
709 404
732 405
751 413
769 423
788 434
806 444
827 449
