587 1347
568 1417
542 1491
529 1566
514 1641
508 1720
520 1794
532 1873
554 1948
583 2016
625 2086
668 2150
707 2210
750 2274
802 2337
856 2394
912 2439
978 2489
1035 2534
1099 2587
1159 2631
1228 2668
1305 2680
1380 2684
1458 2669
1529 2644
1595 2605
1657 2565
1724 2521
1789 2479
1850 2436
1912 2382
1964 2327
2007 2266
2046 2200
2083 2133
2118 2056
2146 1984
2172 1911
2199 1839
2229 1767
1441 1555
1398 1593
1360 1634
1327 1685
1319 1741
1351 1793
1398 1821
1453 1846
1507 1871
1565 1884
1621 1889
1681 1890
1736 1866
1753 1814
1747 1752
1730 1695
1713 1638
1073 1992
1130 1985
1189 1987
1248 1985
1307 1982
1366 1983
1421 1995
1470 2016
1521 2035
1571 2057
1621 2077
1667 2112
1713 2144
1749 2189
1705 2223
1659 2255
1611 2283
1559 2300
1504 2310
1444 2309
1390 2297
1340 2276
1293 2247
1248 2211
1204 2174
1161 2133
1124 2089
1094 2042
1104 2021
1144 2038
1185 2054
1227 2069
1270 2081
1313 2091
1357 2102
1400 2112
1444 2123
1485 2139
1528 2149
1572 2160
1616 2169
1662 2173
1709 2177
1660 2177
1614 2173
1569 2164
1526 2153
1484 2140
1441 2128
1399 2115
1354 2107
1312 2095
1270 2081
1227 2070
1185 2056
1143 2042
1776 1428
1806 1406
1840 1394
1874 1383
1909 1374
1946 1369
1985 1371
2020 1382
2051 1400
2078 1429
2092 1462
2088 1499
2054 1510
2014 1510
1977 1504
1941 1497
1907 1486
1874 1473
1840 1460
1807 1447
1374 1318
1353 1285
1327 1253
1296 1224
1264 1200
1229 1183
1192 1172
1153 1166
1111 1167
1072 1175
1035 1186
1045 1224
1069 1256
1102 1278
1137 1293
1175 1304
1214 1310
1253 1317
1294 1320
1336 1322
1834 1203
1879 1170
1928 1143
1979 1126
2035 1118
2092 1122
2144 1139
2191 1167
2230 1209
2256 1257
2273 1309
2259 1343
2230 1296
2198 1250
2157 1209
2108 1185
2050 1183
1994 1193
1941 1207
1887 1218
1437 1108
1443 1054
1401 1005
1349 967
1295 938
1237 917
1179 898
1114 903
1053 916
994 934
943 970
922 1028
986 1021
1042 996
1099 973
1163 966
1223 979
1279 1005
1332 1039
1383 1077
