779 866
786 896
791 927
798 955
810 986
820 1015
831 1044
844 1072
858 1101
872 1130
885 1156
900 1183
921 1210
944 1227
973 1241
1004 1249
1033 1259
1062 1271
1091 1281
1121 1291
1151 1299
1184 1300
1215 1293
1245 1287
1274 1277
1303 1266
1332 1252
1356 1235
1383 1218
1406 1197
1427 1173
1442 1145
1457 1118
1469 1089
1477 1058
1484 1029
1492 997
1498 966
1504 936
1509 905
1511 873
1117 830
1099 849
1080 870
1068 897
1068 925
1087 944
1115 955
1143 962
1170 962
1199 958
1226 949
1252 941
1275 926
1279 899
1263 875
1244 852
1225 830
1027 1061
1046 1056
1066 1051
1087 1046
1108 1043
1128 1039
1149 1036
1171 1036
1192 1033
1212 1028
1233 1025
1255 1026
1276 1029
1297 1033
1309 1047
1292 1058
1273 1067
1254 1073
1234 1078
1213 1082
1192 1085
1171 1087
1148 1088
1127 1085
1107 1080
1088 1074
1068 1069
1048 1063
1042 1060
1061 1061
1080 1062
1099 1062
1119 1062
1138 1062
1157 1060
1176 1060
1195 1057
1212 1054
1230 1050
1248 1048
1267 1045
1285 1042
1301 1036
1284 1042
1266 1045
1248 1047
1230 1050
1212 1054
1194 1057
1175 1059
1156 1060
1137 1062
1118 1062
1099 1060
1080 1059
1061 1059
1247 717
1256 703
1266 691
1278 679
1291 671
1305 665
1321 662
1338 663
1353 666
1367 673
1380 683
1389 696
1375 705
1361 711
1346 715
1330 718
1314 717
1297 717
1280 716
1263 715
1083 714
1074 699
1064 685
1050 675
1035 669
1019 665
1002 662
984 664
969 669
954 679
945 693
938 708
952 717
967 724
983 730
1000 731
1018 730
1035 727
1051 724
1068 720
1237 613
1258 595
1280 580
1303 569
1328 562
1356 559
1382 564
1405 576
1425 595
1440 617
1450 641
1438 649
1423 627
1405 607
1383 593
1357 588
1329 590
1306 601
1283 614
1260 625
1097 617
1077 601
1053 594
1031 586
1007 581
980 580
956 585
934 596
915 613
901 634
893 656
909 637
927 618
948 606
972 601
998 604
1021 611
1042 622
1063 634
1088 638
