504 638
503 658
503 678
506 699
510 721
514 740
518 761
523 782
533 799
546 815
561 830
573 846
586 864
597 881
608 899
623 914
640 924
659 931
680 935
701 938
722 939
743 940
763 939
783 935
802 928
821 917
834 901
850 888
864 871
876 855
892 841
901 824
910 804
920 786
928 766
933 746
934 726
934 706
934 683
936 663
939 642
651 617
641 630
629 645
626 662
633 679
646 690
661 699
678 704
697 704
714 705
733 704
750 700
765 692
777 677
780 660
776 642
770 626
589 742
608 737
629 735
651 735
669 741
688 747
709 747
729 744
750 742
771 742
792 745
812 747
826 762
816 779
804 795
789 811
773 824
757 836
739 845
720 850
698 850
678 845
660 838
644 826
629 811
617 794
607 777
598 759
615 752
629 756
643 758
658 761
673 763
687 766
702 768
718 769
733 768
748 765
764 764
779 762
793 759
809 758
799 769
786 776
773 782
760 789
747 795
732 798
718 801
702 801
686 799
672 797
658 791
646 784
634 775
622 765
765 550
773 543
781 536
790 531
799 527
809 524
820 523
830 524
841 525
850 528
859 535
857 545
848 549
838 552
828 553
818 555
807 554
797 552
786 551
776 550
647 538
639 531
632 526
624 522
615 519
606 518
596 519
587 520
578 523
570 527
563 532
570 538
578 542
587 545
596 546
606 547
615 547
625 547
635 546
645 546
742 512
750 498
765 490
780 484
796 481
813 479
830 477
847 475
864 474
881 475
896 482
892 495
874 496
858 499
841 502
825 505
809 508
791 509
775 512
758 514
662 506
656 494
644 488
631 484
617 481
603 479
590 476
577 472
563 469
550 472
545 484
543 498
556 496
568 492
581 497
594 501
607 504
621 507
635 510
649 510
