321 368
318 382
316 396
314 411
315 425
320 439
330 450
340 461
349 472
358 485
367 496
377 506
385 518
394 531
399 544
407 557
417 567
431 571
446 570
460 568
474 564
488 557
500 551
513 543
526 535
538 528
550 520
563 512
576 504
587 495
598 484
609 474
618 463
623 449
624 435
626 420
626 405
626 390
625 376
624 362
623 346
350 385
346 394
343 404
341 415
343 425
352 430
363 433
373 435
383 434
389 426
399 424
410 422
417 415
420 404
416 395
409 387
405 377
362 457
370 453
380 455
390 453
400 451
410 452
421 451
431 451
442 451
453 450
463 450
472 453
470 463
465 471
458 479
450 486
442 492
434 498
425 504
417 509
407 512
397 512
388 507
384 498
383 488
379 479
373 471
364 467
376 472
384 472
392 470
399 468
405 466
412 463
419 461
426 459
433 457
440 455
447 454
454 453
462 453
466 459
462 465
456 469
449 472
443 476
436 479
430 482
423 485
416 487
409 489
402 491
395 492
388 491
382 485
379 478
406 330
406 324
407 319
409 314
412 310
417 307
423 307
429 308
434 310
439 311
443 314
448 317
446 322
441 323
436 325
431 326
426 327
421 329
416 331
411 333
353 343
351 339
348 336
344 333
341 331
337 329
333 328
328 328
324 329
321 332
320 336
321 340
324 344
327 346
331 347
335 346
340 347
344 346
348 347
353 346
382 283
389 278
397 273
404 268
412 264
420 262
429 261
438 262
447 264
454 268
460 272
451 271
443 269
434 271
425 273
418 277
410 282
403 288
395 291
386 291
347 309
346 304
343 300
339 297
335 294
332 291
328 289
323 287
319 289
315 292
313 297
309 300
314 303
319 303
324 303
328 305
332 307
337 308
341 312
345 313
