419 402
420 423
421 445
424 467
426 487
427 510
431 532
437 554
444 575
454 593
465 613
480 629
495 646
510 661
527 676
543 689
562 701
581 710
603 717
624 721
645 726
666 731
689 732
711 728
732 723
752 714
770 701
786 687
801 671
816 654
829 638
843 620
856 601
867 582
876 562
884 542
891 522
897 502
902 481
908 459
911 435
641 371
635 389
629 407
628 426
638 442
656 445
673 438
692 436
712 441
732 440
749 447
767 450
779 436
786 418
784 399
781 379
770 363
592 535
605 526
619 520
633 514
648 509
662 504
678 501
694 503
709 508
723 502
739 500
753 507
765 519
777 532
785 545
779 560
765 567
751 574
737 580
722 584
705 585
689 584
674 580
659 575
644 571
630 564
617 556
603 547
594 533
607 531
620 530
634 530
647 529
661 529
674 531
687 530
700 532
712 535
725 537
738 539
750 542
762 546
773 551
764 548
751 545
739 542
727 539
714 537
701 536
687 535
675 533
662 531
648 531
635 532
621 531
608 532
777 313
782 306
790 301
797 297
806 296
816 296
824 297
833 300
841 303
848 309
853 316
851 324
843 326
834 328
825 329
816 328
807 327
797 326
789 324
781 320
633 298
633 289
625 283
617 278
608 273
599 270
589 269
578 269
568 271
559 274
550 279
542 285
552 288
561 290
571 293
580 295
591 296
601 297
612 297
622 298
767 259
778 249
790 243
803 238
817 235
831 234
846 235
860 237
874 240
886 246
892 258
879 260
864 258
850 257
835 255
821 258
808 261
794 263
780 267
768 273
679 231
661 215
640 208
617 203
592 202
568 201
544 203
521 209
500 216
479 226
460 238
482 233
505 227
528 223
552 222
577 223
600 227
622 233
643 242
665 248
