352 461
355 474
358 489
363 503
369 517
375 530
383 543
389 555
397 568
407 579
417 591
429 600
442 607
455 613
469 617
483 619
498 621
512 623
527 624
542 624
556 623
571 619
585 613
597 605
609 596
621 588
634 580
645 570
656 561
667 552
677 540
684 528
689 513
691 498
691 484
692 469
693 454
694 439
695 424
694 410
691 395
479 428
475 438
471 448
470 460
477 469
489 469
500 470
512 469
523 470
534 466
545 463
556 457
566 452
569 442
565 430
557 422
545 421
458 522
468 513
479 509
491 506
503 502
515 500
527 498
539 495
551 491
564 490
577 491
590 491
603 492
608 503
603 514
596 524
588 534
578 544
568 551
557 555
545 558
533 561
519 561
507 559
496 555
485 549
475 541
466 532
464 524
473 521
484 520
495 519
505 517
515 515
525 513
536 512
546 510
555 506
564 503
574 500
584 498
595 497
598 505
590 512
582 518
573 523
564 527
554 530
544 533
534 534
524 536
513 538
502 537
492 536
482 534
472 530
549 356
550 350
553 345
558 341
563 338
568 336
574 335
581 335
586 336
592 338
597 341
598 346
593 350
588 353
582 355
577 357
571 358
565 360
559 360
553 360
462 380
460 374
455 370
449 367
443 365
437 364
430 363
424 364
418 367
413 370
408 375
404 381
410 383
416 385
423 385
430 385
436 385
443 384
449 383
456 382
529 314
529 304
537 296
545 290
553 285
562 281
571 278
582 277
592 278
601 280
610 284
612 289
602 287
592 286
582 288
572 291
564 296
556 302
547 308
539 313
462 320
454 315
444 312
435 310
425 309
415 308
405 310
396 314
390 322
385 331
380 339
388 333
396 327
406 325
416 326
426 328
435 331
444 333
454 335
463 330
