40 243
40 263
39 283
40 303
43 322
46 341
53 362
59 380
67 397
76 416
86 432
100 447
115 462
129 474
146 487
162 497
178 508
196 519
216 525
235 530
253 535
274 534
293 531
312 530
330 521
343 506
355 489
367 472
379 458
392 444
406 428
418 412
428 396
439 378
447 360
455 342
461 322
465 303
469 282
470 263
470 242
269 267
261 280
251 295
246 309
248 327
260 339
276 344
292 344
309 345
325 345
342 341
358 334
374 329
380 314
378 298
373 282
368 265
196 394
209 397
223 400
237 402
251 401
265 399
280 399
295 400
309 399
324 398
338 396
352 395
365 392
370 402
363 414
354 425
343 436
332 443
319 447
305 449
290 448
276 446
263 443
250 438
238 432
227 425
215 416
205 406
202 399
213 403
225 406
237 409
249 410
262 411
274 413
286 415
299 415
312 415
325 414
337 412
348 408
359 403
370 398
359 405
348 409
337 413
325 414
312 415
299 416
286 415
274 414
261 412
249 411
237 409
225 407
213 404
366 184
372 177
379 170
386 165
394 160
401 156
410 153
419 152
428 153
435 157
440 165
440 174
436 182
428 187
420 189
410 190
401 189
392 188
383 186
374 187
249 178
241 169
233 161
223 156
213 154
201 154
190 156
180 159
170 162
160 167
151 174
161 179
170 185
180 189
190 193
201 194
212 194
223 192
234 190
244 187
396 130
405 122
415 118
425 114
435 111
446 109
457 107
468 105
479 104
491 105
492 116
483 122
473 127
463 131
453 135
442 137
430 136
419 138
408 140
397 142
277 130
263 117
244 113
226 111
206 110
186 110
166 109
146 109
127 110
108 113
91 119
108 127
126 130
145 131
165 132
184 135
202 138
222 139
241 139
261 138
