374 997
382 1032
391 1064
397 1100
404 1134
408 1172
415 1208
423 1240
438 1274
456 1307
472 1337
494 1365
522 1389
549 1413
581 1430
612 1443
646 1455
676 1476
707 1494
740 1507
774 1513
811 1512
847 1506
880 1491
910 1471
939 1448
965 1426
989 1402
1012 1374
1033 1345
1053 1314
1068 1280
1081 1246
1091 1213
1101 1180
1108 1143
1114 1107
1118 1073
1123 1035
1128 1000
1133 964
692 991
679 1013
668 1035
669 1061
678 1084
700 1098
727 1100
750 1109
774 1117
800 1120
824 1111
845 1097
871 1090
890 1075
892 1050
879 1029
857 1012
573 1186
601 1175
633 1174
667 1174
698 1178
730 1179
763 1180
795 1178
826 1173
857 1168
888 1164
920 1160
952 1159
963 1186
949 1213
930 1238
908 1262
882 1279
853 1288
821 1291
789 1288
758 1284
727 1279
699 1269
671 1256
644 1242
618 1228
592 1211
583 1182
608 1174
634 1177
661 1179
688 1181
714 1185
741 1188
768 1188
796 1189
824 1187
850 1185
877 1183
904 1181
932 1182
917 1203
897 1223
874 1233
848 1239
823 1245
798 1251
771 1252
744 1250
718 1247
692 1242
667 1236
644 1226
621 1215
598 1203
876 876
883 868
891 861
900 855
909 850
918 845
928 842
938 840
949 841
960 842
969 848
970 859
962 866
951 868
941 869
930 871
920 873
909 874
898 875
887 876
650 884
647 876
635 870
624 864
613 858
601 853
588 851
574 852
562 855
550 860
538 866
527 874
540 878
553 880
566 881
580 882
594 881
608 882
622 883
636 883
847 826
867 808
884 787
904 771
927 761
952 755
978 752
1005 754
1030 759
1053 768
1075 782
1075 804
1052 796
1025 795
997 795
970 795
945 801
922 809
898 817
875 826
676 793
651 781
622 778
592 779
563 782
533 783
505 789
479 799
455 813
432 833
415 856
445 855
468 838
493 826
522 821
551 818
581 818
612 818
641 820
671 818
