480 743
483 768
486 796
489 824
491 849
494 877
499 903
507 931
517 955
531 980
545 1002
561 1022
583 1041
604 1057
624 1074
647 1093
668 1109
691 1123
717 1132
743 1139
769 1144
797 1146
824 1140
848 1131
873 1122
900 1111
924 1097
943 1080
964 1060
981 1040
995 1016
1008 993
1019 969
1029 942
1036 917
1043 892
1050 864
1056 839
1063 811
1070 785
1077 757
741 740
725 754
719 776
717 798
721 820
737 836
760 838
782 835
805 840
827 836
849 835
871 833
892 823
899 800
898 778
886 758
867 745
666 929
686 930
706 932
726 932
746 929
765 927
784 923
803 920
824 921
843 918
862 915
883 916
901 920
911 936
901 952
887 966
871 977
854 986
837 994
819 999
799 1001
780 999
762 993
745 985
729 976
712 966
697 955
681 942
677 931
692 933
707 937
723 940
739 941
756 942
772 941
788 940
805 939
821 938
837 935
852 932
868 931
885 931
888 943
875 950
860 955
845 958
830 961
813 962
797 962
780 961
764 960
749 956
734 953
719 949
704 944
691 938
898 625
902 615
911 606
921 601
932 598
943 596
955 597
966 599
976 604
986 609
995 617
998 627
987 632
977 635
965 637
954 638
941 638
930 636
918 635
907 631
714 631
714 618
703 610
691 603
680 597
667 592
654 590
640 591
627 594
615 599
604 606
594 617
605 625
617 631
630 634
643 636
658 635
671 633
686 633
700 632
884 524
898 509
914 499
932 492
950 486
970 483
990 483
1009 487
1027 494
1042 508
1050 525
1038 532
1023 518
1006 509
987 506
967 510
949 516
932 522
914 530
897 538
745 530
737 510
716 504
696 495
676 486
656 477
634 472
610 473
590 480
571 491
553 506
573 512
594 504
614 496
638 496
659 502
679 512
697 526
715 541
735 550
