271 389
271 405
271 422
271 438
271 454
271 471
272 487
275 503
281 519
288 533
297 548
308 561
319 573
331 583
345 593
359 600
375 606
391 611
406 617
422 624
438 627
454 627
469 625
486 622
502 618
517 612
533 604
547 595
560 585
571 574
583 562
594 549
598 533
604 519
611 503
616 488
619 472
621 455
623 439
625 423
626 405
434 391
430 402
421 412
414 424
418 437
428 444
441 450
454 453
467 456
479 459
494 458
507 459
519 455
525 443
523 429
519 417
512 405
369 490
380 481
392 476
406 475
421 476
434 479
447 483
461 486
475 487
489 486
503 488
516 493
527 501
536 512
530 524
520 535
509 544
498 552
485 555
470 555
456 554
442 551
430 546
419 539
407 530
397 521
386 512
376 501
372 489
383 487
396 486
407 488
418 492
429 495
441 496
452 498
464 500
476 500
488 500
501 499
512 501
523 505
522 516
511 520
500 523
489 526
478 529
466 530
454 529
443 527
432 524
421 520
411 515
401 509
391 504
381 498
518 361
524 356
530 353
536 350
542 347
548 345
555 343
562 344
569 346
575 348
581 352
582 359
575 361
569 362
562 363
554 363
547 363
540 362
532 362
525 362
422 343
417 338
411 333
406 328
400 325
393 323
386 322
379 322
372 323
366 325
360 329
366 332
372 334
379 336
385 338
392 340
399 341
406 341
413 343
420 345
518 324
525 315
534 309
544 306
554 303
565 301
576 300
587 301
597 305
606 311
613 319
610 325
601 319
591 316
580 315
569 317
559 320
549 322
539 325
528 328
446 306
436 297
424 291
411 288
398 287
384 285
371 284
357 286
344 289
332 293
319 295
330 302
344 302
358 301
372 301
386 301
400 302
413 305
426 308
438 312
