235 274
239 285
243 297
247 309
251 321
256 333
262 344
269 354
275 365
283 375
291 384
299 394
308 403
317 412
327 420
337 426
349 433
360 437
373 437
386 437
397 436
410 434
421 429
433 424
444 417
454 409
463 401
471 392
481 383
489 374
498 365
504 355
510 344
516 332
521 320
524 308
527 295
530 284
533 272
536 260
537 246
332 252
327 261
323 270
318 280
319 290
328 294
339 295
349 294
360 293
370 290
380 289
390 288
401 284
404 275
402 264
397 256
390 247
319 354
323 347
328 340
334 334
341 329
349 325
356 321
365 320
373 319
382 318
390 319
398 321
406 325
413 329
420 334
422 342
415 347
408 351
400 354
392 357
385 360
377 362
368 363
359 364
351 365
342 364
334 362
327 358
325 353
330 349
336 346
343 344
349 342
356 341
363 341
370 340
377 339
384 338
391 337
398 336
405 337
412 338
418 339
411 337
405 336
397 336
390 337
383 338
377 339
370 340
363 341
356 340
349 341
342 342
336 345
330 349
396 195
399 191
402 187
406 184
411 183
415 182
421 181
426 181
431 182
436 183
440 185
441 190
436 192
432 193
427 194
422 194
417 195
411 195
406 194
401 194
321 201
317 197
311 195
306 193
300 192
294 192
288 194
283 195
278 198
273 201
269 206
274 208
279 210
285 211
291 211
297 211
303 210
309 209
314 207
321 207
376 172
378 163
387 158
396 153
406 150
416 149
426 148
437 148
448 149
458 150
468 153
468 161
457 161
446 160
435 160
425 161
414 162
404 163
395 168
386 173
323 173
322 164
313 160
304 158
294 157
284 155
273 156
263 158
254 160
245 164
237 170
233 179
242 178
251 175
262 174
272 173
283 173
293 173
303 174
314 175
