341 499
342 509
343 520
346 531
348 541
351 552
355 562
360 572
366 582
373 591
380 599
387 607
396 614
404 621
413 628
422 634
432 639
442 642
453 646
464 649
474 652
486 653
496 652
508 652
519 651
529 649
541 648
552 645
561 642
571 636
580 629
588 622
595 614
602 604
608 595
613 585
619 575
624 566
629 556
633 546
636 535
470 438
465 447
458 456
457 467
466 473
477 474
488 478
496 486
504 493
516 494
526 489
535 483
547 482
557 478
558 467
553 457
546 447
420 531
425 520
436 513
448 509
462 508
475 510
487 513
499 518
513 518
526 516
539 517
552 520
564 524
574 532
577 545
571 556
560 564
549 570
537 574
523 575
510 574
496 573
484 571
471 568
459 564
447 558
437 551
426 542
425 527
433 521
443 523
453 524
463 527
473 529
483 531
494 533
504 534
515 534
526 534
537 534
548 534
559 534
564 542
556 548
546 551
535 551
524 551
513 551
503 550
492 549
482 547
472 545
461 544
451 542
442 538
433 533
554 403
558 398
562 395
567 393
573 391
578 390
584 391
590 392
595 393
600 396
604 400
605 405
600 407
594 408
588 408
582 408
576 408
570 408
565 406
560 405
460 385
455 381
450 378
445 376
439 375
433 375
427 376
421 378
416 380
411 383
406 387
411 388
417 390
423 391
429 393
435 394
441 394
447 394
454 393
459 391
552 354
562 350
573 347
585 345
597 344
609 346
619 350
629 356
637 365
643 375
648 385
638 380
629 372
620 364
610 360
597 361
586 363
575 366
564 369
553 366
488 367
487 355
481 345
471 338
460 335
449 333
436 332
424 331
413 335
403 341
394 349
386 358
397 361
408 357
420 355
432 354
444 356
455 359
466 362
477 366
