805 757
792 811
780 874
774 934
778 997
790 1056
803 1111
817 1171
841 1228
862 1285
890 1344
918 1396
945 1449
977 1505
1010 1557
1041 1605
1075 1654
1120 1698
1173 1725
1235 1742
1291 1745
1353 1728
1407 1699
1456 1665
1507 1631
1560 1599
1610 1563
1655 1525
1697 1482
1735 1431
1769 1383
1800 1331
1831 1275
1856 1224
1880 1169
1901 1108
1924 1051
1942 993
1963 939
1979 880
1993 816
1085 701
1074 746
1038 779
1007 814
1007 865
1040 899
1089 899
1134 903
1187 898
1234 898
1283 902
1330 902
1374 879
1378 833
1351 789
1322 750
1310 702
967 1106
999 1056
1051 1030
1113 1026
1176 1028
1237 1034
1292 1052
1345 1076
1395 1107
1443 1142
1475 1192
1477 1255
1465 1313
1447 1368
1420 1420
1388 1470
1347 1516
1296 1547
1239 1561
1176 1559
1122 1540
1074 1503
1042 1453
1023 1399
1006 1343
992 1286
980 1227
972 1168
1002 1160
1017 1114
1060 1088
1111 1083
1164 1083
1217 1084
1268 1091
1317 1101
1362 1118
1405 1143
1443 1179
1473 1220
1466 1270
1449 1315
1423 1358
1395 1399
1356 1434
1314 1460
1270 1482
1222 1493
1168 1492
1122 1476
1083 1443
1058 1401
1044 1353
1028 1308
1014 1261
1005 1212
1417 625
1437 610
1458 595
1479 581
1502 573
1527 570
1554 570
1579 574
1602 581
1624 592
1644 607
1640 630
1616 637
1593 644
1568 648
1541 647
1514 647
1488 646
1463 643
1439 637
1116 608
1099 593
1080 583
1060 576
1039 572
1017 570
995 572
974 577
954 584
936 595
922 612
941 621
961 627
981 633
1003 637
1024 640
1048 640
1069 637
1091 634
1111 627
1305 420
1345 375
1395 349
1450 337
1511 336
1569 344
1627 351
1681 367
1728 400
1768 444
1797 492
1791 535
1746 497
1698 464
1646 446
1588 438
1528 435
1468 437
1410 446
1353 453
1162 453
1153 410
1117 380
1076 364
1031 357
984 359
943 374
906 400
876 436
858 476
849 520
851 567
869 529
886 488
910 451
948 428
996 428
1040 437
1082 450
1122 468
