551 684
551 704
549 726
548 747
548 769
547 791
547 813
547 835
549 856
555 876
563 897
571 916
578 937
588 955
601 974
614 992
630 1006
649 1016
669 1021
691 1026
711 1030
732 1033
754 1031
776 1024
795 1015
813 1005
832 994
851 983
870 974
890 964
908 953
925 941
941 925
951 906
959 886
966 866
975 845
982 825
990 805
999 785
1009 765
735 705
722 715
707 725
694 737
691 756
699 770
715 781
731 790
746 798
763 800
781 803
798 803
817 803
831 791
833 774
825 759
820 741
639 841
653 835
667 830
681 827
697 825
712 828
725 835
740 837
754 842
768 847
782 853
794 862
807 871
819 881
814 896
802 904
788 911
775 916
760 919
743 919
728 916
713 913
699 908
686 901
674 891
664 879
655 867
648 854
652 839
664 842
677 845
689 846
701 848
713 852
725 856
736 860
747 863
759 867
770 872
782 875
794 878
806 881
817 884
805 885
793 883
780 880
768 879
754 879
742 877
730 875
718 872
706 869
695 863
685 857
674 851
663 846
861 665
869 662
878 660
886 659
896 658
905 659
914 661
922 664
930 668
937 674
942 681
936 688
927 689
917 689
909 687
901 684
893 680
885 676
877 672
869 669
723 626
716 620
709 614
702 608
695 604
687 601
679 599
670 597
661 598
653 600
646 605
650 613
657 618
664 622
673 624
681 625
690 626
699 626
708 626
717 628
839 602
856 594
874 589
894 588
914 591
932 596
951 601
969 607
985 617
998 632
1004 650
993 664
976 656
959 646
942 638
924 632
905 628
886 626
866 623
848 619
768 600
771 581
758 565
742 554
724 545
707 537
689 530
670 526
648 526
629 530
612 539
598 554
619 554
640 555
659 559
678 565
696 571
715 577
732 584
750 593
