112 447
116 477
120 510
127 542
137 571
142 603
145 636
149 666
154 699
165 731
180 758
200 784
220 808
243 831
270 847
301 860
332 870
362 879
393 887
425 894
457 901
488 903
521 899
551 895
583 890
617 883
644 868
670 852
698 832
720 809
741 783
757 755
769 725
778 695
783 664
785 630
787 600
791 566
796 537
807 505
816 472
438 457
440 478
421 494
409 514
410 537
427 551
451 557
473 562
499 564
522 563
545 560
569 555
590 543
593 521
584 499
568 481
555 460
347 679
365 668
384 662
404 656
423 650
443 645
464 642
487 643
508 644
530 646
551 649
571 654
591 660
608 671
625 685
612 702
594 714
574 719
553 721
531 719
509 717
488 715
466 713
445 711
423 709
402 705
383 699
364 691
364 679
381 676
400 676
418 678
437 678
455 676
474 677
493 678
511 678
530 677
548 676
567 675
585 676
603 679
618 684
600 682
583 679
565 676
547 678
528 679
510 680
491 681
474 677
455 677
437 678
418 679
400 680
381 682
585 369
593 356
604 345
615 336
628 329
642 325
658 324
672 328
685 333
697 341
708 353
715 365
703 374
689 378
674 380
658 380
643 379
628 377
614 374
600 370
401 365
399 351
387 340
375 330
362 322
348 317
332 316
317 318
303 323
289 330
277 339
268 351
279 363
293 368
308 372
323 373
339 373
355 371
370 369
385 367
567 283
583 262
605 252
629 246
655 244
682 243
708 244
733 247
755 259
773 277
785 299
783 319
764 301
742 289
718 283
692 281
667 285
643 290
616 292
590 292
428 262
403 248
377 240
349 235
320 232
292 227
262 230
236 239
213 256
195 279
185 305
209 291
232 275
259 266
288 264
317 266
344 273
371 282
397 289
427 289
