100 395
102 408
103 423
105 438
107 451
109 466
113 480
117 493
122 506
130 519
140 530
151 539
163 546
177 550
191 550
206 549
221 547
234 544
248 540
263 538
276 538
290 538
306 538
319 534
333 530
347 526
360 520
374 514
384 505
393 493
400 481
406 468
410 454
411 440
412 425
411 411
411 397
411 382
412 368
413 353
413 339
200 354
195 362
191 372
189 382
193 391
201 397
211 395
221 392
231 391
241 391
252 391
262 390
270 385
273 375
272 365
266 356
258 349
175 458
182 450
190 445
199 439
207 433
216 430
226 428
235 426
244 422
254 420
264 421
273 424
282 427
291 431
300 435
303 443
293 446
284 448
274 450
264 451
254 453
245 455
234 456
224 458
215 459
204 460
194 459
185 461
186 460
193 456
200 451
207 446
215 442
223 440
232 440
241 439
249 437
257 435
266 436
275 437
283 439
291 441
300 443
293 444
284 442
276 440
268 439
259 438
250 440
242 442
234 443
224 443
216 445
208 448
201 453
194 458
278 302
283 297
288 293
293 291
299 288
304 285
310 284
317 284
323 285
328 287
333 291
334 297
329 300
323 302
317 303
310 303
304 304
297 304
290 304
284 304
187 310
181 308
176 306
170 305
163 304
157 305
152 307
146 309
141 313
137 317
135 323
140 327
146 328
152 328
158 328
164 327
170 325
176 323
181 320
186 316
242 262
253 253
265 243
277 237
292 235
307 235
322 236
337 237
351 240
363 246
372 258
363 269
349 271
336 268
321 266
306 265
292 266
278 269
264 272
249 274
206 268
194 268
183 267
171 267
159 267
148 270
137 272
128 277
118 283
109 291
107 302
116 297
125 291
136 288
147 286
158 284
170 283
181 281
193 281
204 279
