106 376
105 391
106 405
106 420
106 436
108 451
110 466
114 480
120 494
127 507
136 519
148 530
160 539
174 546
188 552
202 558
216 560
231 560
246 560
261 558
276 556
291 555
306 553
321 551
335 545
349 539
362 533
376 525
389 517
400 507
409 495
419 484
425 469
428 454
430 439
431 425
429 410
428 395
426 379
425 364
425 349
215 358
211 368
207 378
204 387
204 399
211 406
222 407
232 404
243 403
254 403
265 402
274 400
283 393
285 383
281 373
274 364
266 356
184 463
191 459
198 454
205 448
213 443
220 440
229 439
238 439
247 438
255 436
264 437
272 439
280 443
287 447
294 453
297 460
290 464
281 466
272 467
263 467
254 468
245 468
236 469
227 468
219 467
210 465
201 465
192 466
192 462
199 460
206 458
212 455
219 453
226 452
233 452
241 452
248 452
256 451
263 451
271 451
278 452
285 453
292 454
285 454
278 453
271 452
264 451
256 451
248 452
241 453
234 453
226 453
219 454
212 456
206 458
199 461
298 316
301 313
305 309
309 307
314 305
318 304
323 303
329 303
334 304
338 305
342 309
342 314
338 317
333 318
328 319
323 319
318 319
313 318
308 317
303 316
198 317
194 313
189 310
184 308
178 307
172 307
166 308
161 310
156 313
151 317
146 321
151 324
157 326
162 327
168 327
174 327
180 326
186 325
191 324
197 322
262 282
273 272
283 264
295 259
308 255
321 252
334 251
348 251
361 254
372 262
381 272
377 281
365 274
353 271
339 271
326 274
314 279
302 283
289 286
274 286
219 292
214 279
201 273
188 267
174 263
160 261
145 264
132 269
119 275
108 285
101 298
99 312
110 303
121 292
134 285
148 282
162 279
177 282
190 287
204 291
