154 397
153 416
154 437
155 457
157 478
161 497
165 518
173 538
180 557
189 575
201 592
212 608
225 624
240 639
255 653
271 668
284 681
299 697
311 714
327 727
343 737
364 745
384 747
405 746
423 739
441 729
456 715
468 697
473 679
479 658
488 640
500 625
517 611
533 597
547 583
559 566
569 548
582 531
590 512
595 494
601 473
398 445
386 458
376 474
374 492
380 510
397 518
415 519
433 527
444 541
462 549
479 544
494 530
507 517
511 500
504 482
496 465
489 446
297 551
315 550
332 552
349 555
365 559
382 561
400 563
417 564
435 565
453 563
470 561
487 559
496 571
487 586
481 601
473 616
461 629
446 639
431 644
413 645
396 641
381 635
366 627
352 617
339 605
326 593
315 579
305 565
299 553
313 551
326 554
339 559
353 563
365 569
378 574
392 577
405 581
420 583
434 581
448 579
462 575
477 576
473 588
462 598
450 605
437 611
422 612
408 610
394 606
381 602
368 598
355 593
342 587
330 580
318 573
306 565
498 382
502 375
508 369
516 365
524 362
532 360
540 359
549 359
557 362
565 365
572 370
574 378
567 382
559 384
550 385
541 386
533 385
524 383
515 383
506 383
385 364
378 356
371 349
363 342
354 338
345 335
335 333
325 333
314 334
305 337
297 342
302 350
310 356
319 360
329 362
339 363
349 364
359 365
369 366
379 368
514 345
526 343
537 338
547 333
558 328
569 325
581 323
593 320
604 317
616 318
621 328
618 339
607 344
595 343
582 342
569 343
558 346
546 349
535 352
523 354
423 316
407 304
389 296
371 291
351 286
331 283
311 280
291 279
271 282
253 288
237 300
254 309
275 309
296 307
317 309
336 312
356 317
375 322
394 326
414 329
