568 688
569 713
570 738
574 766
578 791
582 817
584 843
590 866
602 891
610 916
620 939
633 962
651 981
666 1001
684 1021
704 1037
724 1053
747 1067
770 1079
790 1094
815 1104
838 1110
865 1114
891 1112
914 1103
938 1089
954 1070
971 1049
987 1029
1002 1006
1014 984
1024 960
1032 937
1040 911
1047 886
1053 860
1062 835
1070 813
1081 789
1093 764
1102 739
857 705
854 729
847 751
838 775
831 798
840 822
861 832
887 836
911 840
936 841
957 831
974 814
978 789
969 766
959 743
953 718
946 694
795 919
808 908
823 900
839 894
855 888
871 883
888 879
906 879
924 881
941 877
957 873
975 876
990 884
1004 893
993 907
986 922
978 937
966 950
952 960
936 967
920 971
901 972
884 970
867 967
851 962
836 953
822 941
809 929
806 918
819 917
832 913
845 910
858 906
870 903
884 901
898 900
912 899
926 897
939 895
953 893
967 894
980 897
981 910
970 918
959 927
948 932
936 937
923 941
909 943
895 943
882 940
869 937
857 932
844 929
831 926
818 923
946 636
954 627
963 618
972 611
981 604
991 599
1001 596
1013 596
1025 598
1034 603
1042 612
1045 623
1036 629
1026 635
1015 638
1003 639
992 638
980 637
969 639
957 638
816 630
808 622
798 616
788 611
778 608
767 606
755 608
744 610
734 615
724 620
716 628
726 633
737 637
747 640
758 642
770 642
782 641
793 640
805 639
817 640
970 578
982 572
994 568
1008 565
1022 564
1036 564
1050 565
1065 565
1079 566
1091 572
1095 583
1081 584
1067 583
1053 584
1039 587
1026 589
1013 591
998 592
985 595
972 592
854 579
836 571
816 568
795 566
775 565
753 566
732 567
712 569
692 573
673 578
656 588
677 590
698 591
719 590
740 588
761 589
782 590
803 592
823 594
844 595
