211 390
220 416
234 445
246 471
262 499
277 523
293 550
307 577
319 606
329 634
340 663
356 687
379 706
404 726
428 744
455 760
483 768
513 770
543 766
574 764
602 761
632 754
663 746
692 735
720 725
746 709
772 693
797 675
816 652
829 627
844 601
863 576
876 549
883 519
890 488
897 459
899 430
896 398
897 369
892 338
891 308
389 366
386 393
369 412
352 436
361 462
384 472
413 471
439 482
465 482
486 466
512 454
540 455
568 449
590 434
593 408
577 386
550 373
409 565
422 551
437 544
454 540
473 540
491 539
508 535
525 531
542 528
560 526
578 525
597 524
613 529
629 538
622 553
608 565
594 576
578 584
562 589
545 593
528 597
511 600
493 603
476 605
458 607
440 604
425 595
415 581
414 561
428 564
443 567
458 569
474 570
490 569
505 567
519 563
533 559
547 556
562 553
577 550
592 548
608 547
607 556
593 561
580 566
566 572
552 577
538 580
524 584
509 586
493 588
478 589
462 589
447 587
434 581
421 574
552 260
560 256
569 254
579 253
589 252
599 251
609 250
619 250
630 250
640 250
649 248
640 252
631 254
621 255
610 255
601 256
591 258
581 259
572 260
562 261
374 288
366 284
357 283
348 285
339 287
330 289
322 293
314 296
305 300
298 304
290 310
300 312
309 312
319 310
328 309
337 307
346 305
354 302
363 299
371 296
490 204
500 184
517 167
536 154
555 143
575 133
598 129
620 133
642 138
662 148
679 164
687 184
663 183
642 177
620 172
596 172
574 176
553 185
533 192
512 200
372 225
364 212
349 207
334 205
317 204
301 207
285 207
269 210
255 217
244 229
237 243
237 259
254 259
268 255
282 249
297 243
312 241
328 239
344 236
359 233
