617 830
608 852
610 880
614 904
623 930
635 953
639 979
652 1001
663 1026
674 1049
683 1073
690 1100
699 1125
712 1147
729 1168
748 1186
771 1199
797 1206
822 1209
849 1209
875 1207
899 1201
925 1192
948 1183
974 1172
998 1162
1021 1150
1044 1136
1065 1123
1087 1107
1107 1090
1127 1071
1146 1056
1162 1035
1177 1013
1188 990
1200 965
1211 942
1219 916
1226 890
1233 864
717 852
713 870
701 886
692 905
701 920
718 932
736 943
754 951
772 950
793 952
811 958
830 958
850 950
863 935
867 917
857 899
853 880
695 993
713 983
733 985
751 993
769 999
790 1001
811 1000
831 1003
850 1008
869 1014
888 1018
907 1022
926 1028
925 1048
909 1062
892 1073
875 1081
856 1088
838 1095
818 1098
797 1098
777 1094
758 1089
741 1079
725 1065
714 1048
707 1030
703 1010
709 1006
724 1009
739 1012
753 1015
767 1021
780 1025
795 1028
811 1028
827 1028
843 1029
859 1029
874 1029
890 1029
906 1031
903 1043
889 1047
874 1050
859 1053
844 1055
829 1056
813 1056
797 1055
782 1053
768 1049
754 1045
741 1037
729 1028
717 1018
883 794
889 782
900 775
912 771
925 770
939 771
951 775
963 780
975 785
987 791
998 798
996 811
983 815
970 817
957 819
943 819
930 817
917 813
906 805
897 795
753 761
748 751
740 744
730 739
720 734
710 731
699 729
687 730
677 732
666 736
657 742
662 752
671 761
680 767
690 771
701 773
713 773
725 773
737 772
748 770
849 714
859 691
883 682
910 679
937 680
965 683
990 689
1012 702
1035 715
1057 729
1077 748
1076 769
1052 762
1026 756
1001 750
977 742
952 734
927 729
899 727
872 725
738 699
739 687
730 676
719 666
708 656
697 649
685 644
672 639
661 630
648 628
638 638
632 650
638 662
650 666
662 672
675 676
687 683
699 689
711 694
724 698
