896 924
904 967
913 1010
926 1056
938 1099
952 1146
966 1186
986 1229
1009 1270
1029 1311
1056 1345
1094 1377
1130 1405
1167 1430
1208 1454
1245 1473
1287 1495
1328 1518
1369 1539
1412 1559
1455 1573
1498 1581
1544 1581
1589 1576
1637 1564
1677 1545
1712 1515
1737 1476
1756 1435
1772 1394
1787 1351
1800 1308
1814 1263
1832 1217
1850 1177
1869 1133
1889 1096
1913 1056
1931 1011
1939 968
1943 919
1456 937
1438 980
1419 1028
1405 1078
1410 1131
1448 1164
1496 1175
1545 1191
1595 1212
1646 1218
1693 1203
1732 1174
1764 1129
1769 1080
1744 1034
1713 997
1693 946
1273 1254
1314 1254
1353 1257
1392 1261
1430 1264
1470 1266
1509 1268
1549 1269
1587 1264
1622 1254
1657 1241
1691 1227
1724 1212
1746 1233
1729 1266
1707 1297
1681 1325
1650 1348
1616 1363
1580 1372
1542 1376
1502 1375
1465 1368
1432 1355
1400 1336
1368 1317
1335 1299
1304 1278
1295 1258
1327 1266
1359 1274
1391 1280
1425 1284
1459 1287
1493 1291
1526 1295
1561 1293
1593 1287
1624 1278
1654 1266
1683 1251
1712 1236
1739 1220
1711 1237
1683 1254
1654 1268
1624 1280
1593 1289
1560 1295
1525 1296
1491 1294
1458 1289
1424 1285
1391 1281
1358 1274
1326 1267
1695 755
1703 740
1712 725
1725 712
1739 703
1755 697
1771 691
1787 687
1804 683
1822 686
1837 693
1842 709
1829 722
1814 733
1799 741
1782 745
1765 748
1747 749
1729 748
1712 751
1370 790
1353 775
1335 764
1314 758
1292 755
1269 755
1246 756
1224 759
1204 765
1184 774
1166 786
1185 797
1204 806
1224 812
1246 815
1269 816
1291 814
1313 810
1334 805
1355 802
1704 657
1726 642
1748 629
1771 618
1795 608
1818 598
1843 591
1869 586
1896 588
1919 601
1928 625
1902 622
1876 626
1850 630
1826 638
1802 650
1780 663
1757 674
1733 683
1706 684
1419 678
1381 661
1337 655
1294 648
1250 644
1205 642
1162 648
1122 662
1085 683
1050 710
1017 743
1060 735
1102 725
1143 715
1186 708
1231 705
1277 705
1321 710
1364 716
1409 714
