186 431
192 455
198 476
206 500
215 522
224 545
233 568
242 592
252 614
264 634
279 655
294 672
312 689
325 710
341 728
362 739
385 752
405 761
430 769
454 774
477 779
503 780
526 773
546 762
568 750
586 735
601 715
613 694
625 672
630 649
635 624
640 600
644 577
651 553
658 531
663 507
664 482
665 458
665 432
663 408
658 383
437 479
432 494
428 510
425 527
425 543
436 555
452 559
468 564
483 573
499 575
514 569
527 559
539 547
548 533
545 516
536 503
525 490
405 625
415 621
427 619
439 617
452 617
464 617
476 619
489 619
501 617
512 615
525 614
537 613
550 614
561 616
556 627
547 636
537 642
526 647
515 649
503 652
492 655
480 657
468 656
456 654
444 653
433 649
423 641
414 633
412 623
423 622
432 624
442 626
453 627
463 628
474 629
484 629
495 629
506 628
516 627
525 624
535 620
544 617
553 614
544 618
534 622
525 626
516 628
505 630
495 630
484 632
474 631
463 630
453 629
443 627
433 625
423 623
512 390
520 383
529 378
537 373
546 368
555 365
564 362
573 360
584 361
593 364
595 373
592 382
585 390
577 395
568 400
559 404
549 404
539 401
530 397
522 391
395 411
388 408
380 407
372 406
364 405
357 406
349 408
342 410
335 413
329 418
325 425
332 428
339 430
347 429
354 427
362 426
370 425
377 423
384 420
391 416
501 398
500 380
513 366
525 352
539 340
555 332
570 324
585 314
601 307
619 305
635 312
639 329
630 345
614 351
595 352
577 354
561 360
545 368
531 379
517 391
439 400
425 386
407 382
388 379
369 377
350 375
330 374
310 375
292 379
274 385
258 395
274 406
290 414
310 413
328 409
346 404
365 401
385 402
403 406
422 409
