367 456
368 471
368 488
367 504
366 520
366 536
368 552
371 568
375 584
381 599
389 614
397 628
406 641
415 654
427 665
439 676
452 686
468 692
482 697
498 704
512 709
528 713
544 715
560 715
577 714
593 712
608 708
624 703
640 698
654 691
665 680
678 669
688 656
697 642
703 628
709 612
714 597
718 581
721 566
726 549
728 533
512 480
505 490
499 501
498 513
503 523
516 526
528 528
540 530
552 533
564 530
577 531
589 533
600 529
604 517
600 505
591 497
585 486
466 574
475 568
486 567
497 565
508 564
519 564
530 566
540 568
552 568
563 569
573 571
583 575
592 579
601 585
606 594
597 599
586 600
576 602
565 603
554 604
543 604
531 604
520 603
510 601
500 599
490 594
481 588
472 583
479 579
487 577
495 575
504 574
513 574
522 575
530 576
539 578
547 579
556 580
564 582
572 584
581 586
589 588
596 592
590 596
581 596
572 596
563 596
554 595
545 594
536 593
528 592
519 591
510 590
502 589
494 586
486 584
598 438
603 434
608 429
614 425
620 423
626 421
633 422
639 423
645 426
650 430
655 435
656 442
650 444
644 446
636 446
629 446
623 445
617 443
611 440
604 440
509 422
506 416
502 411
496 408
490 407
484 406
477 405
471 405
465 407
459 409
454 413
457 418
462 422
468 425
473 427
480 429
486 430
493 430
499 428
505 426
580 401
591 390
606 386
621 386
637 387
652 389
666 391
679 398
691 408
702 419
709 432
702 443
690 434
678 425
665 418
652 412
638 408
623 407
608 409
593 408
525 392
526 380
516 374
505 372
492 372
481 374
470 378
460 382
449 385
438 389
429 397
420 406
431 404
442 400
453 396
464 394
477 395
489 395
502 395
514 395
