365 328
367 344
368 358
369 375
372 389
375 405
380 419
387 433
395 446
406 459
418 469
431 477
444 486
457 493
470 503
483 512
496 521
509 529
523 535
538 538
554 540
570 539
584 536
598 530
612 523
627 515
639 506
652 497
664 486
674 475
686 466
700 457
711 447
718 433
722 417
726 403
728 387
731 372
731 356
730 340
729 324
512 306
505 316
498 325
494 338
495 351
505 356
519 358
530 360
544 361
557 360
569 356
580 353
589 345
592 332
584 321
574 314
563 306
480 417
486 407
495 400
504 392
514 387
524 383
535 380
547 381
558 383
570 383
581 381
592 383
602 388
612 392
615 403
611 413
605 423
596 430
586 435
576 439
565 442
553 443
541 443
530 442
519 440
509 435
499 430
489 425
498 416
504 412
511 411
518 408
525 407
533 406
541 406
548 406
556 405
563 404
570 402
578 401
586 401
593 402
598 407
591 411
585 415
579 418
572 420
564 421
557 423
549 423
542 424
534 424
526 424
519 423
512 422
504 421
577 261
583 259
588 255
594 251
599 248
606 246
612 245
619 246
625 248
631 251
637 254
635 260
629 263
623 265
617 266
610 267
603 267
596 265
590 263
583 264
486 268
481 265
476 264
470 263
465 262
459 263
454 264
449 267
444 269
440 273
436 277
442 277
447 278
453 279
458 279
464 278
469 277
475 276
480 274
485 272
552 219
564 209
577 204
591 200
605 196
620 195
635 196
649 200
661 206
673 217
682 228
677 241
664 235
652 226
640 219
625 217
610 219
596 221
581 223
566 224
497 221
492 210
480 208
466 209
454 212
440 213
427 215
415 219
406 228
401 240
398 253
396 266
407 263
415 252
423 242
434 234
446 231
459 229
472 227
484 224
