252 521
256 536
260 549
264 564
269 578
275 591
283 603
294 614
306 623
320 629
333 633
348 637
362 642
376 647
391 651
404 657
418 663
432 667
447 668
461 667
476 664
490 660
504 654
517 647
530 639
543 632
555 623
566 615
578 605
587 594
598 582
603 569
608 555
613 541
612 526
612 511
613 496
611 482
608 467
605 453
602 437
395 413
393 428
387 442
378 454
377 469
387 479
402 480
417 478
432 473
447 473
463 473
478 469
489 460
484 447
471 437
460 427
453 413
368 546
374 534
385 525
397 517
409 509
421 502
435 499
449 497
462 493
477 492
492 493
505 497
518 503
528 513
525 527
520 540
512 552
501 562
489 569
477 574
464 579
450 582
437 585
422 586
408 584
395 579
383 570
375 559
370 549
378 542
388 536
397 531
407 527
418 526
430 526
441 525
452 522
462 519
473 517
484 516
496 517
507 518
510 527
502 535
493 542
484 548
474 553
464 557
454 560
443 561
432 563
421 564
409 564
398 563
388 560
377 558
457 384
461 379
467 376
472 373
478 371
484 369
491 368
497 368
504 369
510 370
516 372
515 378
509 380
503 381
496 382
490 383
483 384
476 384
469 384
463 383
364 392
359 390
353 388
347 387
340 386
334 387
328 389
323 392
318 395
312 399
307 402
313 404
320 405
326 405
333 405
339 404
345 402
351 401
357 399
362 397
437 347
444 334
457 329
472 327
486 324
501 322
516 321
530 326
542 334
553 345
561 357
562 369
550 361
537 355
524 350
509 347
494 347
479 350
465 354
449 353
380 369
375 356
362 350
347 347
332 346
317 348
302 349
289 356
277 365
268 377
261 389
257 403
271 401
283 391
293 379
306 374
321 372
336 371
351 372
366 373
