303 369
306 395
310 420
323 445
331 469
341 493
353 517
364 542
372 567
381 594
392 617
403 641
415 665
435 683
457 698
481 708
506 714
533 716
558 716
586 709
613 703
634 693
660 679
680 663
699 643
717 624
736 606
754 586
773 566
788 545
802 522
816 500
821 473
826 447
832 421
835 396
838 369
839 344
841 317
843 289
844 262
438 315
435 336
424 357
418 376
425 398
447 399
465 411
487 413
510 407
531 403
553 397
570 383
572 361
555 345
535 336
528 316
523 293
422 504
439 496
456 490
475 485
494 483
513 481
532 479
552 477
571 475
591 475
612 475
631 477
642 492
637 510
628 526
615 541
601 556
586 567
570 577
552 582
533 585
513 585
494 583
475 579
459 569
448 554
437 538
429 521
448 504
461 497
475 495
490 494
505 491
519 490
534 489
550 489
564 487
578 483
592 481
607 480
622 479
630 490
621 501
611 513
600 524
589 533
577 541
564 547
550 550
535 551
520 552
505 551
492 546
480 536
470 525
458 515
550 226
557 217
564 207
573 201
584 198
596 198
608 199
619 201
630 203
640 207
650 211
652 221
642 226
631 228
619 228
607 229
596 231
584 230
573 227
562 226
435 234
426 229
417 227
407 226
397 224
387 223
377 221
367 222
359 226
351 233
348 243
354 251
362 255
373 255
383 253
392 251
402 249
411 246
420 243
429 240
514 175
519 153
539 143
560 135
581 128
604 124
628 126
651 128
674 131
694 140
713 154
710 176
689 183
667 179
645 174
620 173
596 174
572 175
551 182
531 191
419 179
409 167
396 159
382 155
368 151
352 151
336 151
320 153
307 160
299 172
295 187
299 201
313 206
326 200
341 196
355 192
371 191
386 193
401 195
417 194
