366 373
370 387
373 401
376 418
379 432
384 447
390 462
396 476
403 489
412 502
422 513
433 523
445 533
458 541
471 549
484 558
496 566
510 574
524 580
539 583
555 583
570 580
584 575
598 567
610 559
623 550
634 539
645 527
654 516
663 504
673 491
682 478
688 464
691 449
692 434
692 419
693 404
694 388
693 373
692 358
690 341
494 359
489 370
482 380
484 392
490 403
502 404
516 405
525 412
537 418
549 415
558 407
569 400
581 397
588 388
585 375
579 366
569 356
458 453
468 448
480 444
491 441
503 438
515 438
528 437
541 437
553 435
565 434
577 432
589 429
601 426
613 426
615 436
606 443
595 450
585 455
574 461
564 466
552 469
540 471
527 471
515 470
503 469
491 467
479 465
467 461
460 455
471 453
483 452
494 450
505 448
517 450
529 451
541 450
552 448
563 446
574 443
584 440
595 437
606 434
615 433
605 437
594 441
584 445
574 449
563 452
553 455
541 457
530 458
518 459
506 459
494 459
482 459
470 458
566 294
569 289
574 286
579 283
583 280
589 277
594 276
600 275
606 276
611 278
616 280
617 286
612 289
607 290
601 291
595 292
589 293
583 292
577 292
571 293
478 305
473 302
468 299
462 297
456 295
450 294
444 295
438 297
433 300
428 304
423 308
428 311
434 313
440 314
447 314
453 313
459 312
465 311
472 310
478 310
540 259
550 249
563 245
575 240
588 236
601 233
614 231
628 230
641 234
652 242
661 253
659 266
645 263
632 259
618 258
604 259
590 260
577 263
564 267
550 268
485 261
474 257
462 256
450 255
438 255
426 257
415 260
405 265
395 272
388 281
383 291
395 291
406 286
416 282
427 278
438 275
450 273
462 272
473 274
485 273
