338 465
341 478
345 492
349 504
353 518
358 532
361 546
366 558
372 571
378 584
385 596
393 608
402 618
414 626
426 633
439 640
451 644
465 647
479 649
494 649
508 649
521 648
536 645
548 640
562 635
574 629
587 623
599 615
609 605
617 595
625 583
633 570
638 558
641 545
642 530
642 516
643 502
644 487
644 474
645 460
646 445
455 437
452 448
444 456
440 468
439 480
447 489
459 491
471 490
483 490
495 490
507 489
518 485
524 475
525 462
521 451
511 445
503 436
429 535
435 527
443 520
451 517
460 514
470 513
481 514
490 512
499 509
508 506
518 505
528 505
538 506
546 510
554 516
548 524
540 530
532 534
523 538
515 542
505 544
496 546
486 546
476 546
466 546
456 545
446 543
437 541
432 537
440 534
448 531
456 529
464 527
472 525
481 524
490 524
499 523
508 521
516 520
525 518
534 517
543 517
552 517
543 518
534 517
525 518
516 520
508 522
500 524
491 525
482 525
472 525
464 527
456 530
448 532
440 534
517 392
522 387
527 382
533 378
539 375
545 374
552 372
559 372
566 373
572 375
578 378
579 384
572 385
565 387
559 388
552 390
545 390
539 391
532 392
524 393
434 405
432 400
427 397
421 395
415 393
409 392
402 391
396 392
390 393
384 396
379 400
375 405
381 407
387 408
394 408
401 407
407 407
414 406
421 406
427 406
492 358
498 348
508 342
519 338
530 335
542 334
554 333
566 333
578 334
589 338
598 346
591 351
581 347
569 345
557 346
547 350
536 353
525 356
514 359
502 362
425 367
423 357
413 351
403 348
391 348
381 351
370 354
360 356
350 360
343 369
339 379
339 391
345 382
352 373
361 366
371 363
383 364
393 366
404 368
415 369
