972 955
977 999
983 1042
988 1086
994 1130
1005 1173
1018 1216
1037 1261
1055 1300
1074 1339
1096 1382
1117 1422
1143 1458
1173 1492
1207 1521
1243 1545
1282 1565
1327 1583
1370 1592
1413 1596
1461 1596
1504 1589
1546 1570
1583 1548
1622 1524
1662 1505
1704 1488
1746 1466
1779 1439
1807 1402
1828 1365
1848 1323
1868 1281
1887 1243
1905 1201
1918 1157
1928 1112
1935 1071
1941 1025
1947 979
1955 933
1308 986
1287 1013
1264 1043
1249 1077
1261 1110
1291 1132
1326 1149
1361 1162
1396 1164
1432 1161
1469 1153
1503 1141
1535 1120
1546 1085
1534 1050
1514 1021
1487 992
1205 1256
1232 1248
1261 1243
1290 1240
1321 1239
1349 1246
1378 1250
1408 1248
1439 1246
1470 1246
1499 1249
1527 1256
1554 1265
1577 1280
1562 1305
1541 1327
1518 1344
1492 1356
1464 1362
1433 1363
1403 1361
1373 1359
1344 1354
1317 1346
1292 1333
1268 1318
1244 1301
1222 1279
1242 1259
1266 1260
1290 1261
1312 1265
1334 1270
1356 1277
1378 1281
1402 1280
1426 1278
1449 1275
1472 1272
1495 1270
1519 1269
1543 1270
1566 1273
1545 1277
1522 1280
1497 1280
1473 1279
1449 1279
1425 1281
1402 1283
1378 1282
1354 1279
1332 1275
1310 1270
1288 1265
1265 1262
1537 799
1554 781
1568 763
1586 745
1606 734
1628 728
1653 729
1676 732
1699 736
1720 746
1736 763
1735 788
1717 804
1696 814
1675 821
1651 822
1627 819
1604 815
1581 811
1559 805
1292 781
1275 765
1259 748
1241 732
1222 722
1198 723
1175 725
1154 730
1134 739
1115 750
1103 769
1112 789
1129 804
1149 813
1171 818
1195 818
1217 815
1240 812
1262 807
1282 800
1460 718
1492 691
1532 683
1575 680
1616 674
1656 665
1696 658
1739 659
1776 674
1809 698
1832 732
1800 734
1763 720
1722 714
1679 713
1637 718
1595 722
1556 731
1519 746
1479 753
1334 741
1323 708
1290 692
1254 684
1218 675
1181 667
1146 657
1110 648
1074 656
1044 680
1021 710
1010 745
1042 729
1075 712
1114 710
1151 716
1189 721
1226 728
1262 738
1297 748
