376 518
380 533
381 549
383 566
384 583
388 600
392 615
397 630
401 646
409 661
419 674
430 688
441 699
455 709
469 717
484 724
499 730
515 736
531 740
547 743
564 744
581 742
596 740
612 734
627 728
643 720
655 711
670 700
681 690
694 678
705 666
713 651
721 637
726 622
730 605
733 589
734 572
737 556
739 540
741 524
744 506
508 506
503 517
501 529
502 540
509 550
522 549
533 549
543 555
555 554
566 548
578 547
591 548
599 539
599 528
596 516
591 505
588 493
482 608
492 603
502 600
513 597
523 594
534 592
545 592
557 591
569 591
580 591
591 593
602 595
612 598
623 601
624 611
615 619
606 626
597 631
587 634
575 635
564 636
552 636
541 636
530 634
519 631
510 626
500 621
491 615
493 610
503 610
512 609
521 608
530 607
540 607
549 608
559 608
568 608
578 607
587 607
597 607
606 608
615 607
624 605
615 607
606 608
597 608
587 607
578 607
568 608
559 608
549 608
540 608
531 608
521 609
512 609
503 610
593 440
599 434
605 427
611 422
618 417
626 414
634 413
643 413
651 414
659 417
665 421
666 430
660 435
652 439
644 440
636 441
627 440
619 439
610 439
601 440
494 433
488 428
481 424
474 420
466 418
458 417
450 417
442 418
434 421
428 426
423 432
429 438
436 442
444 444
452 444
460 443
469 442
477 441
485 441
494 440
586 396
594 385
605 377
617 374
631 372
645 371
659 369
672 371
685 375
696 382
705 392
704 403
693 395
680 391
667 389
653 388
638 389
625 391
612 394
600 398
499 391
489 383
477 381
465 379
452 379
439 379
426 381
414 383
403 388
393 395
388 406
400 404
413 403
425 400
437 398
450 399
462 401
474 403
486 405
498 404
