378 551
380 566
382 583
384 598
387 615
392 631
397 645
404 660
413 674
423 686
436 694
451 704
464 711
478 720
491 729
506 735
522 741
537 746
552 749
569 753
584 757
600 759
616 763
631 761
648 757
662 749
675 741
687 731
700 720
711 708
719 695
725 679
731 664
735 648
737 633
742 617
745 601
748 585
752 570
755 554
757 537
593 534
590 545
591 556
596 566
605 572
617 572
628 571
639 572
648 579
659 576
670 572
680 570
687 561
689 550
687 539
683 528
676 519
543 625
555 623
567 623
579 621
590 619
602 618
614 620
626 619
637 620
649 619
662 619
673 620
684 623
694 628
691 639
684 648
674 653
663 656
651 658
639 658
627 658
615 657
604 654
593 650
583 646
573 641
562 637
552 633
551 624
559 627
568 629
578 630
588 630
598 631
607 630
617 630
627 631
637 631
647 631
657 631
666 631
676 631
686 630
676 631
667 631
657 631
647 632
637 631
627 631
617 631
607 631
598 631
588 631
578 630
568 630
559 628
670 462
674 455
681 450
688 447
695 444
702 441
709 438
717 437
725 438
732 442
734 450
735 458
732 465
725 469
717 470
709 469
701 468
693 466
685 465
678 463
578 452
574 445
567 440
559 437
549 437
541 438
532 439
524 441
516 444
508 447
501 452
508 456
516 460
524 462
533 463
542 464
551 464
560 464
569 463
578 461
681 416
686 409
694 405
701 400
708 395
716 391
725 389
734 387
743 387
752 389
759 394
758 402
748 402
739 402
730 404
722 406
714 410
705 412
697 416
689 419
584 401
571 395
555 395
539 396
523 398
509 402
495 407
481 412
468 420
456 431
448 444
462 438
475 431
489 425
503 420
518 417
533 415
550 416
565 417
581 415
