153 386
154 396
154 408
153 420
154 432
155 444
156 456
158 467
160 479
164 491
171 501
177 509
186 518
196 525
205 532
214 539
224 546
235 552
245 557
257 560
269 562
280 562
291 560
304 556
314 553
323 546
332 538
343 531
351 523
360 515
367 506
373 495
379 485
383 474
386 463
389 451
392 440
396 429
400 418
402 406
404 394
257 370
250 379
245 387
242 398
248 407
258 409
269 411
279 416
289 419
300 418
310 418
321 416
330 409
330 400
325 390
321 380
314 371
219 460
224 451
232 446
241 443
250 440
259 437
270 436
280 437
290 438
299 441
308 445
317 449
325 454
332 462
336 471
331 479
323 485
314 490
305 494
295 496
285 497
275 496
265 494
256 492
247 488
239 483
231 476
223 468
229 456
236 454
243 452
250 452
258 452
265 451
273 452
280 453
287 454
295 454
302 454
309 456
316 458
322 461
327 466
320 468
313 469
306 471
298 472
291 472
283 473
276 473
268 472
261 471
254 470
247 467
241 464
235 461
324 343
328 341
332 339
336 336
341 335
345 334
350 334
355 335
359 336
363 339
366 343
367 347
362 349
357 349
352 348
347 348
342 347
338 346
333 344
328 344
254 337
253 333
249 330
245 327
241 325
236 323
231 322
226 323
222 324
217 327
213 329
209 332
213 334
218 336
223 337
228 338
233 338
238 338
243 338
248 337
314 309
317 300
327 297
337 296
347 297
358 298
368 299
378 301
386 305
394 312
400 320
399 330
390 326
381 322
372 319
362 317
353 314
342 314
332 316
322 316
276 305
272 295
262 290
251 286
240 284
228 284
217 286
206 289
196 294
187 300
181 310
179 321
189 318
198 312
208 306
219 303
231 303
243 305
254 306
265 308
