741 2116
742 2170
738 2233
746 2287
754 2348
766 2407
790 2460
814 2515
842 2565
879 2611
925 2649
973 2680
1020 2717
1073 2741
1133 2761
1187 2778
1239 2802
1296 2831
1351 2838
1412 2833
1468 2826
1529 2813
1583 2793
1636 2773
1693 2751
1745 2725
1802 2700
1849 2673
1898 2634
1944 2595
1988 2555
2027 2518
2067 2471
2099 2419
2122 2364
2136 2312
2145 2252
2154 2190
2163 2132
2168 2076
2171 2013
1206 1829
1189 1874
1167 1918
1151 1962
1163 2008
1209 2027
1258 2016
1302 2037
1350 2043
1394 2018
1436 1995
1485 1985
1522 1955
1530 1908
1504 1867
1462 1843
1452 1795
1114 2306
1153 2279
1193 2253
1235 2232
1280 2220
1327 2209
1376 2204
1424 2199
1475 2198
1524 2204
1571 2212
1617 2224
1661 2238
1669 2285
1645 2326
1615 2364
1578 2399
1539 2426
1497 2446
1454 2463
1408 2474
1360 2482
1309 2482
1261 2474
1218 2458
1178 2432
1142 2395
1122 2353
1135 2303
1171 2280
1208 2262
1244 2242
1283 2230
1324 2220
1368 2217
1411 2212
1455 2209
1498 2213
1540 2221
1579 2233
1621 2241
1663 2247
1640 2282
1606 2309
1573 2336
1538 2361
1501 2381
1462 2393
1423 2405
1382 2414
1338 2419
1294 2420
1250 2417
1212 2403
1178 2375
1157 2339
1554 1696
1565 1678
1582 1662
1600 1648
1619 1639
1639 1633
1662 1630
1685 1630
1707 1632
1730 1634
1751 1639
1746 1658
1727 1666
1706 1671
1685 1677
1664 1683
1642 1686
1620 1688
1598 1691
1576 1695
1134 1748
1115 1740
1094 1735
1071 1734
1049 1736
1027 1739
1006 1743
985 1748
965 1755
946 1764
928 1777
950 1774
972 1772
995 1771
1018 1769
1039 1766
1061 1763
1083 1760
1106 1759
1129 1760
1479 1502
1518 1470
1562 1453
1611 1445
1662 1444
1713 1447
1764 1450
1815 1451
1866 1453
1910 1473
1947 1508
1912 1532
1860 1531
1808 1531
1757 1534
1706 1535
1655 1532
1605 1529
1555 1535
1507 1542
1076 1566
1036 1556
992 1559
953 1571
913 1581
872 1590
831 1601
794 1617
760 1643
735 1677
727 1719
770 1722
811 1714
850 1702
888 1685
924 1666
962 1648
1004 1642
1048 1644
1073 1610
