516 696
518 718
519 740
520 762
522 784
527 806
533 827
541 848
552 869
564 887
577 906
591 921
610 936
627 950
644 965
661 980
679 993
699 1003
719 1009
743 1014
763 1016
786 1013
806 1005
827 996
847 988
869 978
888 967
905 954
922 938
937 920
951 903
965 887
979 868
989 848
998 827
1005 806
1010 786
1018 763
1026 742
1033 721
1039 699
722 682
715 696
705 709
700 725
702 740
718 747
733 751
745 763
760 769
775 765
787 753
804 748
819 744
825 729
819 714
807 701
805 685
653 826
666 812
682 805
697 797
714 792
732 794
749 798
767 801
786 800
804 799
822 801
837 809
853 816
868 824
861 840
851 854
837 866
821 874
806 881
789 886
771 888
753 887
735 885
717 882
701 876
686 868
672 855
662 841
661 825
674 820
687 816
701 814
717 815
730 818
744 821
760 821
774 820
789 819
804 818
819 818
834 819
848 822
852 833
840 840
827 846
814 850
800 852
785 854
770 854
755 854
740 854
725 853
711 851
697 847
685 841
672 834
824 624
832 619
839 613
847 608
855 604
864 601
874 602
884 603
892 606
900 611
908 617
908 627
899 630
890 632
880 633
870 633
860 632
851 631
842 629
833 627
704 620
703 611
696 604
688 599
680 594
671 592
661 591
652 592
643 594
634 598
627 604
619 611
627 617
635 621
644 623
654 623
664 623
675 623
684 622
694 621
806 567
821 553
840 549
860 547
880 547
901 546
921 547
940 552
958 558
974 569
985 585
972 592
956 580
938 573
919 571
898 572
878 573
858 575
839 578
820 581
710 552
694 544
676 539
657 535
638 533
618 531
599 533
582 541
567 554
557 569
553 588
566 574
581 561
598 553
617 550
636 552
654 556
672 561
690 566
710 568
