315 898
332 937
349 976
363 1013
379 1055
394 1095
407 1136
423 1174
446 1209
477 1238
511 1267
544 1292
578 1318
614 1342
654 1359
694 1375
732 1391
771 1406
811 1420
851 1434
895 1443
935 1447
979 1448
1022 1446
1062 1436
1096 1415
1124 1379
1145 1345
1172 1308
1196 1274
1220 1240
1242 1202
1262 1167
1279 1127
1293 1085
1305 1043
1316 1006
1324 961
1330 921
1334 876
1333 833
918 771
907 800
882 822
863 848
866 880
892 904
918 924
948 936
979 945
1011 949
1044 939
1073 919
1094 896
1105 866
1090 837
1081 805
1070 771
768 1085
791 1062
816 1043
843 1028
871 1016
900 1007
931 1002
962 1006
992 1013
1024 1011
1057 1010
1084 1023
1108 1046
1127 1071
1119 1100
1111 1129
1098 1157
1074 1180
1047 1193
1016 1199
983 1200
952 1194
923 1186
895 1175
868 1163
841 1148
815 1129
791 1109
785 1090
806 1079
828 1070
851 1063
875 1058
901 1056
926 1055
953 1054
978 1056
1004 1057
1030 1058
1056 1058
1082 1060
1106 1066
1118 1086
1098 1101
1076 1112
1053 1119
1030 1125
1005 1128
979 1127
953 1126
927 1124
902 1120
878 1117
853 1114
829 1109
806 1101
1048 674
1056 660
1069 650
1084 642
1099 636
1115 633
1133 633
1149 637
1164 643
1179 651
1192 661
1200 675
1184 680
1168 683
1150 683
1133 682
1116 681
1099 679
1082 677
1065 677
822 654
808 644
792 636
775 630
757 627
738 627
720 629
704 634
688 643
673 654
659 665
676 669
694 673
712 676
730 678
749 679
768 678
786 675
804 673
822 671
1048 567
1064 538
1094 525
1126 518
1160 512
1193 507
1229 507
1262 514
1288 537
1302 566
1307 600
1305 632
1292 601
1276 573
1247 554
1212 553
1178 559
1145 564
1112 571
1079 577
882 525
844 504
803 492
761 482
716 477
671 480
629 491
590 511
556 540
532 577
518 617
554 592
587 560
621 528
661 512
704 520
743 535
784 549
826 559
870 564
