500 781
507 800
515 821
523 841
532 863
543 882
554 900
568 919
584 935
601 949
620 960
639 972
657 982
679 990
699 1001
719 1010
740 1015
762 1016
784 1017
807 1018
830 1017
849 1006
869 995
889 985
907 973
922 958
936 942
951 923
964 905
977 887
992 870
1002 852
1010 830
1014 809
1017 786
1019 764
1018 742
1019 720
1023 697
1026 676
1026 653
695 716
689 731
683 749
680 766
689 780
703 791
720 793
738 788
754 781
771 777
789 773
804 767
819 756
825 741
817 725
804 713
796 696
667 866
682 859
698 852
716 851
733 848
750 844
767 842
784 838
800 834
816 829
833 825
849 820
865 816
884 815
888 830
876 844
861 852
846 859
831 866
815 872
800 878
784 883
767 887
749 889
731 888
714 885
697 882
681 877
670 868
686 868
702 865
717 862
734 861
749 858
765 856
781 854
795 848
810 843
825 839
839 834
853 828
867 823
879 819
865 826
851 831
836 836
822 841
807 845
793 851
779 856
763 859
747 860
731 861
715 864
700 867
685 871
791 619
795 610
803 601
812 594
821 589
831 585
842 582
853 581
865 582
876 583
886 587
886 597
876 601
865 603
855 606
844 608
833 610
822 612
811 614
800 615
664 648
656 644
647 642
638 641
628 641
619 642
610 644
602 647
594 652
587 658
581 665
590 667
599 668
608 666
617 665
626 663
635 660
644 658
652 656
661 654
774 565
780 551
792 539
807 532
822 528
837 524
852 518
868 516
884 518
899 523
913 530
918 543
901 544
884 545
868 547
852 550
836 552
820 555
804 557
788 560
662 594
648 584
633 579
616 576
598 577
581 580
564 582
549 588
535 598
523 611
513 625
530 623
545 618
562 614
578 611
596 609
613 610
631 611
648 614
665 611
