529 670
528 690
527 711
525 733
528 753
532 775
536 796
540 816
547 836
558 856
568 873
580 891
592 907
605 924
621 941
636 955
653 968
670 980
690 989
711 994
731 993
753 992
773 990
794 985
815 979
835 971
853 962
874 954
892 943
906 929
923 915
936 897
949 880
960 864
968 843
971 822
976 802
982 780
989 761
996 742
1003 720
699 656
689 668
681 682
680 697
690 709
703 720
714 729
729 735
745 738
761 738
775 733
791 727
804 718
813 706
815 689
805 678
797 664
628 763
647 760
667 761
687 761
707 762
726 765
744 770
764 770
784 772
802 777
820 781
838 786
844 803
834 819
821 834
806 847
791 857
774 865
757 871
737 873
718 870
700 865
683 857
668 847
654 832
644 816
636 799
632 781
639 769
653 773
668 777
683 780
697 784
712 787
727 788
742 791
758 792
774 792
790 792
806 793
822 793
830 805
818 815
805 822
792 828
778 833
764 837
748 839
733 837
718 834
704 829
691 823
678 815
666 805
654 795
644 783
817 594
825 589
834 586
844 584
855 584
865 584
876 585
886 586
895 588
905 591
913 596
906 598
897 595
887 592
878 590
868 589
857 589
847 589
837 591
827 593
699 577
691 571
683 567
674 565
665 563
655 562
646 561
636 561
626 561
616 562
608 566
618 567
628 567
637 568
647 569
656 570
666 571
675 573
684 575
693 578
810 539
818 525
834 522
849 526
865 529
881 531
898 533
913 538
926 546
939 558
947 572
944 585
930 577
915 570
901 565
886 559
871 555
854 553
837 554
821 552
726 535
722 518
706 510
689 505
671 503
653 500
635 497
616 496
599 500
583 509
573 524
567 540
586 540
602 534
619 529
638 530
657 532
675 534
692 538
710 541
