360 430
359 444
358 459
357 473
356 489
357 503
357 517
361 531
367 544
372 559
381 570
391 580
402 591
414 599
426 606
441 611
454 616
468 621
482 624
497 627
511 630
525 631
541 632
555 633
570 632
584 628
596 620
606 608
614 597
622 584
629 572
635 558
640 544
644 531
648 516
650 502
652 487
653 472
654 458
654 443
655 428
500 426
497 437
493 449
489 459
492 471
502 476
513 474
526 475
538 477
549 480
560 474
572 473
579 465
580 453
573 443
567 433
560 423
464 532
472 526
482 521
491 518
501 515
511 513
522 512
533 513
544 513
555 511
566 511
576 513
586 517
595 522
596 533
587 540
579 548
571 555
562 560
552 562
540 562
529 561
519 560
509 557
499 554
490 549
481 545
472 539
475 533
483 531
490 530
498 527
505 525
513 524
522 523
530 523
538 524
547 524
555 524
563 526
571 527
580 527
586 529
579 532
571 533
563 534
555 535
547 536
539 538
531 537
523 536
515 535
507 535
499 536
490 537
482 536
557 371
560 365
564 360
569 355
575 352
581 350
588 349
594 350
601 351
607 354
612 358
614 364
610 370
604 372
597 373
591 374
583 374
577 374
569 374
563 372
476 374
470 371
464 369
458 367
451 367
444 367
438 368
432 370
426 372
421 377
418 383
423 387
429 389
436 390
443 389
449 388
455 386
461 384
467 382
473 380
554 320
557 311
564 305
572 301
581 299
590 300
600 300
608 299
618 298
626 301
633 308
631 316
622 315
612 314
603 315
595 318
586 321
578 324
570 327
561 327
492 333
487 324
478 319
467 316
456 316
444 317
433 317
421 318
411 321
401 326
393 333
403 336
413 334
424 332
436 332
446 335
456 338
467 341
477 344
488 343
