648 868
646 895
645 925
645 956
648 983
654 1012
664 1041
676 1068
688 1093
702 1121
719 1144
740 1162
765 1179
791 1197
814 1213
838 1229
863 1244
890 1257
918 1268
947 1277
973 1282
1005 1280
1034 1277
1063 1270
1089 1257
1111 1240
1133 1218
1153 1198
1175 1178
1199 1159
1221 1141
1243 1120
1257 1097
1270 1068
1281 1041
1291 1013
1301 986
1309 957
1311 930
1312 900
1305 870
972 881
956 898
942 916
930 939
936 962
957 973
981 980
1002 987
1027 992
1050 991
1071 976
1093 968
1115 963
1120 941
1113 916
1099 898
1081 879
858 1039
880 1039
903 1039
925 1038
946 1037
968 1036
990 1037
1012 1038
1033 1037
1055 1035
1077 1035
1097 1039
1116 1046
1136 1051
1124 1066
1108 1081
1091 1092
1072 1100
1051 1104
1030 1105
1007 1105
986 1103
966 1098
946 1093
927 1086
909 1077
892 1065
875 1050
889 1048
906 1051
923 1054
940 1056
958 1056
976 1057
993 1059
1011 1061
1029 1062
1047 1061
1064 1059
1082 1058
1100 1058
1118 1057
1134 1054
1117 1058
1099 1058
1082 1060
1064 1061
1046 1062
1028 1063
1010 1062
993 1061
975 1059
958 1058
939 1058
922 1057
904 1055
1090 800
1096 788
1107 777
1118 770
1130 765
1143 761
1156 757
1170 756
1184 758
1196 762
1207 771
1211 784
1199 791
1187 796
1175 801
1161 803
1147 804
1133 802
1119 800
1105 800
930 782
918 773
907 766
895 760
882 755
868 753
853 752
839 755
827 759
815 766
803 774
813 785
825 793
837 797
852 799
866 799
881 798
895 797
909 795
923 793
1081 736
1090 717
1108 704
1127 697
1148 691
1169 687
1190 683
1213 685
1233 691
1251 702
1265 719
1265 735
1247 724
1227 715
1207 710
1184 709
1162 713
1141 717
1122 725
1103 735
946 715
926 703
906 694
885 685
862 681
837 682
813 684
790 688
768 695
749 706
735 725
756 718
778 711
800 705
824 702
847 705
870 709
892 715
914 722
935 729
