439 744
458 755
479 769
499 781
519 792
540 803
561 816
580 826
601 838
623 847
645 853
669 859
692 862
714 864
738 866
764 866
785 865
809 864
832 863
856 859
880 852
899 840
919 828
937 811
949 791
953 769
954 745
953 721
953 699
958 674
966 653
972 629
977 608
981 584
984 561
986 536
984 515
975 493
962 473
949 453
937 431
795 544
793 564
786 584
780 602
784 624
800 634
818 627
836 616
857 616
877 616
893 601
906 585
918 570
915 550
899 537
883 524
866 511
762 733
776 730
789 724
802 718
816 713
828 706
841 698
853 692
866 686
879 680
892 672
904 663
915 653
927 644
925 659
924 674
922 689
917 702
908 714
895 720
881 725
867 729
853 732
839 735
824 736
808 736
792 736
777 736
768 734
780 728
793 723
806 718
820 720
835 718
847 711
856 700
866 689
877 681
889 674
901 666
912 656
923 647
925 660
924 675
922 689
917 702
907 713
895 720
883 725
869 728
855 731
841 733
827 735
813 736
798 736
783 736
823 424
824 416
826 407
829 399
834 392
840 385
847 379
855 376
864 374
873 374
880 380
884 388
883 397
877 404
870 409
863 414
855 418
847 421
839 423
831 426
709 496
704 486
693 481
682 477
669 476
657 479
646 484
636 491
627 500
617 509
610 519
606 530
619 530
631 527
642 524
654 521
666 518
677 514
688 509
699 504
816 403
820 390
827 379
835 367
843 356
852 345
861 334
869 322
877 311
889 303
903 302
908 314
897 324
886 332
875 342
864 352
855 363
847 374
838 385
827 396
746 420
717 417
689 421
660 423
632 428
605 436
581 449
558 467
536 485
516 507
504 532
528 520
552 506
576 491
600 479
625 467
651 459
679 453
706 447
733 440
