456 662
466 682
477 701
491 720
506 737
521 754
538 768
555 784
572 800
589 816
607 830
625 842
648 849
670 853
692 855
715 857
739 858
762 860
785 859
808 857
830 853
850 846
872 837
891 823
907 808
920 788
929 769
934 745
938 723
939 700
940 678
938 655
939 633
940 608
940 586
938 564
934 542
927 520
918 499
910 478
902 454
724 542
723 559
717 577
716 596
726 612
743 618
761 614
778 608
797 602
813 592
829 581
844 571
855 556
852 538
838 527
822 516
810 501
723 733
732 721
744 713
756 704
766 692
778 683
790 675
801 666
814 658
826 649
838 642
851 637
866 634
880 636
887 649
885 664
879 677
870 689
860 700
848 710
836 717
823 723
810 728
796 732
781 734
766 736
752 737
736 737
730 723
740 716
750 709
759 703
769 696
779 690
788 682
798 676
808 670
819 665
828 659
838 653
849 649
861 647
871 651
864 661
858 671
848 679
838 684
828 689
817 693
807 698
797 703
787 709
776 714
765 717
754 719
743 722
774 426
776 417
781 409
788 403
796 398
804 393
812 389
821 387
831 387
840 388
847 392
845 401
841 409
834 416
827 422
819 425
810 427
800 428
790 428
781 430
643 485
632 482
621 481
609 482
599 486
589 491
580 497
571 504
562 513
556 522
550 532
562 533
573 532
583 528
593 525
604 521
614 517
623 511
632 504
641 496
736 378
734 362
742 348
754 336
767 327
781 319
794 311
808 302
823 297
839 298
853 305
861 316
845 312
829 314
814 319
800 327
787 337
775 348
763 360
751 373
644 397
622 397
603 404
584 413
564 420
544 428
525 437
507 450
492 467
482 486
475 505
492 490
508 474
525 460
544 449
563 441
583 433
604 427
625 423
645 417
