696 637
693 667
694 698
700 728
708 758
716 787
725 820
731 850
738 880
746 910
755 941
768 970
788 993
812 1012
839 1026
870 1036
900 1039
930 1039
962 1035
995 1030
1024 1030
1055 1034
1087 1040
1118 1045
1148 1046
1180 1042
1208 1034
1237 1020
1261 998
1279 974
1293 946
1304 917
1316 887
1329 859
1342 830
1355 802
1368 775
1379 745
1386 714
1387 684
1386 650
981 609
970 628
958 646
944 665
940 688
955 705
975 712
999 713
1019 719
1043 722
1065 721
1087 711
1102 696
1104 672
1093 653
1080 633
1076 610
877 834
892 822
908 813
925 805
941 797
957 788
975 783
994 783
1014 785
1033 786
1051 790
1068 798
1084 806
1100 815
1116 825
1127 839
1109 843
1090 845
1070 846
1050 846
1030 846
1010 845
992 843
973 839
955 835
936 833
916 834
897 835
900 829
914 823
929 818
943 814
959 810
974 807
992 807
1008 808
1024 810
1041 811
1056 814
1071 818
1086 823
1101 828
1116 832
1104 831
1089 826
1074 821
1060 816
1044 815
1028 817
1011 819
995 817
979 815
962 816
946 819
931 823
916 827
1107 549
1118 543
1129 535
1139 524
1150 516
1162 512
1176 512
1190 514
1202 518
1214 524
1225 534
1228 546
1215 550
1201 549
1187 547
1174 545
1160 543
1146 544
1132 542
1120 547
953 543
943 536
932 526
921 517
910 510
897 505
884 501
870 501
856 503
844 509
833 518
827 530
840 535
854 536
868 536
883 536
898 536
912 535
926 538
939 541
1086 455
1091 431
1114 423
1140 420
1165 424
1189 430
1213 436
1236 443
1258 453
1279 467
1298 484
1305 502
1285 487
1263 475
1239 469
1213 468
1187 466
1162 463
1136 461
1110 460
958 417
936 409
912 410
888 411
864 414
841 419
819 424
798 435
780 451
764 469
748 487
769 479
790 470
811 461
831 451
855 448
879 446
902 443
926 441
949 437
