655 963
663 994
670 1022
677 1056
687 1086
699 1116
715 1145
732 1170
752 1196
776 1219
798 1240
820 1264
843 1290
866 1311
895 1322
927 1328
959 1329
993 1326
1025 1322
1055 1317
1087 1307
1118 1295
1146 1281
1172 1264
1201 1250
1227 1234
1255 1212
1279 1195
1304 1171
1324 1148
1342 1122
1354 1089
1367 1060
1372 1031
1373 998
1377 965
1379 932
1378 901
1375 869
1370 836
1362 804
818 897
808 919
810 944
807 971
819 990
844 999
870 1004
896 1001
922 995
946 990
971 987
996 980
1012 960
1005 936
984 920
962 908
948 885
797 1104
817 1098
835 1090
855 1085
876 1082
898 1084
919 1082
939 1076
959 1072
981 1071
1003 1072
1024 1074
1046 1075
1067 1078
1077 1089
1058 1095
1038 1101
1019 1107
1000 1114
980 1120
960 1124
940 1129
919 1131
896 1131
875 1129
855 1125
835 1120
815 1114
814 1107
832 1106
849 1106
866 1104
883 1103
900 1101
918 1100
934 1098
951 1096
968 1094
985 1094
1003 1093
1020 1091
1036 1089
1052 1088
1035 1090
1018 1092
1001 1094
984 1095
967 1096
951 1099
934 1101
917 1102
900 1103
883 1105
866 1107
849 1109
831 1108
984 786
996 776
1008 768
1020 758
1032 749
1045 743
1059 740
1074 738
1089 739
1103 744
1114 754
1118 768
1105 776
1091 780
1077 782
1062 784
1046 785
1031 786
1015 786
1000 785
820 805
818 795
807 788
796 782
785 777
772 775
759 776
747 779
736 784
725 792
716 801
710 812
721 817
733 819
746 821
760 821
772 819
785 816
796 812
808 808
920 722
937 695
964 681
994 673
1023 665
1053 656
1084 651
1115 657
1143 670
1169 688
1193 710
1192 737
1165 723
1138 707
1109 698
1076 697
1045 702
1015 710
985 717
954 722
833 735
819 717
799 706
778 698
755 695
731 698
710 706
690 716
671 730
658 749
652 770
649 794
665 778
681 760
699 743
720 736
745 736
769 739
792 742
815 745
