591 976
584 1012
588 1054
596 1093
612 1130
626 1169
635 1206
647 1246
660 1282
671 1321
684 1361
700 1397
712 1435
724 1474
744 1511
763 1543
797 1564
839 1571
878 1570
920 1569
960 1565
999 1559
1036 1552
1079 1543
1114 1531
1153 1520
1192 1506
1230 1489
1266 1474
1301 1451
1331 1425
1354 1392
1373 1358
1390 1323
1409 1284
1425 1247
1436 1210
1445 1172
1458 1133
1465 1092
1470 1051
768 988
756 1014
743 1040
733 1068
734 1098
750 1123
770 1145
797 1161
822 1170
852 1173
882 1172
911 1166
937 1150
946 1123
941 1092
920 1073
910 1044
720 1290
735 1270
757 1259
781 1256
804 1262
830 1262
855 1258
880 1261
903 1268
925 1275
947 1284
969 1293
991 1302
1014 1309
1007 1327
985 1337
963 1347
941 1354
917 1360
894 1366
871 1372
846 1376
821 1377
796 1374
773 1367
752 1354
736 1335
726 1313
721 1288
742 1291
761 1296
781 1301
800 1307
821 1309
843 1310
864 1311
885 1312
907 1313
929 1313
950 1315
972 1316
993 1317
1013 1319
992 1319
970 1317
949 1315
928 1314
906 1314
884 1314
863 1312
842 1310
820 1311
800 1308
780 1303
761 1296
741 1293
998 892
1011 875
1026 859
1042 846
1060 836
1079 831
1100 833
1119 839
1137 847
1155 857
1171 871
1174 891
1156 901
1138 908
1118 912
1097 914
1075 912
1055 908
1036 903
1017 897
787 859
776 845
765 832
754 820
741 810
726 804
710 801
693 804
679 809
664 816
651 827
655 842
664 856
678 866
692 871
709 874
726 874
742 871
759 868
776 869
945 752
965 720
1000 708
1041 708
1081 711
1120 714
1159 719
1196 726
1231 738
1264 757
1293 785
1258 776
1224 760
1190 743
1151 739
1114 748
1079 760
1045 772
1008 781
968 783
753 774
753 756
745 740
733 726
718 714
704 703
688 694
671 689
653 686
635 689
620 699
607 713
623 720
639 727
655 735
671 742
687 749
704 755
720 762
736 769
