795 968
798 999
801 1032
805 1066
813 1102
824 1134
837 1165
851 1194
869 1224
888 1252
907 1281
927 1307
948 1333
972 1358
997 1380
1025 1398
1055 1413
1085 1430
1115 1446
1148 1456
1180 1465
1216 1468
1249 1468
1281 1463
1313 1453
1345 1437
1371 1414
1393 1392
1418 1366
1439 1341
1459 1314
1479 1287
1498 1258
1513 1228
1526 1197
1537 1165
1549 1130
1560 1101
1568 1066
1572 1034
1574 998
1228 973
1215 994
1194 1013
1181 1036
1183 1062
1204 1081
1227 1092
1251 1103
1277 1112
1305 1121
1330 1123
1354 1109
1371 1088
1390 1068
1397 1042
1382 1020
1374 995
1074 1192
1097 1176
1123 1169
1150 1164
1177 1160
1205 1157
1234 1155
1262 1158
1291 1159
1319 1156
1346 1160
1371 1168
1396 1177
1402 1204
1388 1227
1372 1250
1352 1270
1330 1287
1306 1299
1279 1304
1250 1305
1222 1302
1196 1296
1172 1284
1148 1271
1126 1254
1104 1238
1084 1216
1082 1197
1095 1178
1117 1174
1140 1170
1164 1169
1188 1170
1213 1170
1235 1174
1257 1179
1281 1178
1303 1172
1325 1166
1348 1164
1371 1169
1371 1193
1356 1211
1340 1229
1322 1243
1300 1250
1277 1252
1253 1254
1229 1255
1205 1253
1182 1249
1160 1244
1139 1237
1119 1226
1100 1212
1368 869
1382 863
1396 858
1411 854
1426 850
1441 847
1457 845
1474 844
1490 846
1504 853
1513 866
1508 880
1493 885
1477 886
1461 884
1446 881
1430 879
1415 876
1399 874
1382 875
1197 866
1184 857
1171 850
1157 844
1141 841
1125 839
1109 841
1094 845
1079 850
1065 857
1052 863
1065 871
1080 875
1095 878
1111 881
1128 881
1144 879
1159 876
1175 875
1191 876
1400 776
1410 760
1423 744
1438 730
1455 720
1472 712
1491 707
1511 706
1530 711
1547 721
1559 736
1544 733
1523 731
1504 734
1486 740
1468 748
1453 761
1438 774
1422 786
1405 795
1215 752
1202 731
1182 713
1160 702
1136 695
1112 689
1086 686
1059 686
1034 690
1011 702
994 722
1019 716
1043 710
1071 710
1095 715
1118 724
1141 733
1163 746
1183 763
1205 774
