757 668
766 692
776 720
783 747
794 772
806 799
814 823
828 849
842 872
860 896
876 918
893 940
911 961
931 980
953 998
974 1017
995 1033
1020 1046
1046 1054
1075 1055
1102 1051
1131 1048
1160 1047
1185 1039
1208 1022
1225 999
1240 978
1254 952
1267 930
1284 905
1297 881
1309 857
1320 829
1327 804
1334 775
1341 750
1348 723
1353 695
1355 668
1357 638
1359 610
1027 617
1021 634
1014 652
1015 670
1024 687
1041 692
1061 693
1080 697
1099 703
1118 704
1135 695
1153 688
1165 674
1172 656
1170 638
1157 624
1149 605
962 805
983 799
1005 795
1027 791
1050 789
1074 789
1098 789
1120 786
1142 782
1164 779
1186 775
1209 777
1230 784
1247 801
1252 822
1244 842
1224 852
1202 854
1179 851
1158 845
1134 845
1111 844
1088 841
1067 836
1046 830
1024 825
1003 820
983 813
985 805
1005 802
1025 804
1045 806
1066 805
1086 806
1107 806
1126 801
1144 796
1164 792
1182 787
1201 782
1220 787
1234 802
1239 820
1233 838
1216 847
1195 847
1176 843
1158 838
1140 832
1121 827
1102 823
1082 822
1062 821
1043 816
1022 816
1002 813
1145 502
1151 491
1160 482
1169 474
1180 468
1192 464
1205 463
1217 465
1228 469
1238 477
1245 488
1250 499
1244 509
1231 511
1219 509
1206 507
1193 508
1181 506
1168 505
1156 508
997 486
986 481
975 478
963 475
952 472
940 471
927 471
916 474
905 479
896 487
892 498
902 492
912 485
923 482
934 479
947 479
960 479
972 480
984 482
995 486
1135 403
1140 379
1163 368
1190 369
1217 370
1243 366
1269 369
1291 382
1307 402
1317 425
1320 450
1318 476
1302 468
1296 444
1283 423
1261 410
1234 411
1210 417
1183 419
1156 417
1043 409
1025 388
999 383
972 380
944 382
918 386
893 394
870 406
848 423
834 445
827 470
828 498
850 482
870 463
892 449
917 441
943 435
969 431
997 431
1025 429
