112 358
111 379
113 404
116 427
119 450
123 472
128 497
132 519
136 543
143 563
156 583
168 603
184 620
201 636
219 651
238 666
255 681
272 697
291 714
310 725
332 736
355 742
376 745
400 745
424 743
447 737
469 729
490 719
509 707
529 694
549 683
568 670
587 656
604 639
620 620
633 601
643 581
652 559
661 536
670 515
678 492
393 440
381 452
365 463
357 479
356 499
363 514
380 521
399 525
416 526
436 529
455 529
472 531
490 529
501 515
500 496
495 479
485 462
318 586
331 580
345 576
361 576
377 576
393 576
408 577
423 579
438 581
454 580
469 583
482 588
495 596
506 606
500 619
488 627
475 634
462 640
448 644
433 646
417 646
402 644
388 640
375 635
362 628
349 620
338 609
327 598
324 584
336 586
348 590
359 593
370 597
382 601
393 605
404 608
416 611
429 611
442 611
455 610
468 610
481 610
493 611
480 610
468 611
455 612
442 612
429 613
416 612
404 609
392 606
381 601
370 597
359 593
347 590
335 588
511 373
516 361
525 351
536 345
548 342
561 340
574 341
587 344
598 350
609 358
617 368
618 381
607 389
595 394
583 397
569 397
556 395
544 392
532 388
520 383
366 339
364 327
357 317
347 311
336 306
324 304
311 304
300 307
289 311
279 317
269 324
276 334
284 343
294 352
304 357
315 360
328 361
340 359
352 356
362 350
498 308
510 300
523 295
536 292
551 291
566 291
580 292
594 293
608 295
622 298
634 305
628 315
613 315
598 315
583 314
569 315
554 315
539 316
525 317
510 317
410 278
394 263
377 252
358 245
338 240
317 237
295 235
273 235
252 237
232 243
214 252
232 261
254 263
276 263
298 265
318 269
338 274
357 280
376 287
397 291
