81 391
82 404
86 418
86 431
89 446
90 459
93 474
98 487
103 500
109 514
116 525
124 537
134 548
145 557
156 565
168 573
181 578
195 581
209 582
224 582
237 583
252 583
266 584
280 584
295 583
308 582
322 578
335 573
347 564
357 554
364 541
369 529
374 515
377 502
381 488
387 475
393 463
401 450
402 436
404 422
404 407
214 374
204 382
196 391
198 405
207 413
218 420
228 429
240 437
251 441
265 441
277 436
289 430
301 426
312 419
317 407
315 394
305 384
173 464
182 460
194 459
206 458
217 457
229 458
240 460
251 461
263 461
275 461
287 461
298 463
310 464
321 465
322 475
312 480
302 485
292 488
280 489
269 489
257 489
246 488
234 486
223 485
212 482
202 479
192 475
182 470
179 466
189 467
199 467
210 466
220 467
230 467
240 468
251 469
261 469
271 469
282 469
292 469
303 470
313 469
320 471
310 474
300 476
290 476
279 476
269 476
259 476
248 475
238 474
228 473
218 472
208 471
197 470
188 469
309 330
313 328
318 326
322 323
326 322
332 321
337 322
342 323
346 325
351 327
355 330
353 335
348 335
343 336
338 336
333 336
328 336
323 335
318 334
313 332
214 320
210 317
205 316
200 315
194 315
189 316
184 316
179 317
174 318
170 320
165 321
170 323
175 323
180 323
185 324
190 325
196 324
201 324
206 323
211 323
311 305
318 300
326 297
334 295
343 294
351 296
359 298
367 302
374 307
380 314
383 321
375 324
367 320
361 314
354 309
346 306
337 306
329 307
321 311
313 313
250 276
239 270
228 264
215 261
202 260
189 262
178 267
167 273
156 280
145 287
135 296
145 303
159 303
171 297
182 293
195 291
208 289
221 287
235 288
248 288
