367 476
366 496
363 519
362 541
362 563
362 584
363 607
366 630
370 651
376 672
385 693
393 713
402 733
416 753
430 770
446 783
467 793
488 799
509 804
532 805
554 803
575 804
598 805
620 806
641 800
663 793
685 786
703 777
724 765
744 755
761 744
781 732
797 717
810 700
822 680
831 659
840 640
846 619
850 596
852 574
854 551
491 501
479 514
465 526
459 543
467 559
482 570
496 580
513 587
531 589
550 589
568 591
587 589
604 585
615 572
615 554
607 539
595 522
452 619
470 621
486 625
503 629
520 634
537 637
555 636
573 639
589 643
606 647
623 650
640 654
657 659
657 676
643 686
628 694
612 700
596 705
578 707
560 706
543 703
526 700
508 697
492 691
477 682
465 669
458 653
454 636
453 628
465 634
478 639
491 643
504 647
518 650
532 651
547 653
561 654
575 656
589 658
604 659
619 659
633 660
636 669
623 673
609 676
595 677
580 677
565 676
551 674
537 673
523 670
510 666
498 660
485 654
473 648
462 640
645 430
650 425
656 422
663 420
670 419
678 420
685 422
691 425
698 427
704 430
710 433
710 439
703 438
695 437
688 437
680 437
673 436
666 435
658 434
651 432
499 392
494 387
488 383
481 381
475 378
468 377
461 376
453 375
446 376
440 379
434 383
441 385
448 386
455 387
462 388
469 389
476 391
483 393
490 395
496 396
597 357
609 336
633 333
657 338
679 346
701 353
723 360
745 369
765 382
784 399
796 420
779 436
756 429
736 415
715 403
693 396
669 391
644 390
619 393
598 382
524 347
520 333
510 320
497 313
484 306
470 300
456 297
441 299
427 305
415 314
406 326
400 340
414 347
428 344
444 342
458 346
472 351
486 357
500 360
517 360
