933 926
934 980
938 1033
936 1084
931 1141
931 1194
942 1247
959 1299
977 1349
997 1399
1020 1444
1052 1489
1089 1531
1130 1563
1174 1596
1220 1627
1265 1655
1314 1674
1368 1685
1422 1696
1474 1703
1529 1696
1581 1701
1634 1689
1684 1671
1732 1652
1782 1627
1830 1598
1867 1563
1906 1526
1943 1486
1978 1443
2004 1398
2022 1347
2032 1292
2041 1238
2047 1185
2055 1135
2064 1081
2069 1028
2065 970
1419 919
1400 953
1369 984
1348 1018
1372 1054
1410 1061
1455 1059
1498 1062
1536 1063
1582 1061
1622 1073
1659 1089
1699 1088
1707 1047
1702 1004
1688 964
1664 928
1326 1302
1345 1275
1363 1247
1383 1220
1407 1195
1435 1178
1466 1169
1497 1160
1532 1159
1565 1166
1594 1179
1621 1198
1646 1222
1661 1251
1672 1281
1681 1312
1679 1347
1656 1373
1627 1385
1595 1393
1562 1397
1527 1399
1493 1397
1461 1390
1431 1379
1402 1366
1372 1353
1348 1328
1365 1296
1382 1278
1396 1260
1413 1242
1432 1231
1453 1223
1476 1221
1501 1222
1524 1224
1547 1228
1568 1233
1590 1239
1610 1250
1625 1268
1636 1288
1646 1308
1636 1327
1615 1335
1591 1335
1567 1335
1543 1333
1519 1332
1496 1328
1474 1324
1452 1319
1429 1315
1405 1315
1385 1306
1689 839
1708 827
1729 820
1750 814
1772 810
1795 809
1818 811
1839 817
1859 826
1877 840
1891 857
1881 876
1859 881
1837 884
1813 884
1791 880
1769 875
1748 870
1727 863
1708 853
1395 792
1377 779
1359 769
1339 761
1318 757
1296 756
1274 759
1254 764
1234 770
1215 777
1196 787
1215 794
1234 802
1254 808
1275 813
1297 815
1319 816
1342 815
1363 812
1385 809
1624 648
1654 614
1696 603
1741 599
1786 602
1829 609
1871 620
1909 639
1945 666
1974 700
1993 738
1971 744
1939 712
1903 687
1862 674
1817 672
1772 676
1728 682
1684 687
1639 688
1499 672
1502 616
1458 583
1409 567
1359 550
1305 543
1250 548
1199 562
1152 586
1111 624
1079 668
1052 714
1098 687
1143 657
1190 634
1238 615
1296 614
1347 627
1396 646
1445 664
