98 262
98 282
97 302
97 322
96 341
96 362
96 381
97 402
99 421
103 440
109 459
117 477
127 495
138 511
150 529
160 547
170 563
182 578
200 589
218 597
236 604
256 606
276 605
296 602
315 599
335 595
354 589
374 584
393 576
410 568
428 558
445 548
461 536
476 522
490 509
500 491
509 472
516 455
524 437
533 418
540 399
234 327
223 340
211 354
200 368
193 386
200 402
217 409
233 416
249 424
268 428
285 433
303 430
317 419
321 402
315 385
309 367
301 350
171 470
182 467
192 461
202 456
214 459
224 465
234 469
246 470
257 473
268 478
277 485
287 491
297 498
306 504
307 516
297 521
286 524
275 527
263 528
251 526
240 523
230 519
218 516
208 513
198 507
188 501
180 492
175 481
175 470
184 474
194 475
204 476
213 479
222 484
231 488
240 490
250 492
260 493
270 494
279 498
288 501
297 504
306 507
298 503
288 501
279 498
270 494
261 492
251 490
241 488
231 487
222 483
213 479
204 475
194 474
185 472
348 288
357 283
366 278
376 275
387 274
398 275
409 278
419 281
428 286
437 292
445 300
437 306
427 310
417 312
406 312
395 310
385 308
375 304
366 299
357 295
230 252
229 243
223 236
217 229
209 225
200 221
191 220
182 220
173 221
164 224
156 227
159 235
163 243
169 250
177 255
185 258
195 259
204 260
214 259
223 258
339 227
353 215
373 215
392 216
411 219
428 223
446 227
464 232
480 240
495 251
507 265
496 272
479 265
463 258
446 253
428 249
410 245
392 241
373 239
354 236
238 203
230 192
218 185
206 180
194 174
182 170
168 167
155 165
140 165
127 168
115 174
127 179
140 183
153 186
166 191
178 196
191 200
203 204
216 209
229 212
