55 175
58 190
63 206
68 223
75 237
85 252
95 264
106 275
117 288
129 301
140 312
153 323
168 332
181 340
196 349
211 355
226 360
243 362
259 362
276 360
293 356
307 349
320 339
333 330
347 320
360 309
373 298
384 287
395 275
405 261
415 247
422 232
427 217
432 201
436 185
439 168
441 152
443 136
446 120
449 103
452 86
196 190
189 201
183 214
183 228
189 239
202 245
216 250
228 253
242 255
256 250
268 244
280 239
293 234
298 221
294 208
287 196
279 184
195 283
203 282
212 281
220 279
229 278
237 281
246 280
254 277
262 275
272 275
281 275
290 274
299 274
304 280
300 288
295 295
288 301
281 306
273 310
264 311
255 312
246 312
237 312
228 311
220 308
213 304
206 297
200 290
195 283
202 286
210 288
217 290
224 293
232 294
240 294
248 293
256 292
264 290
270 286
277 283
285 281
292 279
299 276
292 278
285 280
278 282
271 285
264 288
256 291
249 292
241 293
233 292
225 291
217 289
210 287
202 285
284 126
293 127
302 127
311 129
320 130
329 131
339 131
348 130
356 127
364 124
365 128
358 133
350 138
342 141
333 143
324 144
315 143
306 140
298 137
291 132
168 139
167 135
160 136
154 137
147 138
141 139
134 140
127 141
120 141
114 139
108 137
114 141
119 146
125 148
131 150
138 150
144 150
151 148
157 146
163 143
269 90
282 79
296 72
311 68
326 63
341 59
356 54
371 50
387 47
404 46
416 55
403 65
390 75
376 82
360 85
344 87
329 91
314 97
299 100
282 101
181 105
171 92
157 86
143 79
129 73
115 68
101 62
87 57
71 55
56 58
43 66
50 79
63 88
78 92
93 96
108 100
123 104
138 108
153 111
168 113
