411 579
418 590
425 603
432 614
440 626
448 637
457 649
466 659
476 669
487 677
499 686
509 694
521 702
533 708
543 717
554 726
567 733
580 738
593 740
607 740
622 735
634 730
647 723
658 715
668 706
676 695
684 683
691 670
698 658
704 647
710 634
717 622
722 609
727 596
731 582
735 569
741 556
744 542
745 529
747 515
747 500
479 535
478 545
477 556
478 566
488 570
499 573
510 571
519 565
530 562
539 558
548 552
556 544
565 537
569 527
566 516
559 509
549 502
493 619
503 609
514 599
526 592
538 587
550 581
562 575
574 569
586 564
599 558
612 554
626 554
639 556
638 571
636 584
631 597
625 609
618 620
609 631
599 641
587 649
575 654
562 658
547 658
534 655
521 650
510 641
500 631
500 621
510 616
519 609
529 605
540 600
550 596
560 591
569 585
579 579
589 574
600 571
610 567
620 562
631 560
634 571
629 581
621 590
612 599
603 606
594 613
585 620
575 626
565 631
554 634
543 635
530 635
518 634
508 630
549 440
551 435
555 430
558 425
563 421
568 418
573 416
578 413
584 412
590 412
596 413
596 419
592 423
587 427
582 430
577 433
572 435
566 437
561 439
555 440
454 478
449 476
444 476
439 475
434 476
429 477
425 480
421 483
418 487
416 492
415 497
419 499
424 500
430 499
434 498
439 496
443 493
447 490
451 487
455 483
510 408
515 399
524 394
533 387
543 383
553 379
563 377
574 375
585 376
595 380
604 385
595 390
585 394
574 397
565 401
555 404
545 409
535 413
526 417
514 418
442 445
433 444
425 444
416 445
408 446
400 449
393 453
386 457
379 462
375 469
376 478
383 475
390 471
398 468
405 465
413 462
421 460
429 458
437 457
444 453
