445 720
446 738
450 760
456 779
457 798
459 820
461 841
463 859
466 881
471 901
476 920
481 940
485 961
489 980
495 999
507 1016
523 1028
543 1035
563 1039
582 1043
603 1042
623 1038
642 1032
662 1025
680 1016
697 1007
717 998
734 988
752 978
768 966
785 954
801 940
816 927
831 914
845 898
858 883
871 868
883 851
895 834
906 818
919 800
525 688
515 706
507 723
499 741
499 762
509 779
525 790
545 789
565 793
585 795
604 791
620 780
624 760
624 740
619 720
615 702
610 680
490 848
494 838
504 831
514 826
525 821
536 818
547 820
557 827
566 833
576 840
585 848
594 857
602 866
603 877
594 885
585 892
575 898
565 904
554 908
542 910
531 912
519 913
508 910
498 903
492 894
488 883
486 872
488 860
491 872
496 866
503 863
511 862
519 861
527 862
535 863
544 863
551 864
559 866
566 867
574 869
581 871
589 873
595 875
587 873
580 872
572 870
564 869
557 867
549 867
541 869
534 871
526 870
519 867
512 864
504 863
497 867
623 637
627 628
634 620
642 614
652 611
662 609
673 610
683 612
692 615
702 619
710 626
714 635
705 640
695 643
685 645
674 645
663 645
653 643
642 644
632 643
532 625
530 619
526 613
521 608
515 604
508 603
500 603
493 604
487 607
483 613
479 619
481 626
483 632
489 636
496 638
503 639
510 638
518 637
524 636
530 632
605 560
621 548
639 543
658 539
678 538
698 538
717 541
735 546
753 552
769 561
785 574
772 577
755 571
737 565
719 560
699 558
679 560
660 562
642 567
622 569
530 554
525 547
517 544
509 540
500 537
492 533
483 533
474 535
466 538
458 542
450 548
446 556
455 554
464 552
473 551
483 552
493 553
502 553
512 554
521 556
