363 235
362 251
361 268
362 285
367 303
371 319
377 336
385 351
396 365
407 378
421 390
435 399
449 408
463 417
479 425
495 435
510 441
525 449
542 454
558 459
575 462
593 464
610 463
628 458
643 452
658 443
671 432
686 421
698 411
711 399
722 384
731 371
739 355
743 337
748 321
752 304
755 287
757 270
756 253
757 235
757 217
581 186
576 199
567 212
558 225
557 239
563 253
577 260
592 260
608 260
623 258
638 257
653 257
667 250
668 235
666 221
660 207
653 192
551 333
559 326
567 322
576 319
584 315
593 313
603 311
613 312
623 311
633 310
643 309
652 310
661 313
670 317
677 323
676 330
667 328
657 326
648 324
638 324
628 323
618 322
608 323
598 325
589 327
580 329
571 331
561 333
563 329
570 326
577 323
585 321
592 319
600 318
608 317
616 316
624 315
632 315
640 315
649 315
657 316
664 318
671 321
667 323
659 321
651 321
643 320
635 320
626 321
618 320
610 320
602 320
594 321
586 323
578 325
571 327
643 146
648 141
653 136
658 133
665 130
671 128
678 127
685 128
691 131
696 136
700 141
701 148
695 152
689 154
682 155
675 155
668 154
661 153
655 152
648 150
540 147
536 142
530 138
524 134
518 131
511 129
504 129
497 130
491 133
485 136
480 141
484 147
488 152
494 156
501 157
508 158
515 157
522 156
529 154
536 153
645 101
649 93
655 85
664 81
674 80
684 80
693 81
703 83
712 86
720 90
728 96
732 104
724 107
713 107
703 106
694 105
684 104
673 104
663 105
653 105
569 94
558 86
544 83
529 82
514 83
500 85
486 88
473 92
460 98
448 106
437 116
451 113
464 108
478 105
492 102
506 100
521 100
536 102
550 104
565 106
