135 318
133 347
137 378
141 408
145 438
150 468
161 498
174 527
187 553
200 582
216 610
238 630
263 648
284 670
305 694
324 718
348 738
373 757
404 764
433 763
466 764
497 761
526 755
555 747
584 736
605 712
624 687
646 668
670 647
691 623
711 598
730 575
753 557
763 526
766 497
769 464
774 436
780 404
785 374
790 343
795 311
338 346
325 367
311 390
303 414
314 435
340 440
366 446
392 450
419 449
445 446
469 438
492 428
519 424
535 404
534 379
518 357
497 340
285 544
308 532
332 525
359 522
385 519
411 516
438 513
465 511
491 509
519 509
547 509
575 510
601 512
605 537
593 560
579 581
557 595
536 611
513 621
489 630
465 637
437 637
410 635
384 631
363 617
341 602
321 584
303 564
298 537
320 529
345 524
371 521
396 518
423 519
449 519
476 518
501 515
527 513
553 515
579 518
603 521
601 546
588 567
570 586
549 601
528 615
506 624
483 632
459 637
432 636
406 634
383 627
361 615
341 599
323 580
309 559
517 240
526 229
538 222
549 215
561 210
574 207
587 205
601 206
614 208
627 212
638 218
635 230
624 235
612 240
599 244
585 245
571 246
557 245
544 243
530 243
308 248
301 240
291 237
281 234
270 233
259 234
248 237
238 241
229 246
220 253
213 262
223 266
233 270
244 271
255 272
266 272
278 271
289 269
299 266
307 260
463 107
473 80
500 69
532 69
561 74
591 79
623 79
653 84
681 92
708 102
732 122
727 150
696 149
665 145
635 142
604 139
573 137
542 136
510 135
480 132
306 154
290 138
272 127
253 119
231 116
209 119
189 125
171 136
154 151
142 169
132 188
126 208
143 196
161 183
179 172
199 165
220 162
243 161
266 161
288 162
