258 298
260 311
263 326
267 339
271 354
276 366
282 380
288 393
295 405
303 416
313 428
323 439
332 449
341 460
352 471
363 480
373 488
386 495
400 499
414 502
428 502
443 501
457 499
471 495
484 490
498 484
510 476
521 468
532 458
543 449
554 440
564 430
573 418
581 407
588 394
596 381
602 369
605 354
608 341
612 328
615 312
383 318
376 328
368 339
363 350
363 362
373 370
385 372
397 372
410 373
422 373
435 374
448 374
457 366
457 354
453 343
447 331
442 319
352 422
360 417
367 412
375 407
383 404
392 405
401 407
411 407
420 408
428 410
436 414
444 419
452 422
460 427
459 436
451 441
443 445
435 449
427 452
419 455
410 456
401 456
392 454
383 452
375 449
367 445
361 437
356 430
360 425
366 422
372 420
379 419
385 419
392 419
399 420
405 421
412 422
419 422
425 423
432 423
438 425
445 426
451 428
447 428
441 427
434 426
427 425
421 425
414 425
407 424
400 424
393 424
386 423
379 424
373 422
367 424
459 273
462 266
468 261
474 258
482 257
489 258
496 259
503 262
510 263
517 265
524 267
521 274
514 277
508 280
501 282
493 283
485 283
478 282
471 279
465 276
360 263
355 257
349 254
342 252
335 252
327 252
320 252
312 253
305 254
299 256
302 262
308 268
313 272
319 276
326 278
333 280
340 280
347 279
353 275
358 270
431 224
442 220
454 217
468 217
481 216
494 216
508 216
521 217
533 220
544 226
553 235
544 240
532 237
519 235
506 235
493 236
480 236
467 235
453 235
441 232
367 223
357 218
348 213
337 210
327 207
316 205
304 204
293 205
283 210
274 216
265 223
276 224
287 223
299 221
310 222
321 224
332 226
343 228
353 231
365 233
