116 593
119 618
123 643
134 667
147 687
162 708
178 730
191 752
202 774
216 797
235 815
244 839
250 864
257 890
263 913
279 933
300 948
323 961
349 967
374 963
399 958
423 955
448 944
471 931
489 912
502 892
516 870
529 847
538 823
549 798
556 776
561 750
567 725
575 701
585 676
594 652
600 627
605 600
610 576
614 549
614 523
189 581
182 598
176 618
172 637
172 657
179 674
195 687
213 692
233 690
250 679
266 670
285 662
303 656
319 645
324 626
314 609
298 597
204 727
221 716
241 721
263 723
285 723
307 722
329 721
351 721
372 718
392 713
413 711
431 719
428 739
418 757
405 774
391 791
376 807
360 821
342 831
324 840
304 846
284 841
266 833
250 818
240 800
230 782
220 764
211 746
223 762
231 748
247 746
263 744
280 743
296 742
313 741
330 739
346 738
362 734
377 730
392 727
409 724
425 725
416 738
403 749
390 760
377 770
363 777
349 784
335 791
321 797
306 802
290 805
274 802
260 797
247 785
235 774
319 496
324 487
332 479
341 475
350 471
360 469
370 468
381 468
392 469
402 471
411 476
409 486
400 490
390 492
381 496
371 498
361 499
350 500
339 500
328 499
204 487
201 480
195 475
188 472
181 470
173 469
166 470
158 471
151 473
145 478
143 485
146 492
152 497
159 500
166 501
175 501
183 500
190 499
198 498
204 494
248 446
269 427
296 422
324 419
351 414
377 408
405 404
433 408
456 421
479 436
500 456
480 454
455 445
429 438
401 435
374 440
348 446
321 452
296 460
269 466
173 450
166 442
159 435
151 430
142 426
134 423
125 420
116 418
106 417
98 421
96 430
98 439
106 445
115 447
125 449
134 451
143 453
152 456
161 458
171 458
