347 402
346 425
348 449
356 469
362 491
372 513
382 535
395 555
410 573
426 588
442 604
454 624
461 647
475 665
497 674
519 682
542 685
565 686
588 686
612 684
635 683
658 679
680 674
703 666
725 656
746 646
765 634
784 621
802 604
820 589
835 572
847 553
858 531
868 510
878 490
889 468
896 446
903 423
909 402
915 379
918 354
430 378
424 396
413 415
410 436
422 455
437 468
456 476
476 472
497 466
519 463
540 460
559 452
573 438
580 417
578 397
565 380
545 372
428 525
443 520
458 516
475 515
492 516
508 517
525 516
541 513
558 513
575 513
592 514
609 513
626 512
631 522
617 530
603 538
590 546
577 555
562 562
548 567
533 571
517 574
500 575
483 575
467 572
453 565
443 553
435 539
435 537
448 541
463 543
477 544
492 543
507 544
522 543
536 541
550 538
563 535
577 532
591 529
605 526
618 522
630 515
619 520
605 524
592 527
578 530
564 533
550 537
537 540
523 542
508 543
493 543
478 543
463 542
449 540
569 298
575 288
582 278
593 271
604 268
616 265
629 264
642 264
655 265
667 268
678 273
679 285
669 291
658 296
646 300
634 302
621 301
608 300
595 299
582 299
447 300
440 295
432 291
424 288
415 287
405 286
396 288
388 290
380 295
374 302
372 310
379 317
386 321
395 322
405 322
414 320
422 318
431 316
439 313
447 310
503 246
518 222
543 212
571 207
600 203
630 202
659 205
687 210
713 218
739 228
762 245
758 269
730 265
702 259
675 253
647 247
618 244
588 244
559 247
530 251
429 271
428 260
419 252
411 245
402 240
392 237
382 234
370 233
360 235
351 240
343 249
340 258
349 255
359 252
369 255
379 260
388 264
398 268
408 271
419 273
