446 571
442 588
438 605
435 622
434 639
433 657
436 674
441 692
447 707
460 719
472 733
482 745
496 757
506 772
514 787
524 801
537 814
549 827
563 837
579 842
597 845
615 845
632 841
648 837
665 832
682 827
700 824
716 818
733 810
748 802
764 794
779 786
793 777
808 765
819 753
830 739
839 723
847 709
854 693
859 676
864 658
556 620
547 629
543 640
542 652
549 662
558 670
568 677
579 683
591 687
603 690
615 691
627 691
638 686
647 676
651 664
651 653
647 640
521 718
533 717
544 720
555 723
565 728
575 736
585 742
597 741
609 742
620 743
631 747
642 751
653 754
657 764
648 771
637 776
627 780
616 784
605 787
592 787
581 785
570 782
560 776
551 768
543 759
537 749
531 739
525 729
523 718
532 721
540 725
548 730
556 735
564 740
573 744
581 747
590 750
600 751
610 751
620 751
630 751
640 752
644 758
635 759
626 761
616 762
606 762
596 762
586 760
577 758
569 755
560 751
553 744
545 738
538 732
530 725
674 563
682 556
690 550
699 546
709 544
720 544
730 545
739 548
748 554
756 560
761 569
758 578
749 582
739 584
729 586
718 585
709 583
699 580
690 576
681 571
570 545
571 535
566 527
561 520
554 512
546 508
538 504
528 503
519 503
510 506
502 511
497 519
500 527
507 535
515 540
523 543
532 545
541 547
551 548
561 548
640 481
658 481
677 480
694 482
712 484
730 486
746 491
762 497
777 504
791 514
798 525
782 520
766 513
751 508
734 504
717 501
699 499
681 500
663 499
645 497
555 480
546 473
536 468
526 463
516 457
505 453
494 451
482 452
471 455
461 460
452 469
462 475
473 474
485 472
497 472
508 474
519 479
529 483
540 486
551 489
