368 526
367 550
365 572
365 597
366 621
367 645
371 667
377 691
382 715
387 737
393 763
399 784
410 807
424 827
438 846
454 864
468 882
488 897
508 910
530 920
552 926
577 926
600 923
623 914
641 899
659 885
678 870
694 852
710 834
726 817
744 798
761 784
777 766
794 748
808 729
818 708
827 684
834 662
840 638
846 615
854 591
627 521
619 540
604 556
590 574
583 595
590 615
604 631
621 644
640 656
663 662
684 659
704 648
718 632
719 609
715 587
713 565
713 543
505 657
525 655
544 657
564 659
583 664
600 671
617 679
634 687
653 691
673 693
691 699
707 709
717 725
706 742
694 757
679 772
663 781
644 785
623 785
603 782
585 777
567 771
551 760
536 746
525 730
516 713
510 696
506 677
513 665
530 664
545 669
560 675
576 678
591 684
605 690
620 695
636 699
652 702
669 704
686 706
702 709
699 724
687 736
674 746
660 756
645 762
629 764
612 763
596 760
581 754
568 744
555 734
543 721
533 708
525 694
518 679
727 510
735 504
743 500
751 497
760 495
770 496
779 497
788 498
797 501
804 507
809 515
806 522
797 524
788 526
779 525
770 523
761 521
753 518
745 514
737 511
597 470
599 462
594 455
588 448
582 443
574 439
566 436
558 435
549 436
541 437
533 440
527 446
533 453
540 458
547 461
555 464
563 467
571 468
580 470
588 471
721 451
733 438
750 436
768 438
784 441
800 445
817 450
832 457
844 469
852 484
855 501
853 517
843 503
831 490
817 480
801 476
784 473
767 470
751 466
734 463
648 418
633 403
615 393
597 386
578 381
558 377
536 377
517 382
499 391
483 403
467 418
486 425
504 418
522 411
543 409
563 413
582 419
601 425
619 431
640 434
