160 286
161 304
164 324
166 343
169 363
172 382
176 401
184 420
192 436
204 452
216 467
231 480
245 492
262 504
278 514
296 524
313 533
330 539
349 546
368 550
388 550
408 547
426 543
445 537
463 529
479 519
495 508
510 495
524 480
536 465
547 450
558 434
567 417
575 397
579 379
583 361
588 340
590 322
591 302
593 282
594 262
341 270
331 284
322 298
314 313
314 331
325 343
341 351
357 354
374 355
390 354
408 351
424 345
436 333
437 315
431 300
422 285
412 270
278 397
292 398
307 398
321 399
336 398
350 399
364 401
378 401
392 400
407 399
421 398
436 398
450 397
454 407
443 416
433 426
422 435
410 443
398 449
386 453
371 453
358 451
345 447
333 441
321 434
310 425
300 415
289 406
294 403
305 409
315 413
327 416
339 417
350 420
362 422
375 423
387 421
398 419
410 416
421 414
433 411
444 407
454 402
444 406
433 410
422 413
410 415
398 418
387 421
375 422
362 422
351 419
339 417
327 415
316 412
305 408
429 207
436 202
443 197
451 193
459 189
467 187
475 186
484 187
492 190
500 193
507 197
506 206
497 208
489 209
480 210
471 211
463 211
454 208
445 208
437 210
310 200
304 196
298 193
292 191
285 190
278 191
271 192
264 194
258 196
252 198
246 200
252 202
259 204
265 205
272 206
279 207
286 207
294 207
301 207
308 206
409 145
421 134
438 133
455 133
471 131
488 131
505 132
521 135
535 140
549 148
559 161
546 164
530 160
514 159
497 159
480 160
464 162
447 163
430 163
415 159
353 149
338 136
321 130
302 128
282 126
263 125
243 125
225 130
209 138
194 151
180 165
198 162
217 159
236 156
256 155
274 158
293 161
312 164
330 167
350 167
