677 867
670 893
666 921
668 949
670 978
672 1004
675 1033
678 1061
686 1089
695 1113
708 1142
720 1166
735 1190
751 1212
770 1233
792 1249
818 1263
846 1273
870 1282
897 1292
923 1302
950 1310
979 1316
1005 1319
1033 1321
1063 1318
1090 1313
1116 1306
1145 1297
1169 1287
1194 1271
1214 1253
1233 1231
1248 1208
1262 1181
1275 1157
1289 1132
1303 1107
1315 1082
1323 1055
1326 1026
921 892
911 913
896 931
883 951
877 976
883 999
902 1014
926 1016
951 1019
975 1024
997 1032
1023 1033
1039 1017
1047 994
1047 970
1047 946
1045 919
807 1082
821 1069
837 1061
855 1057
874 1054
894 1053
911 1059
928 1065
945 1071
962 1078
976 1091
992 1101
1008 1109
1025 1118
1038 1132
1024 1145
1006 1148
988 1154
969 1156
950 1155
931 1152
914 1146
898 1139
881 1132
864 1125
848 1116
832 1108
816 1098
826 1088
841 1086
854 1082
869 1081
884 1081
899 1079
913 1081
927 1085
939 1091
952 1097
965 1102
978 1108
991 1114
1003 1120
1016 1126
1006 1134
991 1132
977 1130
962 1128
948 1125
934 1123
920 1120
907 1114
894 1109
880 1106
866 1104
851 1102
838 1098
1078 861
1090 850
1103 844
1116 839
1132 837
1147 839
1161 843
1174 849
1186 859
1195 871
1200 885
1195 898
1181 903
1167 906
1151 907
1136 905
1122 901
1109 895
1097 885
1086 874
918 819
911 806
902 793
890 783
877 775
863 771
848 769
833 771
818 775
805 781
792 789
803 800
813 812
825 822
838 829
852 833
867 835
883 836
899 836
913 832
1102 718
1121 700
1145 697
1168 703
1191 709
1213 717
1234 727
1255 736
1275 750
1292 769
1303 790
1294 806
1277 787
1258 771
1237 761
1215 752
1194 742
1172 735
1149 728
1127 720
971 757
972 730
959 706
938 688
914 675
890 665
865 657
837 654
809 656
783 662
760 675
739 696
763 707
792 708
821 709
848 712
874 719
898 730
921 743
943 758
