459 378
467 431
473 490
470 550
484 608
500 665
515 716
538 772
556 831
578 882
610 934
642 978
681 1024
721 1067
767 1100
818 1130
871 1155
917 1195
969 1217
1024 1235
1080 1244
1143 1246
1193 1229
1252 1209
1306 1185
1355 1152
1401 1116
1451 1085
1499 1056
1544 1016
1575 966
1604 921
1647 876
1670 823
1687 767
1707 713
1721 654
1728 596
1737 539
1738 483
1733 421
985 605
958 635
936 673
920 714
920 756
949 787
990 795
1032 791
1073 791
1116 786
1160 788
1205 786
1241 767
1247 726
1238 685
1217 645
1190 611
919 1001
934 977
958 965
982 950
1005 935
1030 923
1059 920
1089 920
1119 920
1147 924
1176 927
1203 933
1227 946
1246 968
1249 996
1236 1020
1221 1044
1198 1061
1174 1075
1147 1082
1120 1089
1091 1087
1062 1087
1033 1085
1009 1071
985 1058
961 1042
939 1023
979 980
994 974
1010 968
1027 965
1045 963
1063 961
1081 961
1099 963
1117 961
1133 956
1151 954
1169 954
1187 955
1204 958
1221 962
1207 967
1189 970
1172 973
1154 975
1136 976
1119 979
1102 982
1084 983
1066 985
1048 986
1031 988
1012 988
995 985
1232 434
1248 411
1265 387
1282 364
1305 345
1331 337
1361 334
1390 336
1416 345
1441 358
1464 378
1468 406
1448 428
1424 444
1399 458
1371 464
1341 463
1313 457
1285 452
1258 446
905 422
887 401
867 381
844 367
821 356
794 351
767 355
743 362
720 375
700 395
683 417
704 437
725 454
748 467
772 475
800 476
827 473
853 466
877 458
901 448
1309 147
1340 130
1373 122
1411 121
1447 124
1481 132
1512 146
1542 163
1571 184
1599 209
1618 239
1588 251
1556 239
1526 220
1496 203
1464 192
1428 188
1390 189
1352 189
1319 180
865 193
849 158
815 137
777 126
734 123
693 128
654 138
618 155
584 176
552 203
526 236
515 274
557 273
593 253
627 233
664 219
703 209
743 203
786 206
828 208
