850 1072
848 1124
847 1175
851 1226
856 1279
868 1331
878 1379
893 1431
912 1478
939 1527
969 1565
1003 1604
1040 1645
1076 1680
1116 1717
1153 1749
1197 1780
1244 1810
1288 1836
1331 1859
1377 1882
1432 1896
1484 1901
1537 1901
1586 1889
1632 1864
1670 1826
1700 1786
1739 1749
1774 1715
1811 1674
1844 1632
1875 1589
1902 1549
1932 1502
1956 1459
1979 1411
1996 1362
2012 1311
2026 1263
2038 1208
1446 1092
1415 1122
1390 1156
1372 1197
1380 1238
1412 1269
1446 1292
1486 1310
1533 1320
1574 1325
1618 1311
1653 1292
1695 1270
1719 1234
1715 1192
1702 1151
1684 1109
1204 1385
1251 1387
1294 1394
1339 1398
1386 1398
1432 1396
1477 1400
1521 1406
1567 1404
1612 1400
1658 1398
1704 1396
1749 1400
1722 1436
1700 1473
1675 1509
1642 1543
1605 1566
1566 1583
1524 1593
1479 1596
1436 1588
1397 1571
1360 1548
1325 1521
1290 1490
1258 1456
1228 1422
1235 1396
1271 1405
1307 1416
1346 1420
1386 1422
1426 1425
1464 1431
1504 1435
1543 1433
1582 1428
1620 1420
1658 1414
1696 1409
1736 1406
1709 1426
1679 1454
1652 1483
1619 1502
1584 1515
1546 1521
1506 1525
1466 1525
1427 1522
1392 1509
1359 1490
1327 1468
1296 1444
1266 1418
1695 901
1715 886
1735 869
1755 856
1777 845
1799 838
1824 834
1849 837
1872 843
1893 856
1911 875
1907 899
1890 919
1867 925
1841 927
1816 923
1793 918
1769 912
1744 910
1718 908
1328 842
1312 829
1295 818
1278 808
1259 800
1240 796
1218 796
1198 801
1180 809
1164 823
1151 839
1167 853
1184 864
1203 871
1222 876
1243 878
1264 876
1284 873
1304 869
1323 861
1733 744
1760 721
1789 705
1820 694
1853 686
1888 681
1923 678
1957 682
1987 697
2009 724
2017 756
2018 793
1999 768
1971 750
1937 744
1902 746
1867 749
1833 754
1799 760
1763 759
1437 713
1402 680
1364 658
1323 639
1282 625
1235 620
1187 621
1141 628
1100 642
1062 666
1029 701
1076 706
1121 698
1167 691
1215 690
1260 697
1301 712
1342 728
1383 745
1427 756
