205 385
206 396
207 408
208 421
209 433
212 444
215 456
219 467
223 479
227 490
232 501
238 511
246 521
256 528
265 535
274 543
284 551
294 557
305 562
316 565
329 567
341 567
353 566
365 563
377 558
387 553
396 545
405 536
413 528
421 519
429 509
436 500
443 489
448 478
453 468
458 456
463 445
467 434
471 423
474 411
474 398
322 380
314 386
308 393
304 401
305 411
311 417
320 421
329 424
339 427
348 427
358 428
366 426
374 420
376 411
372 402
368 394
364 384
275 453
284 452
294 451
304 451
314 451
323 453
332 455
342 456
351 458
361 459
370 461
379 463
387 467
386 475
380 483
374 491
366 496
358 500
348 502
338 502
329 500
320 498
311 495
303 491
295 484
289 477
283 469
278 461
283 455
291 456
297 458
305 458
312 460
318 462
325 464
333 465
340 466
348 467
355 467
363 467
370 468
378 468
378 473
371 475
365 477
357 478
350 479
342 479
335 478
327 477
320 476
313 475
306 473
300 470
294 466
288 461
381 343
384 338
389 334
394 331
399 328
405 327
411 327
417 329
422 331
427 335
430 340
432 346
427 349
421 350
415 351
409 352
403 351
397 349
392 347
387 345
311 336
311 331
307 327
303 324
298 322
294 321
288 320
283 321
278 323
274 325
270 328
267 333
272 335
276 338
281 340
286 341
291 341
296 340
301 339
307 338
375 311
381 303
390 300
401 298
411 297
422 296
432 297
442 300
451 304
459 310
465 319
462 325
453 318
444 314
435 312
424 310
413 310
403 312
394 315
384 317
329 307
321 299
312 294
302 291
291 288
280 287
269 286
258 287
247 289
237 293
229 299
237 307
248 307
259 305
270 305
282 306
292 307
303 309
314 311
324 315
