177 422
176 445
177 467
176 490
179 513
184 536
191 556
202 577
213 598
227 615
243 633
260 647
279 660
298 672
319 685
336 698
355 713
373 726
392 737
414 746
436 750
459 751
483 749
506 746
528 743
550 734
566 720
578 700
589 680
601 661
612 641
624 621
636 600
643 580
649 557
653 535
656 510
657 488
656 465
659 441
661 418
472 433
462 446
453 460
453 476
466 487
481 494
496 501
511 509
526 516
542 518
558 512
572 501
584 490
587 474
580 458
578 441
574 425
392 549
407 550
423 552
438 554
453 556
469 557
484 557
499 561
513 565
528 564
543 561
558 559
573 557
588 557
579 570
570 582
558 591
544 596
529 598
514 599
498 599
483 597
468 593
455 588
441 582
428 576
416 568
403 561
409 551
420 555
432 558
445 560
457 563
470 565
482 568
495 569
508 570
522 571
535 570
548 569
560 566
573 563
583 560
571 564
559 567
546 569
534 571
521 573
507 573
494 571
482 568
470 565
457 563
445 561
432 558
420 555
562 345
567 339
573 336
579 333
585 331
592 329
599 327
606 326
613 327
620 328
626 333
624 339
618 344
611 346
604 347
597 347
589 346
582 346
575 345
568 347
441 340
436 336
430 333
424 332
418 331
412 330
405 331
399 332
393 334
388 336
382 337
387 340
393 342
399 343
405 345
411 346
418 346
424 346
431 345
437 345
571 304
578 294
588 286
600 281
613 279
624 274
636 269
649 270
660 276
667 287
669 299
668 313
664 325
653 318
642 312
629 310
615 310
601 311
589 315
576 316
504 314
501 293
484 281
465 274
444 269
423 266
401 267
382 274
363 284
345 294
328 307
311 320
333 321
356 321
377 317
397 312
418 309
441 309
462 311
483 316
