802 870
790 904
777 942
768 981
761 1022
757 1060
754 1098
754 1137
758 1178
763 1215
769 1256
777 1295
784 1332
797 1368
817 1403
837 1436
858 1472
880 1504
901 1536
926 1569
959 1588
995 1604
1036 1605
1075 1601
1112 1593
1147 1579
1181 1554
1208 1525
1235 1496
1262 1470
1292 1442
1319 1416
1345 1387
1369 1356
1389 1323
1411 1286
1429 1251
1446 1215
1464 1182
1482 1148
1500 1110
1118 1059
1099 1081
1080 1101
1066 1127
1067 1155
1090 1174
1110 1194
1131 1216
1156 1229
1186 1226
1215 1220
1244 1211
1265 1193
1264 1163
1254 1134
1247 1106
1234 1079
950 1259
972 1236
1004 1242
1033 1254
1062 1266
1092 1276
1122 1287
1151 1298
1183 1305
1216 1307
1250 1309
1280 1315
1264 1343
1244 1369
1223 1396
1201 1421
1175 1444
1149 1463
1120 1475
1088 1483
1055 1480
1027 1465
1003 1440
983 1414
968 1386
957 1356
949 1325
946 1292
976 1262
1000 1268
1021 1278
1043 1289
1064 1298
1086 1307
1108 1315
1131 1322
1155 1326
1181 1328
1205 1330
1227 1335
1214 1355
1195 1373
1176 1389
1156 1403
1135 1415
1113 1425
1091 1432
1066 1434
1042 1429
1021 1418
1002 1400
994 1378
987 1355
981 1332
975 1309
971 1285
1279 1006
1292 997
1304 989
1318 984
1332 981
1348 980
1363 982
1377 987
1390 992
1403 999
1415 1010
1411 1023
1396 1026
1381 1028
1365 1028
1350 1026
1336 1023
1321 1019
1307 1015
1293 1011
1088 947
1082 937
1074 928
1064 921
1054 916
1043 912
1031 910
1020 908
1008 907
996 909
986 915
994 924
1003 933
1013 940
1023 945
1034 949
1045 952
1057 953
1069 955
1081 956
1294 964
1313 945
1335 932
1359 924
1383 917
1407 910
1430 900
1457 898
1480 906
1501 923
1514 945
1517 971
1492 975
1470 963
1446 955
1420 951
1393 951
1367 955
1342 961
1319 970
1124 924
1121 898
1104 875
1083 854
1061 835
1038 819
1013 809
985 804
955 805
929 813
906 829
893 853
915 873
944 872
971 866
999 870
1025 879
1050 888
1075 899
1099 914
