988 1308
1007 1359
1026 1410
1046 1466
1067 1517
1097 1564
1136 1610
1178 1647
1223 1682
1268 1717
1312 1755
1352 1789
1405 1821
1451 1850
1504 1875
1558 1895
1610 1909
1663 1922
1722 1934
1779 1937
1834 1938
1889 1930
1946 1918
2003 1898
2050 1868
2084 1827
2115 1781
2139 1728
2154 1669
2176 1620
2194 1563
2208 1510
2229 1459
2247 1404
2235 1348
2232 1291
2226 1237
2215 1181
2200 1125
2182 1069
2157 1017
1626 975
1614 1027
1596 1081
1580 1134
1580 1190
1600 1237
1651 1240
1706 1230
1761 1252
1812 1246
1864 1219
1910 1192
1936 1144
1921 1092
1892 1046
1861 995
1827 951
1519 1467
1554 1439
1594 1421
1634 1407
1677 1396
1719 1387
1762 1376
1806 1368
1847 1356
1889 1344
1935 1342
1980 1347
2024 1354
2041 1394
2037 1439
2022 1479
1995 1515
1959 1542
1920 1560
1879 1574
1835 1582
1790 1587
1743 1589
1698 1584
1655 1574
1615 1558
1578 1536
1544 1504
1560 1480
1588 1468
1616 1458
1645 1449
1674 1441
1704 1434
1735 1429
1766 1425
1799 1424
1829 1419
1859 1410
1888 1402
1918 1396
1949 1392
1969 1410
1946 1434
1922 1456
1897 1473
1869 1485
1841 1495
1812 1503
1780 1506
1748 1504
1716 1502
1685 1497
1654 1491
1624 1484
1593 1480
1814 850
1826 834
1841 821
1857 809
1874 801
1892 794
1911 790
1931 788
1951 786
1971 788
1989 796
1986 814
1969 822
1951 829
1932 834
1913 838
1894 842
1875 845
1854 846
1835 849
1502 901
1484 892
1465 885
1445 880
1423 878
1402 880
1381 884
1362 890
1344 898
1326 909
1311 925
1331 930
1351 934
1373 935
1395 935
1417 934
1438 931
1459 929
1480 926
1499 919
1814 706
1814 676
1825 652
1846 632
1870 621
1897 615
1924 610
1953 611
1981 614
2008 618
2034 626
2051 648
2031 668
2004 672
1975 674
1948 679
1922 685
1895 691
1868 697
1841 702
1517 722
1478 701
1432 697
1385 699
1341 707
1297 715
1254 727
1214 745
1177 768
1146 803
1134 845
1180 849
1219 829
1256 804
1296 787
1338 774
1381 764
1428 762
1473 768
1520 766
