431 1594
442 1655
467 1719
481 1781
485 1851
500 1914
522 1978
546 2041
576 2098
610 2158
643 2214
691 2266
733 2318
781 2357
836 2393
893 2433
955 2463
1017 2491
1077 2513
1141 2534
1207 2542
1274 2539
1336 2524
1397 2493
1455 2464
1503 2411
1551 2370
1601 2328
1651 2279
1695 2228
1730 2176
1771 2116
1792 2057
1814 1995
1829 1928
1834 1862
1840 1795
1846 1725
1851 1660
1857 1594
1863 1524
1046 1659
1014 1692
993 1738
982 1788
1008 1826
1056 1847
1103 1859
1150 1866
1201 1858
1252 1855
1300 1857
1348 1852
1397 1833
1423 1792
1423 1747
1406 1696
1372 1659
924 2076
963 2064
1008 2064
1048 2055
1090 2048
1132 2044
1175 2048
1218 2045
1261 2042
1301 2052
1344 2054
1387 2058
1432 2057
1468 2071
1438 2103
1406 2133
1372 2159
1336 2179
1299 2195
1261 2208
1220 2215
1176 2213
1136 2202
1099 2187
1062 2170
1027 2149
992 2126
958 2101
949 2085
984 2091
1021 2089
1058 2090
1095 2091
1130 2095
1168 2096
1204 2094
1241 2091
1277 2089
1314 2089
1351 2087
1385 2081
1421 2076
1450 2077
1413 2079
1379 2086
1344 2091
1307 2091
1269 2092
1234 2097
1200 2103
1163 2104
1126 2102
1092 2096
1056 2091
1020 2093
983 2094
1370 1380
1387 1353
1409 1329
1435 1310
1463 1298
1494 1292
1526 1289
1558 1292
1589 1298
1617 1311
1642 1330
1650 1359
1624 1375
1595 1386
1565 1392
1532 1394
1499 1393
1467 1389
1436 1384
1404 1380
1016 1384
1005 1355
983 1330
957 1311
928 1298
898 1289
864 1287
832 1293
802 1303
774 1317
748 1338
726 1363
754 1377
785 1386
816 1392
849 1396
884 1396
917 1393
950 1390
983 1388
1383 1200
1419 1165
1456 1136
1494 1107
1535 1087
1579 1075
1627 1070
1672 1079
1712 1101
1749 1134
1774 1173
1782 1214
1744 1188
1702 1170
1655 1164
1607 1160
1560 1166
1517 1180
1473 1193
1430 1207
1064 1212
1055 1156
1005 1132
952 1118
896 1108
838 1102
780 1098
720 1100
667 1115
619 1144
581 1188
558 1238
611 1223
661 1202
717 1192
777 1193
835 1198
890 1208
946 1218
1006 1219
