680 894
681 923
684 954
688 987
691 1017
696 1049
701 1078
709 1111
711 1139
717 1170
727 1200
739 1229
754 1257
772 1282
791 1307
811 1331
842 1340
873 1346
904 1351
935 1350
964 1342
996 1339
1024 1329
1053 1319
1082 1308
1110 1293
1137 1275
1159 1255
1178 1231
1199 1204
1218 1180
1236 1154
1251 1126
1265 1101
1280 1070
1290 1041
1301 1014
1313 982
1324 954
1330 924
1329 891
854 864
845 890
835 915
823 942
819 969
836 992
856 1010
884 1017
912 1014
940 1010
967 1001
990 985
997 960
991 932
984 903
979 876
973 847
789 1130
797 1109
810 1089
830 1077
853 1072
877 1070
902 1071
925 1075
949 1078
973 1081
998 1082
1023 1082
1045 1090
1063 1108
1060 1132
1045 1151
1027 1169
1007 1181
986 1191
964 1198
941 1203
917 1206
892 1206
867 1207
844 1201
824 1190
805 1174
795 1153
807 1110
816 1094
835 1090
856 1090
876 1090
897 1091
917 1093
938 1093
958 1092
979 1093
999 1095
1018 1098
1038 1100
1058 1103
1049 1120
1033 1132
1015 1140
997 1145
979 1150
961 1156
941 1159
921 1161
901 1162
880 1162
860 1161
841 1156
825 1144
813 1129
1007 819
1013 808
1024 799
1035 792
1046 786
1058 781
1073 781
1086 783
1099 786
1111 791
1122 798
1125 809
1114 814
1102 820
1089 823
1076 824
1062 824
1048 823
1035 821
1021 821
843 810
832 803
820 794
809 786
796 781
783 777
768 777
755 781
742 787
731 797
724 808
731 820
744 826
757 830
771 833
785 834
800 833
813 830
827 828
840 823
986 749
1001 733
1019 724
1037 716
1056 711
1077 709
1097 711
1117 716
1134 725
1150 739
1164 754
1161 770
1143 761
1125 753
1105 748
1085 746
1063 747
1044 752
1024 757
1003 758
857 743
839 733
821 724
803 716
784 708
764 704
742 704
722 709
705 720
689 736
674 752
692 761
710 753
727 740
746 732
767 730
787 733
806 741
824 751
843 757
