466 610
468 629
470 651
472 670
474 691
477 710
484 730
490 749
498 769
508 786
520 804
532 821
545 836
560 850
575 863
592 875
609 886
626 895
647 903
666 908
687 910
707 910
727 908
748 903
766 896
785 888
802 877
818 862
832 848
845 832
858 817
871 800
882 785
894 766
901 748
906 728
909 706
912 687
917 666
921 647
927 626
675 632
667 645
657 657
650 671
649 686
661 697
677 701
691 703
707 702
723 705
739 705
754 702
766 692
767 677
764 662
758 645
755 630
629 765
640 762
651 761
662 759
673 756
685 753
696 754
708 756
720 755
731 757
741 761
752 765
763 767
775 769
769 778
760 786
751 793
741 799
731 804
720 807
708 808
697 806
686 803
676 799
666 792
657 785
648 777
638 770
634 768
644 768
652 769
661 771
669 772
678 775
686 776
695 777
704 778
713 779
722 779
731 778
740 777
748 776
756 775
748 777
739 778
730 779
721 779
712 779
703 780
694 779
686 777
678 775
669 773
661 771
652 769
643 769
777 565
782 557
788 551
795 547
803 544
811 541
819 540
829 540
837 542
844 546
850 553
848 561
843 568
836 572
828 574
819 574
810 574
802 572
793 570
784 570
649 554
644 546
637 538
628 535
618 534
608 533
598 534
589 536
580 539
571 544
564 550
571 557
579 562
588 565
597 568
607 569
617 569
627 568
636 566
645 562
763 515
776 508
791 504
806 502
822 501
838 501
854 502
870 504
885 507
899 511
911 521
900 526
885 523
870 521
854 520
838 518
822 519
807 521
791 523
775 523
665 499
650 490
634 483
616 481
598 482
580 485
563 489
547 496
532 503
517 512
507 527
522 536
538 530
554 523
570 518
588 515
606 512
624 511
643 512
661 513
