269 487
272 503
278 518
284 534
292 549
301 562
312 576
324 587
335 598
347 611
357 624
365 638
375 652
387 664
400 674
415 680
432 687
447 690
465 690
481 689
497 686
513 679
527 670
539 659
550 646
561 634
573 622
584 609
594 597
606 584
615 571
626 557
633 543
641 528
647 513
654 496
658 480
663 464
664 447
669 431
672 415
402 448
397 461
389 476
388 492
396 505
408 516
422 524
436 529
453 530
467 529
481 520
493 510
507 501
515 487
513 473
506 459
498 444
357 534
373 536
389 540
405 544
421 548
437 551
455 550
472 549
490 549
507 548
523 544
540 543
550 555
541 569
530 582
518 594
505 604
491 613
476 619
459 622
442 621
426 618
410 613
397 604
384 593
373 580
365 566
359 551
362 539
376 541
389 545
402 549
416 551
429 554
443 558
457 560
470 558
484 555
498 553
512 551
526 549
541 547
533 556
522 567
511 575
499 583
486 586
472 588
457 590
443 591
428 589
415 586
402 580
391 571
382 560
373 549
512 376
518 370
524 364
532 360
539 356
546 353
555 352
564 353
572 353
580 356
587 360
588 368
580 372
573 375
565 377
556 378
547 377
538 377
529 377
520 377
392 371
387 364
379 360
372 355
364 352
356 350
348 349
339 349
330 350
322 352
314 355
320 362
327 367
334 371
341 374
350 377
359 377
368 376
377 377
386 377
487 311
499 298
514 289
530 284
546 279
562 274
579 270
596 268
613 272
628 280
640 293
636 306
619 302
602 299
585 297
567 299
553 308
538 315
521 319
502 319
402 318
402 305
390 300
378 296
365 294
352 293
339 295
327 298
315 303
305 311
295 320
288 331
302 331
314 328
325 322
337 318
350 315
363 315
376 317
389 319
