408 564
409 578
413 594
419 608
427 621
436 635
444 646
455 659
467 669
478 680
490 690
503 699
514 709
526 720
539 729
551 736
565 745
580 751
595 753
610 754
626 753
642 752
655 745
669 738
684 731
696 722
708 711
719 702
732 692
744 682
755 670
762 657
769 642
774 628
779 614
785 598
790 584
796 569
801 554
804 540
807 524
537 579
530 589
523 601
519 612
523 624
534 631
547 634
559 637
572 638
585 637
598 634
610 630
622 624
629 612
627 600
620 589
614 577
540 671
549 669
558 667
567 668
576 670
585 672
595 670
604 669
614 669
624 668
633 667
642 665
651 663
660 661
661 669
653 674
646 679
637 683
629 686
620 688
611 689
601 690
591 690
582 688
573 686
565 682
557 678
549 675
546 671
554 673
563 674
571 675
579 676
588 677
597 678
605 677
613 675
621 673
629 671
637 669
645 668
653 666
661 664
653 666
645 667
637 669
629 671
621 672
613 674
605 676
597 677
588 677
580 676
571 674
563 674
555 672
619 520
622 513
628 507
634 503
642 500
650 498
658 497
666 497
674 499
682 502
689 505
688 514
682 519
675 522
667 524
659 525
650 526
642 526
634 525
626 523
509 523
506 517
501 514
494 513
487 513
480 514
473 515
467 516
460 518
455 522
449 526
455 529
461 532
467 535
474 536
481 537
487 536
494 536
501 533
506 529
603 492
607 481
617 475
628 471
639 468
651 466
662 464
675 463
687 463
699 465
710 470
711 480
698 480
685 479
673 479
661 481
649 483
638 487
627 489
615 492
506 498
495 496
483 495
472 494
461 493
449 492
438 491
426 492
416 495
408 503
406 514
415 510
425 505
436 504
447 505
459 505
471 505
482 506
494 506
505 506
