192 385
190 419
188 453
189 487
194 523
198 557
200 591
205 628
212 661
228 693
247 720
271 746
298 772
321 796
348 819
378 837
411 851
443 864
475 874
508 883
544 891
577 897
614 903
648 901
683 898
717 894
749 878
772 853
793 826
814 797
830 766
843 735
855 700
864 668
873 635
879 600
885 566
892 532
903 495
912 462
919 427
611 346
594 366
579 393
571 418
572 447
592 466
622 467
648 464
677 460
706 460
728 478
749 495
774 485
791 462
792 433
781 407
776 378
506 607
528 596
551 588
574 579
596 569
619 561
645 561
669 568
693 574
719 574
745 576
766 591
781 611
792 633
800 656
786 677
766 693
744 701
719 707
693 708
668 704
645 698
620 693
597 685
575 676
553 665
533 649
516 629
518 623
537 622
554 619
570 614
587 610
604 608
623 608
641 609
658 612
676 613
694 614
711 617
727 625
740 637
753 650
744 659
727 656
710 653
692 650
675 647
657 645
639 644
622 642
604 640
586 638
568 637
550 635
533 632
736 264
749 257
763 250
777 245
792 242
808 240
824 242
838 247
851 254
861 267
867 281
864 296
851 303
834 303
819 300
804 296
790 290
776 285
762 280
749 273
545 234
544 221
534 211
522 203
510 198
498 194
484 192
470 194
458 198
446 205
435 213
425 224
437 229
450 234
463 237
476 239
490 240
505 240
519 239
533 238
749 178
754 159
770 147
789 141
809 139
830 141
850 145
869 149
888 154
906 162
922 175
923 195
903 198
884 194
864 190
843 191
823 194
802 195
781 194
760 194
642 159
629 129
599 113
569 98
538 84
506 73
472 68
436 69
403 78
374 95
352 123
345 157
378 150
410 140
444 133
480 132
515 138
546 148
578 160
610 169
