48 776
51 808
55 846
62 880
72 916
85 948
102 982
118 1012
135 1046
152 1076
167 1111
184 1140
210 1167
238 1188
270 1204
303 1215
340 1220
377 1222
411 1223
449 1224
484 1224
520 1216
552 1208
588 1202
625 1193
659 1182
691 1164
712 1139
728 1104
744 1073
761 1041
780 1009
794 977
807 944
816 911
824 873
828 838
827 803
826 768
823 732
815 693
354 811
346 835
340 859
339 884
351 906
374 911
401 909
426 909
450 907
477 904
500 897
522 888
545 876
556 854
548 830
533 810
514 790
348 1038
363 1024
380 1012
396 1001
412 990
431 985
451 983
471 980
490 976
511 976
530 980
549 986
566 993
583 1002
581 1022
567 1037
553 1053
538 1067
522 1079
505 1088
487 1095
467 1098
447 1097
428 1093
410 1086
393 1076
376 1067
361 1054
380 1039
390 1031
401 1025
413 1022
426 1020
440 1019
453 1017
465 1015
477 1012
490 1009
503 1007
516 1005
529 1004
543 1004
555 1007
545 1012
532 1015
520 1018
508 1021
495 1025
483 1028
470 1030
457 1032
444 1033
431 1034
418 1037
406 1040
393 1041
519 668
530 658
539 646
551 639
564 633
578 630
593 629
608 630
622 632
635 638
643 649
637 662
626 673
614 680
601 685
587 688
572 687
557 685
543 682
530 677
310 691
303 681
293 673
281 668
269 665
255 666
243 669
232 674
221 681
211 690
202 700
212 709
223 715
235 720
246 724
260 725
272 723
284 718
294 710
305 703
483 593
493 573
512 560
533 550
555 543
577 537
601 536
625 538
647 544
668 553
688 565
685 583
661 581
639 575
615 573
591 575
569 581
548 591
527 599
504 602
355 610
336 590
313 579
289 571
263 567
235 567
210 572
186 581
165 597
149 619
138 642
130 666
155 661
177 646
198 631
222 623
248 617
276 617
303 618
331 618
