924 1118
930 1153
935 1190
940 1228
950 1261
964 1293
984 1327
1005 1357
1026 1386
1049 1416
1071 1445
1097 1475
1125 1497
1153 1520
1179 1548
1206 1573
1232 1595
1265 1617
1296 1632
1334 1643
1369 1647
1404 1645
1444 1638
1474 1623
1506 1599
1530 1574
1553 1543
1572 1512
1593 1483
1614 1453
1636 1420
1656 1391
1676 1361
1698 1329
1715 1299
1731 1265
1746 1229
1758 1196
1767 1160
1770 1123
1774 1084
1295 1072
1277 1103
1262 1135
1247 1169
1249 1204
1279 1224
1316 1235
1347 1251
1385 1253
1421 1247
1454 1232
1489 1227
1510 1200
1508 1164
1493 1129
1473 1098
1452 1067
1173 1309
1203 1302
1236 1300
1270 1300
1302 1303
1333 1308
1365 1313
1396 1308
1427 1303
1460 1305
1492 1308
1525 1310
1548 1329
1535 1357
1520 1384
1503 1410
1480 1434
1453 1451
1424 1460
1393 1465
1359 1465
1329 1459
1300 1449
1273 1433
1248 1411
1225 1387
1204 1362
1186 1336
1205 1321
1231 1325
1258 1327
1283 1330
1309 1335
1334 1340
1359 1345
1386 1347
1412 1343
1438 1339
1462 1333
1487 1328
1513 1324
1539 1320
1524 1340
1504 1358
1484 1375
1462 1388
1438 1396
1413 1400
1387 1405
1360 1405
1334 1401
1309 1395
1286 1386
1264 1373
1243 1359
1223 1341
1471 950
1475 932
1485 916
1498 902
1514 892
1531 885
1549 881
1569 881
1588 883
1605 888
1621 898
1630 913
1617 928
1601 937
1584 943
1567 948
1549 952
1529 953
1510 950
1491 950
1247 932
1235 918
1220 907
1204 901
1186 898
1167 898
1148 899
1131 903
1116 911
1101 922
1088 936
1104 942
1120 949
1137 955
1155 958
1174 958
1192 957
1210 955
1229 953
1246 950
1438 821
1463 809
1489 800
1517 794
1545 789
1573 784
1600 776
1629 772
1657 776
1684 785
1685 806
1656 809
1628 814
1600 820
1574 829
1548 838
1520 844
1493 852
1467 860
1441 851
1276 832
1250 812
1221 800
1190 792
1158 788
1125 786
1091 788
1060 794
1030 804
1003 819
977 839
1006 849
1039 846
1072 843
1105 841
1139 843
1171 848
1204 852
1236 856
1269 860
