540 547
544 565
550 585
553 604
556 624
559 644
562 664
567 684
573 701
581 720
591 738
599 755
609 772
617 790
626 808
638 823
653 837
670 847
690 852
709 854
730 851
748 847
768 841
787 835
804 826
820 813
834 799
849 787
864 775
879 761
891 746
901 727
909 710
920 693
930 677
940 659
949 640
956 622
962 603
968 583
972 564
659 517
655 531
645 543
639 556
642 573
653 583
668 586
683 584
700 583
714 579
731 578
747 577
759 569
763 553
758 539
747 527
735 516
626 654
640 644
655 638
671 636
688 638
704 641
722 641
739 641
756 643
772 646
788 649
804 653
815 664
804 677
794 691
783 704
771 716
757 725
743 733
727 737
710 739
694 738
678 733
664 726
653 712
645 699
638 684
632 669
642 664
654 659
666 655
679 654
692 655
705 657
718 654
731 652
744 652
758 653
770 655
784 657
797 658
806 665
796 675
785 682
774 688
763 693
751 698
740 703
727 706
715 709
701 709
689 707
677 702
666 695
656 686
649 675
761 462
768 457
775 452
783 447
790 443
798 440
807 438
816 439
825 440
833 443
840 449
840 458
832 460
824 463
815 465
806 466
797 465
788 463
779 463
770 464
652 457
646 452
639 448
632 445
624 445
616 445
608 447
601 449
594 453
588 458
583 464
589 467
597 469
605 471
613 472
621 471
629 470
637 469
644 467
651 464
739 386
752 370
771 366
792 365
812 367
832 371
850 377
867 386
884 398
899 412
909 429
895 435
879 423
862 413
844 406
826 400
806 397
785 398
765 400
746 404
635 399
630 388
618 382
605 380
592 381
580 385
568 390
557 396
546 405
542 417
540 430
541 444
551 442
557 430
564 419
574 410
585 404
598 401
612 402
625 404
