1070 1180
1080 1232
1098 1282
1118 1330
1140 1384
1167 1431
1195 1478
1224 1517
1255 1564
1284 1610
1303 1661
1321 1713
1342 1762
1376 1804
1406 1848
1451 1885
1498 1904
1552 1910
1604 1903
1657 1889
1704 1861
1749 1828
1791 1790
1830 1752
1860 1712
1903 1675
1941 1638
1979 1600
2020 1561
2056 1521
2090 1479
2115 1433
2135 1383
2154 1333
2167 1281
2178 1228
2186 1170
2192 1118
2194 1061
2186 1010
2165 957
1254 1084
1237 1125
1220 1172
1215 1217
1238 1257
1281 1279
1329 1295
1371 1301
1420 1295
1467 1278
1509 1261
1556 1242
1586 1210
1583 1164
1572 1117
1544 1078
1520 1035
1267 1392
1312 1386
1360 1385
1405 1392
1452 1394
1496 1384
1541 1378
1589 1377
1634 1369
1679 1363
1726 1367
1764 1387
1749 1427
1728 1466
1704 1504
1677 1541
1644 1575
1608 1605
1570 1629
1527 1638
1479 1638
1431 1639
1388 1628
1355 1593
1339 1553
1325 1511
1311 1470
1292 1430
1278 1396
1314 1404
1349 1413
1384 1422
1420 1428
1459 1428
1496 1424
1532 1416
1567 1408
1604 1402
1641 1397
1677 1391
1714 1385
1743 1396
1714 1422
1684 1443
1653 1463
1622 1483
1592 1504
1561 1522
1527 1532
1489 1536
1451 1534
1418 1521
1388 1500
1358 1476
1329 1452
1301 1426
1570 907
1589 891
1609 878
1630 864
1651 854
1674 847
1698 844
1723 841
1749 841
1773 845
1795 852
1783 871
1762 883
1740 893
1718 900
1694 904
1669 906
1643 905
1619 901
1595 906
1301 943
1298 927
1283 918
1266 913
1248 911
1229 910
1211 914
1195 919
1178 925
1163 934
1149 946
1138 961
1156 958
1175 959
1194 959
1213 959
1231 957
1249 954
1266 950
1283 945
1498 757
1502 714
1534 682
1572 666
1613 657
1655 650
1697 643
1742 641
1781 653
1816 677
1849 707
1877 741
1844 763
1799 763
1755 760
1711 756
1668 752
1624 748
1580 744
1539 753
1199 794
1194 774
1178 757
1159 748
1140 740
1118 739
1096 742
1077 751
1064 768
1057 788
1054 809
1056 831
1059 852
1076 867
1093 855
1103 836
1120 822
1142 819
1162 814
1183 810
