937 898
938 937
940 981
943 1019
947 1062
949 1105
951 1148
960 1184
980 1225
1004 1258
1026 1296
1045 1329
1071 1365
1095 1399
1116 1431
1138 1472
1156 1505
1184 1540
1216 1565
1257 1579
1297 1590
1336 1593
1379 1587
1420 1575
1454 1554
1483 1523
1505 1487
1527 1455
1553 1420
1579 1389
1604 1353
1628 1318
1650 1284
1666 1244
1681 1207
1693 1166
1699 1126
1703 1086
1710 1042
1718 1000
1726 959
1249 1040
1231 1064
1210 1093
1206 1123
1218 1154
1242 1177
1270 1200
1299 1217
1328 1224
1362 1213
1391 1197
1421 1182
1444 1159
1450 1128
1441 1096
1419 1068
1404 1039
1097 1231
1134 1235
1169 1242
1205 1248
1241 1255
1276 1262
1312 1268
1350 1272
1387 1270
1426 1269
1464 1266
1502 1265
1514 1297
1494 1327
1471 1356
1444 1384
1415 1407
1383 1425
1350 1436
1314 1442
1277 1438
1243 1427
1211 1411
1182 1387
1166 1356
1151 1324
1134 1292
1114 1262
1124 1235
1151 1243
1179 1251
1207 1256
1237 1259
1265 1265
1293 1273
1322 1278
1352 1277
1383 1277
1414 1275
1444 1273
1474 1269
1486 1290
1463 1311
1439 1328
1415 1343
1389 1357
1363 1367
1335 1374
1306 1377
1277 1371
1252 1359
1227 1343
1204 1324
1181 1304
1159 1283
1140 1259
1428 909
1441 898
1455 888
1470 880
1485 874
1502 870
1520 870
1537 872
1553 877
1569 884
1583 894
1580 910
1565 915
1548 919
1531 922
1513 922
1496 920
1479 917
1462 914
1444 913
1217 886
1204 876
1191 866
1178 858
1163 852
1148 850
1131 851
1116 854
1102 860
1088 868
1076 880
1089 891
1102 899
1116 905
1132 907
1149 907
1165 905
1181 903
1197 901
1213 899
1423 802
1443 780
1469 773
1496 767
1524 763
1553 763
1582 764
1610 769
1635 779
1657 797
1671 820
1662 842
1636 832
1611 823
1584 818
1555 817
1525 818
1498 822
1470 827
1442 824
1238 796
1219 773
1191 763
1162 754
1133 746
1102 741
1071 738
1040 743
1014 758
992 782
978 808
978 841
1010 841
1035 822
1061 806
1093 803
1123 809
1152 816
1184 818
1217 817
