628 1082
631 1127
634 1173
642 1223
652 1267
667 1315
683 1360
701 1403
720 1445
744 1489
772 1525
802 1563
834 1598
871 1628
910 1654
952 1676
996 1697
1039 1714
1085 1725
1135 1729
1181 1736
1228 1745
1276 1743
1323 1738
1366 1726
1409 1703
1445 1677
1482 1643
1509 1605
1531 1562
1547 1519
1564 1472
1580 1430
1599 1385
1612 1339
1619 1294
1627 1243
1632 1198
1637 1152
1644 1101
1645 1054
1171 1001
1167 1035
1160 1072
1149 1105
1144 1142
1166 1168
1204 1166
1238 1170
1276 1175
1311 1180
1346 1175
1381 1165
1414 1147
1432 1116
1436 1080
1413 1054
1399 1020
1079 1380
1108 1354
1138 1335
1170 1316
1202 1302
1237 1291
1273 1285
1312 1284
1350 1287
1388 1288
1427 1286
1461 1297
1477 1329
1487 1364
1496 1399
1478 1430
1456 1460
1426 1483
1393 1498
1359 1508
1324 1517
1286 1519
1249 1514
1216 1500
1183 1485
1152 1466
1124 1439
1099 1410
1107 1374
1131 1369
1155 1366
1179 1362
1202 1356
1226 1352
1251 1349
1275 1346
1299 1342
1324 1339
1350 1340
1374 1343
1397 1349
1420 1355
1424 1378
1404 1393
1383 1402
1361 1411
1339 1419
1315 1423
1290 1426
1265 1426
1240 1423
1217 1418
1195 1410
1174 1398
1153 1387
1132 1377
1327 878
1330 861
1344 849
1357 836
1371 827
1387 821
1404 818
1422 817
1440 818
1457 821
1473 826
1474 844
1463 858
1449 868
1433 873
1415 875
1397 876
1379 878
1361 879
1344 881
1089 871
1072 858
1054 850
1034 845
1014 841
995 832
973 832
953 836
934 845
918 857
903 874
923 879
940 892
959 899
979 902
1001 903
1023 902
1044 898
1065 895
1084 890
1295 707
1291 676
1318 663
1344 648
1370 632
1397 617
1425 608
1458 607
1489 613
1514 632
1529 658
1537 685
1513 664
1485 653
1455 659
1428 672
1401 685
1373 697
1347 713
1320 726
1081 711
1065 678
1032 660
997 649
960 641
922 636
883 640
850 658
819 681
797 713
782 747
773 783
803 757
832 728
863 708
900 699
940 700
978 708
1012 722
1048 730
