412 569
416 586
421 602
427 618
432 635
439 650
447 666
455 682
464 697
473 711
483 725
493 740
504 755
515 768
526 781
539 794
555 802
572 804
588 802
606 799
623 795
640 791
657 785
672 778
687 768
702 759
716 750
731 740
745 729
757 716
768 703
779 689
789 675
798 660
805 644
812 626
816 610
818 593
820 574
819 558
817 539
504 550
497 563
491 576
488 591
488 606
497 618
510 623
526 625
541 623
556 620
571 616
584 610
594 600
596 585
591 570
582 558
569 550
499 662
504 651
516 646
529 647
542 649
555 647
567 645
581 646
592 651
604 656
615 661
626 667
630 679
623 690
616 700
609 711
601 721
591 730
580 735
568 739
554 738
542 735
530 731
521 721
516 709
512 697
508 686
503 674
519 676
523 669
530 665
537 663
546 662
554 661
563 661
572 661
580 661
589 662
597 663
605 665
613 667
620 670
625 676
618 681
610 684
603 687
595 690
587 692
579 693
571 694
563 696
554 696
546 694
539 690
532 685
526 681
594 487
600 482
607 476
614 472
622 468
630 467
639 466
648 467
657 468
664 471
672 476
670 484
662 487
654 488
645 488
636 490
628 492
619 491
611 490
602 488
502 488
499 481
494 476
487 473
480 471
472 472
465 473
458 475
451 478
446 483
443 490
447 496
453 500
460 503
467 505
475 505
482 505
490 503
496 500
502 496
557 451
568 440
582 435
596 431
610 428
625 426
641 424
656 426
670 429
684 435
697 441
690 448
675 445
661 442
646 440
631 442
617 445
603 450
588 452
572 453
504 461
496 456
488 452
480 449
471 448
461 446
452 445
443 443
433 443
424 444
416 449
424 454
432 457
441 459
451 460
460 461
470 462
479 463
488 464
498 465
