204 268
205 279
206 290
209 301
212 312
217 323
221 333
226 344
231 355
236 364
241 374
247 384
253 394
260 403
268 412
275 420
284 428
293 434
304 438
315 439
327 440
338 441
350 441
361 439
373 437
383 433
395 429
405 425
416 421
425 415
434 408
443 401
452 393
459 385
466 375
473 366
478 356
483 345
486 334
489 323
491 311
288 274
284 285
279 296
274 306
269 317
275 327
285 330
297 333
309 333
321 332
333 330
344 327
355 322
354 311
347 300
341 290
337 279
260 362
269 364
278 364
288 364
297 364
307 364
316 363
326 363
335 364
345 364
354 364
363 363
372 363
373 371
367 378
359 383
351 387
344 391
335 394
326 396
317 397
308 397
299 396
291 392
283 388
276 384
269 377
264 370
273 367
279 368
286 368
293 368
300 369
307 369
314 368
321 369
328 369
335 369
342 368
349 368
356 367
362 367
362 371
356 374
350 376
344 378
337 379
330 380
323 380
316 380
309 380
303 379
296 378
290 376
284 374
278 371
341 244
345 239
350 234
355 231
362 230
368 229
375 230
381 232
387 234
392 236
398 239
396 245
391 248
385 250
378 251
372 252
365 251
359 250
352 249
346 247
281 238
278 233
275 229
270 225
265 223
260 221
255 220
249 219
243 219
238 222
234 226
237 231
240 236
244 239
249 242
254 243
260 244
266 244
272 243
277 242
331 209
336 201
346 198
356 198
367 198
377 198
387 200
396 203
404 208
413 213
421 219
413 220
404 218
394 216
384 216
373 216
363 217
354 220
344 221
335 218
285 207
279 202
272 197
265 194
258 192
250 191
242 193
235 195
228 198
222 202
216 208
224 207
231 205
239 203
247 204
254 205
261 208
268 211
275 214
283 215
