979 1063
984 1115
991 1162
999 1216
1006 1266
1014 1319
1018 1372
1024 1425
1033 1472
1048 1525
1068 1572
1092 1621
1118 1664
1151 1703
1185 1744
1222 1778
1262 1814
1302 1845
1343 1877
1389 1903
1437 1924
1490 1935
1540 1939
1590 1939
1642 1934
1692 1923
1745 1911
1795 1889
1830 1857
1862 1812
1885 1766
1905 1720
1923 1667
1936 1621
1952 1569
1966 1517
1977 1470
1991 1416
2011 1368
2031 1320
2043 1268
1546 1133
1516 1155
1495 1194
1489 1231
1509 1267
1542 1290
1585 1296
1622 1305
1662 1321
1703 1328
1744 1319
1773 1294
1805 1266
1823 1230
1810 1193
1787 1156
1775 1117
1424 1449
1437 1417
1461 1390
1493 1377
1526 1368
1561 1362
1598 1364
1633 1370
1670 1373
1705 1369
1740 1363
1777 1365
1811 1373
1840 1393
1851 1425
1842 1459
1816 1485
1787 1506
1755 1519
1721 1527
1686 1533
1650 1529
1616 1523
1579 1520
1544 1514
1511 1504
1478 1494
1449 1476
1468 1453
1494 1450
1518 1444
1544 1440
1570 1438
1598 1437
1625 1438
1652 1439
1679 1438
1705 1441
1732 1443
1759 1441
1786 1442
1811 1448
1833 1455
1810 1445
1785 1441
1759 1437
1732 1436
1705 1438
1678 1437
1651 1437
1623 1438
1597 1436
1569 1436
1543 1438
1516 1439
1491 1446
1751 915
1765 899
1783 890
1800 881
1819 875
1840 872
1861 873
1881 877
1899 885
1916 895
1932 909
1929 929
1910 934
1890 938
1870 940
1848 940
1828 937
1808 932
1788 928
1767 927
1467 875
1451 863
1434 856
1417 850
1399 845
1380 843
1360 844
1341 848
1324 855
1309 866
1296 881
1312 891
1328 899
1347 903
1366 905
1386 905
1406 903
1425 901
1445 899
1462 893
1720 746
1758 739
1799 739
1839 743
1875 753
1912 762
1950 768
1987 777
2020 796
2043 827
2052 864
2016 864
1981 849
1946 836
1912 821
1871 820
1831 817
1795 806
1756 809
1725 785
1549 735
1507 724
1463 717
1418 713
1371 712
1326 717
1283 726
1243 740
1204 759
1168 786
1142 822
1188 820
1230 809
1272 799
1315 790
1359 783
1405 780
1452 779
1499 778
1543 773
