1100 1091
1114 1130
1128 1177
1137 1221
1147 1269
1153 1313
1159 1358
1165 1405
1176 1447
1194 1492
1215 1531
1243 1571
1273 1605
1305 1639
1337 1669
1375 1698
1416 1722
1459 1738
1501 1745
1548 1747
1594 1748
1641 1750
1688 1749
1731 1745
1776 1733
1818 1713
1852 1682
1881 1648
1909 1606
1929 1567
1949 1523
1965 1482
1983 1438
2001 1397
2010 1350
2014 1307
2020 1262
2027 1215
2034 1171
2045 1124
2056 1077
1520 999
1502 1040
1478 1085
1465 1130
1468 1178
1495 1218
1537 1243
1578 1262
1625 1277
1673 1266
1717 1245
1756 1216
1776 1174
1779 1127
1762 1084
1750 1033
1731 989
1388 1341
1420 1334
1453 1330
1486 1326
1520 1324
1554 1324
1589 1323
1622 1327
1655 1325
1687 1319
1720 1314
1754 1313
1787 1317
1817 1326
1818 1356
1791 1373
1762 1386
1732 1396
1700 1403
1668 1407
1634 1410
1600 1411
1566 1410
1533 1406
1502 1398
1473 1386
1444 1372
1417 1355
1415 1346
1445 1346
1475 1344
1505 1345
1533 1348
1562 1352
1590 1357
1618 1361
1647 1358
1677 1356
1705 1352
1732 1346
1760 1340
1789 1337
1818 1339
1792 1337
1763 1341
1735 1346
1708 1352
1679 1356
1651 1360
1621 1361
1592 1358
1563 1355
1535 1350
1505 1348
1475 1348
1446 1346
1731 893
1747 879
1764 866
1781 854
1799 845
1818 838
1838 833
1859 832
1881 833
1900 838
1918 849
1913 868
1896 880
1877 887
1858 893
1838 898
1816 899
1794 897
1773 896
1751 897
1463 896
1455 879
1439 865
1421 853
1404 842
1385 833
1365 828
1343 829
1324 836
1306 846
1289 860
1275 877
1293 887
1312 894
1332 898
1354 901
1376 902
1398 900
1419 898
1441 897
1749 787
1762 759
1788 739
1818 728
1850 723
1883 720
1914 711
1949 711
1978 724
2001 749
2015 778
2019 810
1992 823
1964 808
1935 795
1903 787
1870 786
1839 795
1809 805
1775 806
1520 763
1483 740
1442 729
1398 724
1354 719
1307 719
1265 728
1224 739
1186 759
1157 793
1138 831
1179 843
1221 833
1258 811
1298 799
1343 795
1388 799
1431 804
1474 813
1517 806
