952 1068
965 1109
979 1155
997 1199
1017 1244
1039 1285
1062 1325
1088 1367
1114 1409
1137 1447
1159 1487
1186 1530
1214 1569
1244 1606
1276 1641
1308 1672
1345 1706
1383 1731
1425 1754
1469 1768
1515 1774
1562 1769
1609 1757
1654 1737
1690 1711
1722 1678
1753 1641
1780 1600
1804 1559
1829 1519
1849 1477
1872 1437
1899 1396
1924 1354
1944 1315
1964 1269
1979 1226
1990 1181
2000 1134
2009 1088
2011 1037
1424 972
1409 1014
1389 1061
1374 1106
1367 1154
1386 1198
1430 1218
1472 1239
1520 1255
1566 1243
1613 1222
1657 1208
1680 1165
1672 1118
1659 1073
1642 1027
1628 976
1275 1365
1308 1352
1342 1341
1377 1333
1416 1333
1453 1328
1491 1330
1531 1330
1568 1326
1606 1324
1643 1330
1676 1341
1709 1354
1739 1374
1714 1403
1693 1433
1668 1461
1637 1480
1604 1492
1567 1497
1528 1498
1489 1497
1452 1491
1419 1480
1387 1463
1357 1441
1327 1419
1298 1395
1311 1371
1337 1383
1365 1389
1396 1391
1427 1392
1458 1393
1488 1394
1520 1394
1549 1390
1581 1390
1611 1388
1643 1388
1674 1388
1704 1384
1731 1376
1704 1381
1675 1385
1644 1386
1613 1388
1582 1389
1551 1389
1520 1389
1489 1391
1458 1391
1427 1391
1397 1388
1367 1384
1339 1377
1649 853
1667 839
1685 825
1704 814
1724 806
1745 802
1768 800
1791 803
1812 808
1832 816
1844 834
1837 854
1819 867
1799 874
1778 879
1755 881
1731 880
1709 878
1688 871
1668 864
1378 833
1358 826
1338 818
1318 808
1298 801
1276 797
1253 795
1231 798
1211 805
1192 817
1174 832
1191 848
1211 858
1232 864
1254 866
1277 864
1299 860
1320 854
1341 848
1362 843
1609 632
1644 618
1680 604
1717 594
1756 586
1795 581
1836 578
1877 581
1911 600
1935 630
1950 665
1934 681
1908 651
1875 630
1836 624
1795 626
1756 633
1718 641
1679 649
1641 657
1386 637
1360 601
1320 585
1279 569
1238 555
1193 550
1150 560
1112 585
1082 621
1058 658
1044 699
1051 744
1077 708
1099 670
1131 636
1171 618
1218 616
1261 626
1302 640
1346 650
