855 1105
867 1142
879 1175
889 1214
902 1252
914 1288
926 1323
943 1358
963 1389
986 1422
1007 1455
1026 1490
1049 1518
1075 1548
1103 1574
1135 1594
1170 1610
1207 1623
1246 1633
1283 1641
1322 1650
1359 1657
1398 1662
1435 1663
1476 1662
1512 1655
1542 1635
1575 1610
1594 1579
1612 1545
1633 1510
1653 1479
1675 1444
1689 1411
1699 1371
1705 1336
1711 1297
1717 1258
1722 1219
1727 1181
1731 1141
1384 1084
1375 1113
1362 1140
1353 1169
1360 1198
1382 1218
1410 1225
1441 1229
1471 1237
1501 1240
1529 1240
1559 1230
1577 1205
1587 1177
1578 1150
1566 1121
1555 1092
1248 1341
1271 1333
1298 1336
1325 1334
1353 1335
1380 1338
1407 1340
1434 1341
1462 1341
1488 1337
1515 1335
1542 1333
1570 1335
1597 1337
1591 1360
1571 1378
1548 1390
1523 1397
1497 1400
1470 1402
1443 1404
1415 1402
1390 1397
1365 1391
1340 1384
1316 1377
1292 1368
1269 1356
1273 1339
1295 1342
1316 1348
1338 1353
1360 1356
1383 1358
1406 1360
1429 1360
1452 1359
1475 1357
1499 1358
1522 1356
1545 1354
1567 1352
1588 1349
1566 1353
1544 1356
1521 1358
1498 1359
1475 1362
1452 1363
1429 1362
1405 1360
1382 1358
1360 1356
1337 1355
1314 1352
1293 1346
1518 977
1521 963
1533 954
1545 947
1558 941
1570 935
1584 931
1598 929
1613 931
1626 936
1634 948
1637 962
1630 974
1618 982
1605 986
1590 987
1575 985
1560 984
1546 982
1531 980
1306 957
1296 946
1284 940
1270 938
1256 936
1242 936
1228 938
1215 941
1203 946
1192 955
1185 967
1197 973
1209 978
1222 981
1236 982
1251 982
1265 982
1279 981
1292 977
1304 970
1511 858
1531 836
1555 819
1580 806
1606 796
1632 786
1661 782
1685 796
1696 822
1698 852
1697 882
1694 911
1689 890
1678 864
1656 844
1626 846
1600 856
1575 868
1549 880
1521 884
1424 891
1421 850
1386 821
1348 802
1307 788
1263 783
1216 784
1176 797
1139 821
1106 853
1075 887
1050 923
1095 920
1134 903
1171 881
1210 863
1254 855
1299 858
1340 871
1380 884
