979 1033
976 1083
975 1140
976 1191
979 1247
984 1304
989 1354
997 1408
1008 1464
1022 1514
1036 1566
1046 1617
1055 1674
1070 1728
1091 1773
1126 1817
1172 1849
1223 1864
1277 1869
1333 1870
1388 1871
1438 1869
1493 1863
1549 1854
1603 1847
1654 1842
1709 1832
1759 1811
1802 1778
1839 1739
1877 1698
1910 1655
1945 1613
1975 1570
2009 1527
2041 1483
2070 1437
2096 1390
2117 1341
2129 1290
2135 1231
1260 997
1223 1025
1191 1061
1167 1102
1156 1151
1178 1191
1217 1217
1264 1238
1308 1246
1358 1246
1405 1249
1453 1245
1497 1225
1522 1181
1526 1133
1510 1091
1487 1044
1112 1312
1156 1298
1202 1306
1246 1320
1289 1337
1334 1348
1382 1354
1428 1363
1472 1377
1514 1397
1555 1418
1596 1438
1621 1476
1583 1506
1543 1532
1503 1555
1461 1573
1417 1588
1371 1597
1323 1601
1273 1600
1226 1592
1185 1571
1147 1540
1127 1498
1124 1449
1134 1403
1135 1353
1117 1320
1158 1325
1192 1345
1226 1365
1263 1379
1301 1389
1341 1396
1384 1396
1426 1399
1465 1407
1504 1417
1542 1428
1579 1441
1612 1461
1583 1486
1546 1499
1507 1508
1467 1514
1425 1517
1383 1519
1340 1519
1300 1513
1263 1501
1227 1484
1195 1458
1169 1426
1154 1390
1140 1353
1597 918
1616 902
1637 892
1659 884
1682 879
1706 876
1732 876
1755 881
1777 889
1797 901
1816 918
1812 941
1788 945
1763 946
1738 946
1713 944
1690 938
1667 932
1644 927
1621 921
1324 872
1323 851
1314 833
1301 816
1286 802
1268 791
1250 782
1229 781
1209 784
1190 791
1172 799
1154 809
1170 823
1187 834
1205 845
1223 854
1241 861
1261 866
1281 870
1302 872
1554 716
1602 694
1657 688
1714 689
1769 697
1819 713
1867 736
1912 766
1955 803
1989 847
2013 894
1974 894
1933 854
1890 817
1844 791
1794 774
1739 768
1681 768
1623 770
1566 769
1361 718
1351 684
1325 657
1296 636
1264 620
1230 613
1191 613
1158 622
1128 641
1105 670
1089 701
1078 735
1112 725
1136 697
1165 677
1202 672
1237 679
1269 692
1300 708
1329 731
