1155 970
1160 1014
1163 1058
1170 1105
1177 1148
1184 1192
1189 1241
1200 1285
1216 1325
1240 1365
1270 1401
1297 1435
1325 1474
1351 1509
1383 1542
1413 1576
1455 1598
1497 1614
1538 1628
1580 1642
1627 1656
1671 1660
1717 1654
1763 1647
1804 1634
1845 1612
1880 1582
1908 1547
1934 1508
1957 1471
1979 1433
2001 1389
2018 1348
2034 1307
2051 1261
2064 1219
2078 1177
2092 1134
2105 1091
2117 1047
2127 998
1578 910
1560 938
1541 970
1533 1002
1549 1036
1579 1051
1614 1067
1646 1077
1680 1087
1716 1083
1752 1074
1784 1058
1814 1042
1833 1010
1827 978
1806 945
1783 917
1415 1192
1450 1176
1490 1170
1530 1165
1571 1162
1613 1163
1653 1167
1695 1169
1736 1166
1776 1161
1818 1160
1857 1168
1890 1189
1888 1231
1869 1265
1846 1297
1816 1327
1782 1345
1744 1354
1703 1359
1662 1361
1620 1359
1582 1350
1546 1336
1513 1317
1481 1290
1453 1260
1430 1227
1438 1200
1472 1197
1508 1196
1543 1199
1577 1202
1611 1206
1643 1213
1677 1217
1711 1212
1743 1205
1775 1197
1809 1192
1843 1190
1874 1200
1854 1227
1831 1253
1803 1271
1774 1286
1742 1294
1709 1300
1675 1305
1640 1305
1606 1301
1573 1295
1542 1285
1513 1270
1486 1250
1459 1227
1809 781
1820 768
1835 759
1849 751
1864 743
1880 738
1896 734
1914 734
1931 738
1946 743
1961 751
1964 767
1949 774
1933 778
1917 781
1899 782
1881 782
1863 781
1845 781
1827 781
1468 748
1467 736
1457 727
1446 721
1434 717
1421 714
1409 712
1395 712
1382 714
1370 719
1361 729
1358 741
1369 747
1380 752
1393 755
1406 756
1419 758
1432 759
1445 758
1457 754
1820 622
1843 603
1868 589
1893 579
1921 572
1951 569
1981 570
2008 577
2031 595
2050 617
2064 642
2057 658
2034 638
2010 622
1984 613
1954 614
1927 622
1899 630
1872 637
1843 641
1531 592
1529 555
1500 533
1466 524
1429 519
1392 517
1354 518
1322 532
1292 553
1263 575
1239 603
1227 636
1257 617
1287 597
1318 579
1353 571
1390 573
1427 577
1462 585
1495 596
