1056 1150
1061 1193
1065 1240
1074 1284
1089 1327
1102 1373
1114 1419
1120 1462
1127 1510
1142 1551
1163 1593
1188 1633
1212 1671
1238 1708
1266 1745
1295 1779
1331 1811
1369 1834
1415 1846
1459 1853
1504 1863
1547 1867
1595 1866
1643 1860
1686 1847
1726 1822
1756 1787
1778 1748
1798 1706
1818 1667
1841 1629
1863 1587
1885 1545
1907 1504
1927 1462
1937 1419
1944 1372
1953 1331
1963 1284
1973 1240
1984 1192
1519 1153
1492 1176
1463 1198
1439 1227
1449 1260
1481 1277
1517 1289
1548 1304
1585 1314
1621 1313
1657 1307
1694 1295
1730 1283
1747 1252
1730 1223
1705 1195
1680 1164
1326 1405
1361 1394
1398 1387
1436 1381
1475 1376
1515 1375
1555 1378
1594 1380
1634 1382
1672 1387
1707 1399
1740 1416
1773 1434
1761 1469
1743 1502
1722 1533
1693 1562
1661 1581
1624 1590
1584 1592
1545 1590
1508 1582
1473 1570
1440 1553
1408 1533
1380 1504
1359 1472
1342 1439
1342 1412
1374 1408
1406 1410
1438 1411
1470 1413
1501 1417
1532 1421
1565 1420
1598 1420
1629 1423
1662 1425
1692 1429
1720 1440
1751 1445
1728 1468
1703 1486
1675 1499
1646 1507
1618 1516
1587 1522
1555 1521
1524 1517
1494 1510
1466 1500
1438 1488
1411 1474
1386 1456
1361 1436
1705 1046
1719 1043
1732 1039
1745 1034
1759 1030
1773 1027
1788 1026
1802 1029
1815 1034
1826 1043
1838 1052
1832 1064
1817 1065
1802 1065
1787 1063
1773 1060
1759 1057
1746 1053
1731 1052
1717 1054
1438 1006
1431 997
1422 991
1412 988
1402 984
1391 982
1380 981
1368 982
1357 983
1346 986
1336 990
1346 994
1356 1000
1366 1003
1376 1007
1387 1009
1398 1011
1409 1013
1420 1014
1431 1015
1724 969
1728 941
1748 919
1774 909
1803 906
1830 912
1856 922
1881 933
1907 944
1930 959
1945 983
1955 1009
1939 1030
1913 1018
1890 1003
1864 993
1836 988
1806 986
1778 983
1748 983
1538 935
1522 899
1488 876
1452 860
1412 850
1371 846
1328 849
1289 858
1252 875
1219 898
1187 928
1180 968
1223 970
1260 956
1296 939
1336 930
1378 927
1420 930
1461 938
1500 948
