1137 1258
1143 1301
1152 1347
1171 1390
1197 1428
1222 1465
1247 1501
1276 1540
1307 1576
1335 1613
1363 1648
1394 1680
1431 1711
1467 1738
1506 1765
1541 1789
1581 1814
1623 1837
1663 1854
1708 1870
1753 1877
1800 1875
1844 1865
1884 1847
1919 1813
1941 1776
1960 1731
1972 1686
1981 1642
1990 1598
2006 1552
2017 1509
2036 1468
2048 1425
2060 1379
2076 1333
2092 1292
2107 1247
2115 1204
2114 1158
2108 1109
1706 1115
1696 1149
1680 1180
1682 1214
1699 1247
1730 1261
1767 1265
1804 1269
1838 1271
1874 1270
1906 1253
1931 1226
1948 1196
1951 1159
1939 1125
1918 1097
1893 1068
1520 1469
1537 1430
1575 1410
1616 1398
1657 1386
1698 1373
1739 1360
1782 1352
1828 1349
1871 1342
1916 1338
1958 1349
1961 1394
1946 1434
1936 1476
1928 1519
1919 1562
1906 1602
1873 1635
1834 1650
1790 1657
1743 1657
1699 1651
1658 1638
1622 1613
1589 1579
1563 1544
1541 1506
1541 1453
1572 1438
1605 1425
1639 1417
1675 1410
1710 1403
1746 1398
1784 1398
1821 1396
1855 1388
1889 1379
1924 1370
1944 1397
1929 1429
1913 1460
1898 1491
1886 1524
1871 1556
1843 1579
1811 1592
1775 1598
1737 1597
1701 1591
1669 1578
1639 1559
1610 1537
1582 1512
1557 1484
1854 945
1860 930
1872 918
1886 909
1901 902
1915 895
1930 889
1946 887
1962 890
1977 896
1990 905
1999 918
1984 924
1968 928
1953 932
1937 936
1921 938
1903 939
1886 939
1871 944
1575 967
1563 957
1549 952
1534 949
1519 948
1503 950
1489 953
1475 958
1462 964
1449 972
1437 981
1449 991
1463 994
1480 994
1495 993
1510 991
1525 989
1541 986
1555 984
1570 981
1857 835
1874 819
1888 801
1906 789
1926 781
1946 775
1968 772
1989 769
2012 769
2031 779
2045 796
2049 816
2026 816
2004 813
1981 812
1958 814
1937 818
1918 826
1898 835
1878 840
1653 823
1622 806
1586 801
1548 801
1512 807
1477 815
1444 825
1412 841
1383 863
1355 888
1332 916
1369 913
1400 897
1432 884
1467 875
1501 867
1536 859
1573 857
1611 859
1648 855
