899 1010
901 1048
904 1086
909 1128
915 1165
925 1202
939 1243
953 1278
968 1313
986 1351
1004 1384
1031 1416
1061 1441
1093 1463
1127 1484
1161 1503
1196 1521
1231 1537
1268 1550
1306 1562
1345 1571
1384 1579
1425 1586
1461 1589
1501 1586
1539 1572
1569 1546
1589 1513
1608 1478
1632 1449
1659 1416
1682 1385
1704 1354
1718 1317
1728 1279
1739 1241
1749 1203
1757 1164
1765 1124
1772 1084
1775 1044
1421 1014
1403 1036
1385 1061
1373 1091
1388 1116
1413 1137
1439 1149
1466 1163
1496 1177
1526 1181
1555 1172
1578 1152
1597 1127
1608 1099
1603 1067
1592 1039
1576 1011
1246 1240
1276 1231
1308 1227
1341 1224
1374 1221
1407 1218
1439 1223
1470 1229
1505 1230
1538 1228
1572 1229
1604 1234
1633 1245
1629 1276
1613 1304
1595 1330
1570 1352
1542 1367
1511 1375
1478 1376
1444 1375
1411 1372
1380 1366
1351 1355
1323 1340
1297 1320
1274 1296
1256 1269
1256 1237
1284 1239
1312 1240
1340 1241
1368 1243
1395 1247
1421 1251
1448 1256
1475 1259
1504 1259
1532 1258
1559 1256
1587 1253
1609 1260
1588 1280
1569 1300
1547 1315
1522 1324
1497 1330
1470 1333
1442 1334
1414 1332
1388 1327
1362 1320
1339 1308
1317 1292
1296 1275
1274 1258
1566 912
1573 899
1583 886
1596 875
1610 868
1625 864
1641 862
1659 862
1675 864
1690 869
1703 879
1706 894
1693 904
1679 911
1664 915
1648 917
1631 916
1615 914
1598 913
1582 915
1347 868
1339 856
1327 848
1314 842
1300 840
1286 839
1270 839
1256 840
1242 844
1230 850
1219 860
1231 867
1244 873
1257 878
1270 882
1284 884
1299 885
1314 885
1329 885
1343 881
1550 813
1555 790
1574 776
1596 768
1619 762
1642 757
1667 754
1692 753
1717 755
1739 763
1758 779
1768 800
1745 795
1720 794
1694 794
1671 799
1648 804
1624 809
1600 813
1575 813
1431 765
1399 743
1365 727
1328 720
1290 714
1249 713
1209 716
1172 723
1137 737
1106 759
1076 786
1116 788
1154 781
1194 778
1235 778
1274 781
1313 787
1350 795
1388 803
1427 801
