271 424
276 445
283 465
291 483
301 502
312 522
322 540
333 558
343 576
358 594
371 610
384 625
398 641
411 660
424 677
439 690
458 701
480 704
500 705
522 701
542 695
562 687
581 679
599 668
618 655
633 639
647 626
663 609
676 593
688 577
700 559
711 541
721 522
726 501
728 479
725 458
720 437
715 417
709 396
703 375
696 354
378 400
377 420
377 442
374 463
373 484
385 502
404 512
424 515
446 511
464 504
484 494
498 477
500 457
495 436
484 418
473 399
465 379
396 572
408 566
420 563
433 562
447 562
459 558
472 556
485 554
498 553
511 551
524 549
537 547
550 545
550 558
542 568
533 578
523 587
513 596
502 603
491 608
479 613
466 615
453 616
439 615
427 612
416 605
408 595
402 584
404 580
414 582
424 583
435 584
446 584
456 582
466 580
475 577
484 572
493 569
503 566
512 562
522 559
532 556
541 554
532 554
522 557
512 559
503 562
493 565
484 569
475 573
465 576
455 578
446 581
435 583
425 581
415 580
472 326
476 315
481 306
490 297
499 291
509 286
520 283
531 282
543 283
553 287
563 292
569 302
560 309
550 315
540 319
529 323
518 325
507 327
495 327
483 327
370 338
366 330
359 325
351 321
343 319
334 318
326 320
318 323
311 327
304 333
299 340
304 347
310 353
318 355
327 356
336 354
344 353
352 351
360 348
368 346
450 274
454 260
467 250
480 242
493 235
508 230
523 227
538 224
554 223
570 224
584 230
577 236
561 234
545 236
530 239
516 244
502 251
488 257
476 268
464 279
343 298
333 295
324 293
314 291
304 289
294 288
284 288
275 292
267 300
262 308
260 318
268 313
275 305
283 298
292 297
302 299
312 301
321 303
331 305
341 307
