913 731
916 766
919 802
925 835
933 872
940 904
948 940
958 975
970 1010
987 1042
1006 1072
1025 1101
1043 1131
1063 1163
1083 1190
1109 1214
1142 1229
1178 1236
1213 1238
1250 1235
1285 1228
1318 1218
1353 1207
1386 1191
1412 1171
1443 1152
1476 1134
1505 1115
1538 1097
1568 1080
1593 1057
1620 1032
1644 1004
1667 976
1685 946
1698 914
1708 880
1716 844
1724 809
1730 773
1730 736
1079 692
1071 717
1054 740
1049 770
1066 792
1092 803
1119 807
1149 808
1177 807
1207 803
1235 799
1264 796
1288 781
1303 757
1294 730
1283 704
1260 686
1075 933
1087 914
1105 902
1126 895
1148 892
1172 892
1195 894
1219 894
1242 893
1266 893
1290 893
1313 895
1336 898
1358 903
1376 913
1358 927
1337 932
1315 937
1294 943
1273 949
1251 953
1228 956
1206 959
1182 958
1159 956
1137 952
1115 947
1095 940
1088 930
1107 927
1127 928
1147 926
1168 927
1188 927
1209 926
1229 925
1248 923
1269 922
1289 921
1309 920
1328 918
1348 915
1366 913
1346 916
1327 919
1308 922
1288 923
1268 923
1248 925
1229 927
1208 927
1188 928
1168 927
1147 927
1127 929
1107 927
1291 512
1303 504
1317 498
1330 490
1343 483
1357 478
1372 476
1388 476
1403 478
1418 482
1431 489
1427 503
1414 509
1399 512
1384 514
1368 514
1352 513
1338 510
1322 511
1307 513
1051 524
1043 520
1033 519
1022 519
1012 520
1003 523
994 527
986 532
978 538
971 545
966 554
976 553
986 553
997 553
1007 551
1016 549
1025 546
1034 542
1043 539
1052 534
1235 418
1242 384
1275 375
1311 371
1347 370
1384 371
1420 374
1453 382
1485 392
1515 408
1542 432
1549 460
1515 453
1483 443
1451 433
1416 427
1380 426
1343 424
1307 421
1271 420
1022 451
1015 437
1001 429
985 427
967 427
951 428
935 431
920 439
906 446
893 457
886 471
886 488
902 492
915 483
929 476
944 469
959 465
975 462
992 460
1009 459
