202 336
202 347
203 358
205 370
207 381
210 392
215 403
220 412
226 422
232 431
239 441
247 450
255 458
263 464
274 469
284 472
296 474
308 474
318 475
330 476
342 475
353 473
364 470
375 467
385 463
396 459
407 456
419 453
428 448
439 444
449 438
457 430
466 422
471 412
476 401
479 391
482 379
485 369
487 357
489 346
489 334
284 261
279 268
275 277
278 286
286 291
296 292
305 293
315 295
324 295
334 292
343 290
353 290
362 286
369 278
371 269
368 261
364 252
255 357
261 345
271 336
282 329
293 324
306 321
319 320
333 319
346 320
359 321
372 324
383 328
395 333
406 340
408 353
401 364
391 373
381 381
370 387
358 391
345 393
332 394
318 394
305 392
293 389
281 385
270 378
261 368
263 355
270 347
279 340
289 335
299 332
310 331
321 330
332 330
344 329
355 329
366 331
376 333
386 337
396 340
402 349
395 358
386 365
377 370
367 374
357 376
346 378
334 378
323 378
311 378
300 378
289 376
280 371
271 363
365 224
369 221
373 218
378 216
382 215
387 213
392 213
397 213
402 214
407 215
412 217
412 221
407 222
402 222
396 222
391 223
386 223
381 223
375 224
370 224
287 228
283 225
278 224
273 224
267 223
262 223
257 224
253 227
249 230
244 233
240 235
246 236
251 236
256 237
262 237
267 237
273 237
278 236
283 235
287 233
352 181
355 171
363 167
373 166
383 167
393 168
404 169
413 171
421 175
430 180
437 188
435 191
426 186
418 181
409 178
400 177
390 178
381 181
371 183
361 184
298 201
296 195
290 190
284 187
278 185
272 183
265 183
258 183
251 185
245 188
240 192
238 199
245 199
252 197
258 196
265 196
272 197
279 198
285 200
291 202
