245 509
248 528
251 546
252 566
256 584
259 605
263 622
268 641
274 660
285 677
295 691
307 707
318 723
331 738
344 752
358 764
375 774
394 782
412 786
431 788
452 789
470 789
490 785
508 781
526 775
545 768
563 759
580 750
593 738
607 724
620 708
630 693
640 676
649 658
654 639
659 622
663 602
667 583
672 564
676 545
679 526
406 519
398 530
393 541
392 554
398 566
410 571
424 573
437 574
449 575
463 574
475 572
488 570
502 566
508 556
507 542
502 531
492 521
361 635
372 627
385 623
398 620
412 620
426 621
440 622
454 621
468 622
482 623
496 624
509 626
522 630
534 634
535 647
524 654
512 660
500 665
487 668
474 671
460 672
446 671
432 670
419 667
407 663
395 657
383 651
372 644
369 636
381 638
393 639
405 639
416 640
428 641
440 642
452 643
464 643
476 644
488 644
500 643
512 643
523 641
534 638
523 641
512 643
500 644
488 644
476 644
463 644
451 644
439 643
428 642
416 640
404 640
392 640
381 638
501 438
510 433
519 428
527 421
535 414
544 410
555 408
565 409
575 411
584 416
593 421
593 432
584 436
574 439
564 440
553 441
543 440
532 438
522 436
512 437
377 422
371 415
365 410
357 405
349 403
340 403
332 404
323 406
316 410
309 414
302 421
309 426
316 430
324 433
332 435
341 435
350 435
359 434
368 432
376 430
484 387
497 374
512 365
528 361
544 357
561 354
579 352
597 353
613 358
628 366
641 378
628 382
613 375
597 370
579 370
562 373
546 377
530 382
515 389
499 394
403 386
400 372
387 363
373 356
358 350
343 347
326 346
310 345
294 347
280 355
272 368
269 384
281 375
295 368
311 364
328 365
344 368
359 372
373 377
387 384
