478 1481
503 1542
522 1603
541 1664
564 1728
586 1789
602 1855
631 1911
671 1969
705 2020
745 2075
790 2125
837 2167
891 2213
946 2248
1009 2271
1068 2291
1135 2312
1199 2329
1261 2326
1330 2316
1394 2292
1456 2270
1518 2247
1576 2220
1639 2194
1693 2155
1736 2112
1780 2062
1797 1997
1808 1931
1809 1866
1808 1802
1797 1737
1782 1671
1761 1605
1739 1544
1714 1483
1704 1419
1694 1352
1686 1283
1195 1315
1178 1365
1152 1412
1130 1462
1128 1515
1158 1561
1214 1578
1264 1578
1324 1569
1375 1557
1432 1550
1482 1545
1520 1502
1521 1449
1490 1403
1455 1361
1420 1316
1150 1804
1170 1780
1195 1759
1221 1746
1249 1734
1277 1725
1307 1719
1338 1715
1370 1714
1403 1714
1432 1707
1463 1702
1495 1702
1523 1712
1545 1736
1533 1763
1511 1787
1485 1802
1456 1810
1427 1818
1397 1823
1365 1826
1334 1830
1301 1829
1270 1826
1240 1821
1211 1814
1181 1807
1154 1799
1177 1783
1203 1776
1230 1768
1257 1762
1284 1757
1313 1754
1342 1751
1371 1748
1399 1745
1427 1741
1455 1736
1483 1731
1511 1728
1540 1731
1511 1729
1482 1731
1454 1736
1427 1742
1399 1747
1371 1749
1343 1754
1314 1757
1285 1760
1257 1763
1229 1769
1203 1776
1178 1787
1352 1160
1363 1142
1380 1126
1399 1113
1418 1103
1438 1095
1459 1089
1481 1085
1504 1087
1525 1094
1543 1107
1550 1128
1534 1144
1511 1148
1488 1149
1465 1148
1441 1148
1418 1150
1395 1151
1373 1155
1034 1173
1022 1159
1007 1149
990 1144
971 1143
954 1146
937 1152
921 1160
907 1171
894 1185
882 1199
896 1212
914 1215
933 1216
951 1215
969 1213
987 1210
1004 1205
1020 1199
1036 1191
1327 1020
1361 995
1398 977
1436 961
1474 945
1512 930
1556 933
1588 965
1608 1001
1620 1040
1629 1081
1634 1124
1618 1086
1599 1049
1567 1018
1524 1012
1484 1022
1444 1032
1402 1041
1361 1048
1082 1050
1055 1014
1007 1003
955 1003
905 1009
859 1022
818 1048
780 1084
749 1124
723 1165
701 1208
703 1260
741 1227
779 1193
813 1155
851 1117
892 1091
937 1076
986 1068
1036 1064
