263 829
255 865
246 907
240 945
234 983
228 1026
227 1064
231 1106
238 1145
248 1182
268 1219
298 1246
333 1266
369 1282
404 1301
437 1319
475 1338
510 1354
549 1369
587 1380
628 1387
669 1396
705 1402
748 1403
787 1393
826 1383
865 1373
902 1357
938 1343
971 1319
999 1292
1026 1261
1042 1226
1058 1187
1073 1151
1084 1111
1091 1073
1098 1032
1104 994
1107 954
1113 911
711 839
695 859
678 882
671 909
678 936
697 955
723 963
750 970
779 977
805 983
831 990
859 990
886 983
903 961
909 934
903 908
886 884
578 1082
599 1072
621 1066
645 1062
669 1057
693 1054
717 1052
742 1055
764 1062
787 1067
812 1065
837 1067
858 1077
877 1093
891 1113
886 1135
861 1134
837 1129
815 1123
790 1120
767 1116
744 1110
721 1105
698 1098
675 1094
651 1089
627 1086
602 1084
596 1080
618 1077
640 1075
661 1073
684 1071
706 1070
729 1070
750 1073
771 1078
791 1082
812 1087
832 1093
851 1102
869 1113
886 1125
868 1115
850 1105
831 1096
811 1090
791 1084
770 1080
750 1073
729 1071
706 1071
684 1073
662 1076
640 1077
619 1080
916 751
927 743
940 738
954 736
968 737
982 739
996 743
1008 747
1020 753
1031 764
1035 777
1030 789
1016 791
1002 790
989 786
977 780
965 774
953 768
939 764
927 759
689 702
684 689
674 677
663 666
650 657
637 652
622 649
606 649
590 650
577 656
564 664
555 676
568 684
581 690
596 694
611 695
627 696
643 697
658 698
674 700
902 629
922 612
947 608
972 612
996 619
1018 628
1041 637
1064 645
1086 656
1105 674
1112 698
1092 713
1069 706
1046 697
1023 690
1000 682
977 675
953 668
927 665
905 655
812 582
786 551
750 538
712 529
673 522
633 517
593 513
551 514
512 521
476 534
450 565
482 589
524 589
565 586
607 586
648 590
686 598
725 606
759 623
798 617
