450 1241
450 1276
451 1315
455 1354
459 1393
463 1430
480 1464
502 1496
526 1530
548 1558
577 1588
608 1609
643 1625
678 1637
716 1646
755 1654
791 1662
831 1667
870 1669
907 1668
945 1668
987 1669
1022 1664
1059 1656
1100 1652
1139 1643
1173 1632
1210 1614
1236 1589
1265 1563
1292 1536
1313 1505
1339 1472
1354 1438
1366 1401
1380 1366
1383 1327
1381 1289
1382 1251
1381 1212
1377 1171
833 1067
815 1095
795 1126
783 1158
793 1191
819 1218
851 1232
885 1237
920 1238
955 1237
990 1237
1027 1233
1054 1213
1068 1178
1058 1145
1032 1121
1006 1096
720 1351
744 1332
768 1312
793 1296
820 1287
851 1284
882 1286
914 1287
945 1285
977 1286
1008 1289
1036 1297
1063 1309
1089 1322
1115 1335
1122 1361
1093 1369
1062 1367
1030 1366
998 1366
967 1367
936 1364
907 1359
877 1355
846 1352
814 1352
783 1354
752 1352
752 1348
775 1341
798 1333
821 1328
847 1325
873 1326
898 1329
923 1330
949 1329
975 1328
1001 1329
1025 1333
1049 1337
1074 1341
1097 1346
1073 1340
1050 1334
1025 1330
1000 1328
974 1327
949 1329
923 1330
897 1328
873 1326
846 1325
821 1328
798 1333
775 1340
1053 976
1066 969
1080 964
1094 960
1109 957
1124 955
1140 955
1155 958
1169 964
1181 972
1193 983
1188 996
1172 998
1157 997
1141 995
1126 992
1111 990
1096 989
1081 986
1067 982
774 970
772 957
762 946
751 938
738 934
725 931
710 931
697 932
685 938
673 945
662 954
652 965
665 968
678 971
692 973
706 975
719 977
734 978
748 977
762 975
997 855
1006 830
1031 818
1060 820
1085 828
1110 840
1134 853
1158 865
1184 873
1210 882
1233 895
1235 919
1205 919
1178 915
1150 910
1123 905
1095 901
1068 895
1043 885
1019 872
863 857
860 828
836 813
807 806
777 804
747 808
719 814
692 824
666 835
640 848
615 863
592 882
623 883
653 880
685 880
716 878
745 875
776 874
806 870
835 864
