47 485
46 499
46 512
46 527
44 540
46 553
50 567
55 581
60 593
66 606
73 619
78 631
84 644
92 655
95 669
100 682
109 693
119 701
133 707
147 710
160 712
174 713
188 712
201 712
216 712
230 711
244 708
257 705
270 702
284 699
299 697
312 695
326 690
337 682
345 671
352 660
360 647
367 635
374 623
379 610
384 597
135 482
127 487
121 496
119 506
123 515
133 519
142 522
152 526
162 529
172 530
182 532
193 534
203 534
211 529
213 518
211 508
204 501
102 565
111 558
123 558
135 559
145 563
155 568
165 573
176 574
187 577
197 582
207 586
217 590
227 595
236 603
228 612
218 617
208 620
197 623
185 623
173 623
162 621
151 618
141 615
131 610
122 604
113 596
107 586
103 576
118 563
127 564
136 564
144 567
152 570
160 574
167 577
175 581
182 586
190 589
198 592
207 594
215 596
223 599
228 602
219 604
210 604
201 604
192 603
183 602
174 600
166 598
158 595
150 592
143 587
136 583
128 577
122 571
241 454
246 450
253 448
260 448
267 449
274 451
280 454
286 457
292 461
298 465
303 470
299 474
292 473
285 471
279 468
272 466
266 463
260 460
253 459
247 457
156 421
152 416
147 412
142 409
137 406
131 405
125 404
118 404
113 405
107 408
102 411
107 414
113 417
118 419
124 420
129 422
135 423
141 424
147 425
153 426
243 417
256 415
270 415
284 415
297 417
310 421
321 426
332 434
342 442
352 453
357 464
347 465
337 456
326 448
315 443
303 438
291 434
278 431
265 429
251 427
173 380
163 374
152 369
140 366
128 363
116 362
102 362
90 365
79 369
70 378
60 387
73 385
84 382
96 379
108 377
121 377
133 379
144 384
155 389
168 391
