299 642
303 660
310 677
319 693
329 709
339 725
349 740
360 758
368 774
377 790
387 806
397 821
410 835
424 847
438 859
456 866
475 871
494 873
512 872
530 870
548 866
565 858
581 849
596 837
611 826
628 816
644 805
659 794
675 783
689 771
702 758
715 746
728 730
738 715
749 700
759 686
769 669
770 649
774 632
774 614
772 593
411 601
403 616
394 630
386 644
384 661
394 674
410 675
428 672
445 670
462 669
478 666
495 662
509 653
511 636
506 621
495 608
481 596
396 757
402 744
408 730
421 722
436 720
450 713
464 708
479 707
495 708
511 709
527 709
543 710
558 712
573 715
580 728
569 740
557 751
545 761
532 770
519 777
505 782
491 786
476 789
461 791
445 790
431 786
417 780
405 770
400 758
410 749
421 743
434 741
447 739
459 737
472 735
485 732
497 729
509 726
522 724
535 722
548 721
561 721
574 723
564 731
553 737
541 742
530 746
518 750
506 754
493 756
480 758
467 759
454 760
440 760
426 760
413 760
507 546
512 537
521 529
529 522
538 517
548 514
559 512
570 511
581 512
591 514
602 517
600 526
591 532
582 537
572 541
562 544
551 546
541 548
529 548
518 548
393 568
388 562
382 559
375 558
367 559
360 560
354 561
347 563
341 566
336 572
333 578
338 582
345 585
352 586
359 586
366 585
373 583
379 581
385 579
391 574
469 474
477 458
493 450
511 445
529 442
547 439
566 440
585 441
604 443
622 447
636 458
634 474
615 470
597 469
578 468
559 467
540 469
522 473
504 476
486 479
370 506
364 500
358 496
351 494
343 493
335 493
328 496
321 499
316 505
312 512
311 520
312 528
318 525
321 518
328 514
335 511
342 509
350 509
358 509
366 510
