256 336
261 344
265 354
269 363
273 372
278 382
282 390
288 400
294 408
299 416
305 425
311 432
320 439
327 446
334 453
342 459
351 464
361 467
372 467
381 467
391 466
402 463
410 458
418 451
425 444
433 438
440 431
448 423
454 415
459 407
465 398
470 389
474 380
476 370
478 359
478 349
479 339
480 329
482 319
483 309
484 298
337 300
336 311
334 321
331 332
331 343
335 353
343 360
354 362
365 361
375 359
386 355
393 348
393 337
390 326
387 316
383 305
379 294
314 391
321 386
329 384
339 383
347 382
357 381
366 381
374 379
383 377
392 377
401 377
411 377
420 376
420 385
414 392
408 399
402 406
396 412
388 417
380 420
372 421
363 422
354 422
345 420
337 416
330 412
323 406
317 399
320 394
326 393
333 394
341 394
348 393
355 392
362 392
369 391
376 390
383 389
390 387
396 386
403 384
410 383
409 387
404 391
398 394
392 397
386 400
379 402
373 404
366 405
359 406
351 406
344 405
338 403
331 401
325 398
388 270
390 266
393 262
397 259
401 257
406 256
411 257
416 258
421 259
425 261
429 264
427 268
423 271
419 275
415 277
410 277
405 278
400 277
396 276
391 274
321 283
320 279
317 276
313 274
309 273
304 272
300 273
296 275
292 277
289 280
286 284
283 287
287 289
292 290
296 290
301 290
305 290
309 289
313 287
317 286
371 249
376 242
383 237
390 233
398 230
406 228
415 226
423 225
432 225
441 226
448 230
444 237
435 236
426 238
418 239
410 240
402 244
395 249
387 252
379 254
325 253
318 250
310 248
301 248
293 247
285 248
277 249
269 251
262 254
255 259
252 267
260 266
267 263
275 261
283 260
292 260
301 261
309 262
317 263
325 261
