269 695
265 726
268 761
271 796
278 827
291 860
305 893
315 924
327 957
335 988
346 1022
358 1053
372 1085
385 1117
401 1146
421 1172
449 1193
479 1209
512 1215
548 1218
580 1218
616 1211
648 1201
678 1187
709 1172
741 1158
772 1144
803 1129
830 1113
859 1091
885 1068
907 1046
931 1017
942 988
952 955
963 921
972 888
983 858
996 826
1012 795
1028 763
472 788
459 809
446 834
435 858
423 881
431 906
451 922
476 933
502 937
529 930
555 926
581 922
602 905
602 880
594 852
591 828
589 799
410 1014
427 1006
444 998
461 990
480 987
500 988
520 989
539 992
558 995
577 999
596 1003
614 1009
632 1013
651 1016
647 1031
631 1041
614 1050
598 1059
581 1066
563 1072
544 1075
524 1076
504 1074
485 1070
467 1066
449 1059
434 1045
422 1030
421 1009
434 1017
447 1024
461 1028
477 1030
492 1032
508 1033
523 1034
539 1033
555 1032
570 1031
586 1029
602 1029
618 1028
633 1025
619 1027
603 1028
587 1029
571 1029
555 1030
540 1031
524 1032
508 1032
493 1030
478 1026
465 1019
451 1014
437 1010
628 690
639 677
651 664
664 653
679 647
695 645
713 644
730 647
745 652
759 660
772 670
771 687
757 695
742 700
726 704
709 705
691 705
674 705
658 702
643 697
422 661
420 650
415 640
406 633
396 629
385 627
374 626
362 626
352 629
342 635
333 642
334 653
341 662
350 668
360 672
371 675
383 675
394 675
405 673
416 670
575 599
596 579
623 573
652 571
681 569
710 568
739 566
767 568
794 575
819 585
842 600
823 605
796 598
769 593
741 590
712 592
685 598
658 604
630 607
601 606
430 589
422 574
407 564
392 557
376 551
359 546
342 542
324 540
306 539
288 537
272 543
282 557
299 563
316 567
333 571
349 576
365 581
381 587
397 593
415 596
