426 254
424 270
426 286
430 304
433 320
432 336
436 353
439 369
444 387
451 402
459 417
468 431
477 444
486 459
496 471
506 485
519 497
532 508
546 518
562 523
577 528
594 529
610 529
628 525
643 520
658 513
672 503
685 491
697 480
709 469
720 456
731 442
741 429
751 416
760 402
768 387
777 372
783 357
789 340
792 325
794 307
574 256
569 270
563 284
555 295
548 309
552 324
564 331
580 331
594 332
609 334
624 338
636 329
636 315
634 300
631 286
625 271
620 256
536 401
541 392
548 384
555 376
564 371
574 369
585 370
595 371
606 372
616 375
625 381
633 388
639 397
646 405
650 414
646 424
639 432
630 436
620 439
610 441
600 443
589 444
578 443
569 440
559 435
551 429
545 420
541 411
548 401
554 398
560 395
566 391
572 389
579 388
586 387
593 386
600 386
607 388
613 391
618 395
624 400
630 404
635 407
636 413
629 413
622 415
615 416
608 416
601 415
594 414
587 413
580 411
574 409
567 408
561 406
554 404
653 223
658 217
664 212
671 208
678 206
685 204
693 205
700 208
707 211
713 216
718 222
722 229
715 232
707 233
698 233
690 232
683 231
675 229
668 227
661 225
568 215
568 207
564 200
559 194
552 190
545 187
538 186
530 186
522 187
515 189
508 192
502 197
508 201
514 206
521 209
528 211
536 212
544 212
552 212
560 213
638 171
643 159
654 151
667 148
682 148
696 149
709 151
721 155
733 160
745 167
755 176
759 187
745 187
731 185
717 185
703 185
690 182
676 181
663 179
650 175
589 152
579 145
569 140
558 136
547 131
535 128
524 125
512 123
499 124
489 130
481 140
493 144
506 144
517 147
529 149
541 152
553 154
565 157
576 161
588 163
