487 524
490 542
495 560
500 577
504 595
510 613
518 628
528 645
540 659
553 671
567 684
581 697
596 708
611 718
627 728
642 737
657 748
673 758
688 767
706 772
725 775
744 776
761 775
780 771
797 763
810 752
824 741
841 731
857 724
875 715
890 706
905 695
917 681
926 666
936 649
946 632
954 617
963 601
970 584
976 566
980 547
700 540
692 552
683 564
678 579
682 594
693 605
707 610
722 612
738 613
753 616
767 613
783 608
797 608
810 599
812 584
807 571
801 555
668 664
676 660
687 659
696 657
707 657
717 657
728 658
738 657
748 656
758 654
768 653
778 654
787 658
794 666
797 675
789 680
780 683
770 686
761 689
751 690
741 691
730 691
720 690
711 688
701 685
693 681
684 676
676 670
673 665
681 666
690 668
698 670
706 671
715 673
723 675
731 677
740 677
749 675
757 674
766 675
775 675
784 676
792 678
784 677
774 676
766 675
757 675
749 676
740 677
731 678
722 676
714 674
706 672
698 670
689 669
681 667
814 467
818 458
823 450
832 445
841 442
851 443
861 444
871 445
880 447
889 450
897 456
900 465
891 471
882 473
873 475
862 475
852 474
842 473
833 470
823 468
685 453
681 445
674 440
666 437
657 435
647 435
638 434
629 436
620 438
612 442
605 446
613 451
620 456
628 459
636 462
645 464
654 464
664 463
673 462
681 460
784 414
791 399
810 399
829 399
846 401
864 404
881 407
898 410
916 412
933 415
948 423
940 435
922 437
904 438
886 437
868 436
850 433
833 430
815 428
797 426
737 400
721 392
705 385
688 379
670 375
651 375
633 378
615 382
597 386
580 390
569 405
586 410
604 414
621 418
639 421
659 422
678 421
696 418
714 416
733 417
