857 1159
866 1190
877 1220
888 1249
899 1278
913 1308
926 1335
941 1365
957 1391
974 1417
999 1439
1026 1459
1053 1474
1080 1488
1109 1507
1136 1522
1162 1537
1193 1551
1224 1561
1252 1569
1286 1566
1316 1556
1344 1544
1373 1529
1401 1511
1426 1496
1452 1477
1478 1458
1504 1437
1528 1418
1555 1401
1580 1381
1599 1354
1614 1329
1628 1297
1635 1267
1642 1235
1650 1206
1660 1174
1669 1145
1679 1112
1136 1152
1134 1179
1125 1205
1117 1235
1121 1263
1142 1279
1170 1287
1199 1291
1227 1289
1258 1283
1285 1278
1310 1264
1323 1240
1317 1211
1302 1187
1292 1160
1283 1131
1114 1397
1122 1378
1140 1368
1160 1361
1179 1355
1201 1353
1222 1358
1243 1355
1263 1349
1284 1346
1306 1347
1327 1352
1347 1357
1366 1366
1374 1384
1358 1400
1341 1413
1323 1423
1304 1433
1285 1442
1265 1448
1244 1451
1222 1453
1200 1452
1179 1449
1159 1443
1141 1431
1127 1414
1132 1394
1146 1388
1160 1384
1175 1380
1191 1380
1207 1381
1222 1382
1238 1384
1253 1382
1268 1378
1282 1375
1297 1372
1313 1370
1328 1370
1343 1373
1335 1381
1319 1383
1304 1384
1289 1388
1275 1391
1259 1393
1244 1394
1228 1394
1212 1393
1195 1393
1179 1392
1163 1392
1147 1391
1317 1060
1324 1043
1336 1028
1351 1015
1366 1004
1382 996
1400 991
1419 993
1437 998
1453 1005
1468 1017
1479 1032
1464 1044
1448 1053
1431 1060
1413 1063
1393 1063
1374 1061
1355 1059
1336 1061
1073 1048
1065 1036
1053 1028
1040 1023
1025 1021
1010 1021
996 1024
982 1029
971 1038
963 1050
957 1062
965 1075
977 1082
991 1085
1006 1086
1020 1084
1035 1082
1049 1079
1062 1073
1073 1063
1290 1000
1311 977
1337 964
1363 953
1390 943
1419 939
1450 940
1480 943
1510 946
1539 950
1565 962
1543 974
1514 979
1484 975
1455 969
1426 965
1397 969
1370 978
1344 991
1319 1006
1093 984
1070 971
1045 964
1018 960
991 956
963 954
936 956
909 960
884 967
861 980
838 994
862 1004
890 1005
917 1003
945 1001
973 999
1001 998
1029 999
1056 1003
1084 1004
