140 529
148 546
156 566
166 585
176 604
185 621
196 638
209 657
219 674
230 692
244 709
258 724
272 738
288 750
306 761
327 770
345 775
368 778
387 780
408 779
428 777
451 771
469 762
483 748
500 733
512 717
522 699
534 682
545 663
555 646
563 627
568 606
574 586
576 565
578 545
579 523
579 502
576 483
570 463
565 443
561 421
284 493
279 505
276 519
278 532
283 545
296 548
310 551
324 553
337 551
351 547
363 540
374 532
383 521
384 507
376 496
368 486
357 475
288 632
296 620
307 610
319 601
332 596
346 594
359 590
372 584
384 577
397 571
411 569
425 566
439 563
454 564
454 580
450 593
444 606
433 617
422 626
410 634
397 639
384 644
370 647
356 650
341 651
327 650
313 646
300 640
298 625
307 619
317 614
326 609
336 605
346 602
357 599
367 596
378 594
388 591
399 589
410 587
419 582
429 578
440 576
431 580
421 584
411 589
403 596
394 602
384 607
375 612
365 617
354 619
343 619
332 621
321 622
309 622
347 396
351 390
356 383
361 376
368 372
375 369
383 367
391 366
400 365
408 366
416 367
415 375
409 381
403 386
396 391
389 393
381 395
373 396
364 397
356 397
243 431
238 428
231 426
223 425
215 425
208 425
201 427
194 429
188 433
183 439
181 446
185 452
192 455
199 455
206 454
213 451
219 447
225 444
232 441
238 437
312 343
310 325
323 312
337 303
352 295
367 288
383 283
399 286
414 293
429 302
441 315
451 329
437 325
422 317
406 312
389 311
372 315
358 325
345 336
330 342
215 362
206 350
194 343
180 341
166 344
153 350
140 356
129 366
125 380
123 394
124 409
126 424
135 423
139 410
144 397
153 385
165 376
178 371
193 371
208 370
