233 420
235 431
237 444
240 455
243 468
247 479
250 492
255 503
259 514
264 525
271 535
279 545
285 555
291 566
297 577
304 588
313 596
324 600
336 603
348 603
361 602
372 598
384 595
397 590
407 586
418 581
429 575
440 568
449 561
459 554
470 546
478 538
487 529
493 518
498 507
503 495
507 484
512 472
515 460
518 449
521 436
303 402
298 410
295 421
296 431
302 439
312 443
322 447
333 448
342 447
352 446
363 443
372 438
377 429
375 418
370 409
364 401
359 392
287 478
293 470
301 463
312 461
321 464
332 466
343 465
354 466
365 467
375 469
385 471
396 473
406 476
413 482
407 490
398 498
390 504
381 509
371 512
361 514
350 515
339 516
328 517
317 517
308 513
300 507
293 498
287 489
293 480
300 477
309 477
317 479
325 481
334 483
343 483
351 482
360 481
369 481
378 480
387 480
396 481
405 480
402 486
395 491
387 494
379 496
372 499
363 501
355 502
346 503
337 504
329 503
321 501
313 497
306 492
300 486
374 357
377 352
381 349
386 346
392 344
397 343
404 343
409 344
415 344
421 346
426 349
425 354
420 356
414 359
409 360
403 361
397 361
391 360
385 359
379 359
301 355
299 351
296 348
292 346
288 345
284 345
279 345
275 346
271 347
267 349
264 352
267 355
270 358
274 360
278 362
282 363
287 362
291 362
295 361
299 359
358 308
368 304
378 302
389 301
400 301
410 303
420 305
430 308
440 311
449 316
455 325
445 322
435 320
425 318
414 316
404 314
393 314
382 314
372 316
361 318
299 320
294 317
289 313
284 310
278 309
272 309
265 310
259 311
253 312
248 315
244 319
250 320
256 320
263 321
269 321
275 321
281 323
287 324
293 326
299 326
