256 429
259 446
260 463
262 481
265 498
266 516
268 534
270 550
274 568
281 585
288 602
297 616
307 632
319 643
333 654
345 666
359 678
375 685
392 689
410 693
428 692
443 687
461 680
477 673
494 668
510 662
525 653
539 642
551 630
562 615
574 603
586 589
597 575
607 561
618 546
627 532
635 517
641 500
646 483
646 466
646 447
375 404
368 418
362 432
356 447
348 461
350 476
362 486
378 491
394 495
409 493
426 491
441 488
455 481
459 467
456 450
448 437
439 423
335 540
347 535
359 531
372 529
385 531
397 535
411 533
424 532
436 535
449 538
460 544
472 549
483 554
494 562
483 572
473 579
461 585
450 590
437 593
423 593
409 593
396 594
383 592
370 590
358 585
348 576
342 564
338 552
348 545
356 541
366 539
376 541
386 542
395 545
405 546
415 547
426 547
437 547
447 549
456 551
465 555
475 557
483 559
473 561
462 562
452 561
442 562
432 563
422 565
412 566
401 566
391 565
381 563
372 561
363 558
354 553
465 377
472 372
479 368
486 365
493 361
501 359
509 359
517 361
525 364
531 369
538 374
534 381
527 386
520 388
511 389
503 388
496 385
488 383
480 381
472 379
361 364
356 359
350 355
343 352
336 351
328 350
321 351
314 353
307 356
301 359
295 364
301 369
308 373
314 375
321 377
329 376
336 375
343 374
350 372
357 370
447 333
459 323
472 312
485 305
499 301
514 297
530 296
546 299
560 305
571 316
579 329
575 340
562 330
549 323
534 319
518 319
504 323
490 330
476 336
461 339
365 325
360 313
350 303
339 297
327 292
314 289
300 290
288 295
278 303
271 314
268 327
264 339
276 335
283 324
292 314
304 309
317 311
329 316
340 322
352 328
