867 1142
879 1172
893 1203
906 1238
917 1270
931 1302
947 1334
964 1365
979 1394
998 1425
1018 1453
1041 1478
1061 1509
1080 1537
1104 1563
1133 1581
1161 1601
1196 1603
1229 1598
1265 1590
1298 1578
1329 1563
1361 1550
1393 1535
1424 1517
1452 1496
1476 1471
1496 1443
1514 1413
1533 1386
1555 1358
1574 1330
1589 1295
1597 1262
1604 1230
1609 1196
1614 1161
1617 1123
1617 1089
1615 1055
1614 1018
1033 1040
1025 1071
1015 1100
1007 1130
1012 1162
1028 1189
1058 1204
1090 1211
1118 1199
1149 1187
1177 1175
1204 1157
1214 1130
1209 1096
1193 1068
1174 1042
1149 1022
1006 1288
1031 1265
1060 1256
1092 1250
1125 1248
1159 1246
1190 1240
1221 1233
1254 1229
1287 1228
1321 1229
1352 1235
1372 1261
1363 1290
1351 1319
1330 1344
1304 1365
1277 1381
1249 1395
1221 1407
1191 1417
1160 1423
1126 1423
1096 1414
1069 1397
1048 1371
1032 1344
1015 1317
1044 1299
1068 1294
1092 1289
1117 1286
1143 1285
1167 1281
1191 1276
1216 1273
1240 1268
1264 1263
1289 1259
1314 1256
1340 1256
1364 1262
1345 1281
1326 1297
1306 1312
1285 1324
1262 1332
1239 1339
1216 1346
1192 1352
1168 1356
1142 1358
1117 1357
1092 1353
1073 1336
1064 1314
1215 949
1220 935
1231 923
1243 912
1256 903
1269 897
1284 894
1301 894
1316 896
1331 900
1345 905
1349 918
1336 925
1321 929
1306 933
1291 936
1276 939
1261 942
1246 945
1230 947
1019 975
1016 964
1006 958
996 954
985 951
973 950
961 951
951 955
941 960
931 967
924 976
919 987
930 990
941 993
953 993
965 991
977 990
988 988
998 984
1009 980
1149 842
1166 823
1186 808
1208 799
1231 791
1254 786
1279 782
1305 781
1329 785
1352 793
1371 810
1354 819
1331 812
1306 811
1283 816
1259 822
1236 828
1213 836
1191 846
1169 854
1019 873
1005 866
991 860
977 855
961 853
945 853
929 854
914 859
901 867
889 878
882 892
898 890
912 886
929 885
944 886
960 889
975 892
991 894
1007 894
1021 888
