296 416
302 431
309 445
315 460
322 476
329 489
337 503
347 517
356 530
366 543
376 555
389 565
404 573
418 580
433 584
449 588
465 591
482 592
498 594
513 594
530 592
546 589
561 585
577 579
591 572
605 563
618 554
630 544
640 530
645 515
647 498
647 483
647 467
648 450
650 435
651 418
649 402
647 385
645 369
644 353
645 336
461 354
458 367
458 380
460 394
467 407
479 413
493 413
507 411
520 410
533 406
545 400
557 392
563 379
561 366
555 354
547 343
537 331
441 485
451 478
462 474
473 471
484 466
495 461
506 456
517 452
528 449
540 447
553 446
565 445
577 443
590 442
600 448
595 459
587 468
576 472
564 475
553 479
541 481
529 484
516 485
504 484
491 483
478 483
466 484
453 485
456 476
466 477
476 476
486 474
496 472
505 470
515 468
525 467
535 465
545 463
555 461
564 458
573 455
583 453
593 451
583 454
574 456
564 459
555 461
545 464
535 466
525 467
515 468
506 471
496 473
487 475
476 476
466 477
537 283
540 278
545 276
550 274
554 272
559 270
565 269
570 268
576 268
581 269
586 271
586 276
581 278
576 280
571 281
565 282
559 282
554 282
548 282
542 282
423 312
420 310
416 310
411 310
407 310
403 311
400 312
396 313
393 315
389 317
386 320
391 320
394 320
398 321
402 321
407 321
411 321
414 319
418 318
421 315
490 245
495 232
507 223
520 218
534 213
548 210
563 209
578 211
591 215
603 223
613 235
616 248
602 245
590 239
576 234
561 233
546 234
532 238
519 242
505 246
451 254
444 240
427 238
411 242
395 247
380 252
364 257
350 265
339 279
331 293
327 309
323 325
338 321
349 307
362 296
376 287
390 279
405 272
421 268
437 264
