542 954
549 981
558 1008
568 1035
579 1065
591 1090
605 1118
619 1142
637 1167
657 1188
679 1210
696 1230
716 1252
742 1266
770 1278
797 1288
824 1299
854 1308
881 1315
911 1319
938 1322
969 1318
996 1309
1025 1301
1051 1288
1075 1271
1100 1252
1120 1231
1138 1209
1155 1187
1173 1163
1188 1137
1200 1111
1211 1082
1220 1055
1228 1024
1235 996
1241 968
1245 939
1248 909
1248 879
828 980
824 1004
821 1028
820 1055
833 1075
857 1080
884 1081
909 1083
933 1080
960 1077
984 1070
1006 1062
1027 1046
1031 1021
1020 998
1003 979
987 959
818 1178
834 1170
851 1162
866 1152
882 1143
900 1138
919 1138
939 1139
956 1135
973 1129
993 1128
1012 1130
1029 1135
1046 1141
1059 1155
1043 1164
1027 1173
1011 1181
995 1189
978 1197
961 1203
943 1206
924 1207
906 1204
887 1201
869 1198
851 1194
835 1186
825 1174
843 1174
859 1172
875 1169
891 1167
907 1166
924 1166
941 1167
958 1165
973 1161
988 1157
1003 1153
1020 1150
1037 1150
1052 1147
1036 1150
1020 1152
1004 1154
988 1157
973 1161
957 1165
941 1167
924 1168
907 1168
890 1169
874 1171
858 1174
842 1176
997 848
997 830
1006 816
1017 804
1031 795
1046 790
1062 786
1080 786
1096 789
1110 796
1124 805
1134 819
1122 831
1108 841
1094 848
1078 852
1062 855
1046 857
1028 856
1013 852
782 866
777 854
767 846
755 841
743 837
729 836
715 835
702 836
689 839
678 844
668 855
675 866
685 876
697 881
709 886
721 889
735 888
748 885
760 882
772 876
960 759
979 741
1000 731
1023 724
1046 718
1069 713
1093 709
1117 706
1143 706
1167 710
1187 722
1174 739
1150 743
1125 746
1101 749
1076 752
1052 756
1029 762
1007 769
981 769
820 765
803 760
785 757
768 753
751 749
732 748
713 747
695 749
680 756
666 770
659 786
673 798
691 796
708 792
726 790
744 788
762 785
781 786
800 785
816 779
