491 670
490 691
489 712
487 733
488 756
489 776
492 798
495 818
502 839
511 858
524 876
538 892
553 908
569 924
584 938
601 951
621 960
642 964
664 964
686 963
707 964
728 962
748 958
771 955
792 949
811 944
832 936
851 928
870 916
888 904
904 889
919 872
928 853
934 833
940 812
945 791
949 770
953 748
957 728
963 706
969 686
661 649
648 663
638 678
636 697
644 714
659 723
677 727
695 733
713 734
733 733
751 733
769 728
786 716
788 699
779 682
770 665
757 651
590 790
605 777
623 771
641 767
661 766
681 767
700 769
719 772
738 775
757 779
774 784
793 787
811 794
820 810
810 826
795 838
779 848
763 856
745 863
726 865
707 867
687 866
668 863
651 858
634 850
618 838
606 824
596 807
602 800
615 794
629 790
644 788
660 789
675 791
689 794
704 796
720 796
736 796
751 796
767 797
782 799
796 802
802 812
788 817
774 821
760 824
745 827
730 828
715 829
699 829
684 827
670 824
656 821
642 815
629 810
615 807
795 593
802 585
809 580
817 575
826 571
835 569
844 568
854 569
863 571
871 576
878 583
880 592
872 595
862 597
853 598
843 599
834 597
824 596
815 594
805 594
638 574
635 567
629 561
622 557
615 554
608 551
599 551
592 553
585 556
578 560
573 566
570 574
576 577
584 579
592 580
601 580
609 581
617 581
625 581
634 581
784 524
793 515
804 510
816 507
829 505
841 504
854 503
867 503
879 506
890 511
900 519
896 528
883 527
870 527
857 526
845 525
832 527
820 528
808 530
795 528
660 502
648 493
634 489
619 487
603 486
588 486
573 489
558 493
545 499
533 509
526 522
540 516
553 511
568 507
583 505
599 505
614 508
628 512
642 516
657 516
