410 452
415 467
420 482
425 498
431 513
437 529
443 544
449 559
455 575
460 590
466 607
471 622
480 637
490 649
502 661
515 672
528 681
541 689
557 697
572 701
589 702
606 701
621 698
637 694
652 685
666 675
678 664
688 652
698 638
708 625
717 611
725 595
731 581
736 565
740 549
742 532
745 517
747 499
752 484
759 469
767 454
550 396
548 414
545 433
540 452
536 469
540 487
555 498
573 503
591 506
611 502
628 495
645 486
653 469
650 452
641 434
637 417
634 397
503 537
517 531
533 528
549 528
566 528
581 531
598 532
614 530
630 529
647 528
663 530
678 534
691 542
686 557
676 569
664 581
651 590
638 598
624 604
609 608
593 610
577 609
561 605
547 599
534 591
523 579
513 566
507 552
507 541
520 539
534 538
548 540
562 542
575 544
588 547
602 545
616 544
629 542
643 541
657 540
671 542
684 544
676 555
664 562
653 568
641 573
628 578
616 582
603 585
589 586
575 584
562 581
550 576
538 570
528 561
517 551
644 377
650 373
656 369
663 366
670 365
677 364
685 364
692 365
699 367
705 370
711 375
707 380
701 383
694 385
687 386
679 385
672 384
665 382
658 380
651 378
535 371
529 367
524 364
518 361
512 360
505 359
498 360
492 361
486 363
481 367
477 372
482 375
488 378
494 379
501 380
507 380
514 380
520 378
527 377
533 376
627 333
638 323
650 318
664 316
679 314
694 314
708 315
723 316
736 320
748 327
758 338
745 339
732 335
718 332
704 331
689 333
676 336
662 339
649 343
635 345
547 333
538 325
528 321
518 318
506 316
495 316
483 316
471 317
460 319
450 322
440 326
449 333
460 333
472 332
484 332
495 334
507 335
518 337
528 340
540 341
