416 725
421 757
432 791
444 825
461 857
471 889
480 925
491 958
505 988
524 1019
543 1049
562 1077
587 1107
610 1132
637 1156
664 1178
692 1198
724 1215
755 1228
792 1235
826 1235
863 1232
895 1224
928 1212
963 1198
992 1182
1024 1166
1053 1145
1079 1120
1102 1094
1124 1068
1147 1039
1166 1009
1181 976
1191 942
1201 909
1208 875
1209 841
1210 804
1217 770
1226 733
759 748
745 777
729 802
712 833
709 864
719 894
749 902
779 902
813 902
845 904
878 903
908 893
924 867
919 833
903 808
887 778
876 747
669 1017
689 1010
711 1007
733 1002
754 997
775 993
798 995
821 993
843 989
865 986
887 991
907 997
928 1004
947 1012
948 1034
930 1047
910 1056
890 1064
870 1072
850 1078
828 1081
806 1079
784 1074
764 1068
744 1059
725 1049
707 1038
688 1027
690 1023
709 1024
726 1027
744 1030
762 1033
780 1036
799 1036
817 1038
836 1038
854 1035
872 1032
889 1030
907 1026
924 1022
942 1020
924 1024
906 1027
889 1030
872 1035
854 1036
835 1038
816 1039
798 1038
779 1036
761 1035
743 1032
726 1027
708 1025
930 618
941 603
952 589
966 576
980 566
996 558
1013 554
1031 553
1049 555
1065 560
1079 571
1086 587
1071 595
1056 603
1040 609
1022 610
1003 611
984 611
965 612
949 617
677 608
668 596
658 584
645 576
632 569
617 567
601 566
586 567
571 571
558 577
546 587
551 600
562 612
575 618
590 621
605 623
621 624
637 623
653 622
668 620
906 533
910 509
931 496
952 486
975 477
997 470
1022 466
1047 470
1071 474
1096 478
1120 484
1128 501
1102 502
1075 501
1049 502
1024 504
999 508
975 513
953 523
931 533
710 532
706 511
684 496
660 486
636 479
609 475
581 475
555 478
531 486
509 502
494 524
485 548
508 538
530 524
553 514
580 510
607 511
633 516
659 522
683 529
