418 1522
424 1584
433 1652
452 1713
473 1772
498 1838
524 1899
554 1955
585 2014
625 2069
663 2122
711 2166
764 2201
822 2240
878 2270
942 2290
1002 2308
1069 2327
1130 2332
1199 2323
1261 2306
1324 2282
1385 2256
1446 2230
1502 2209
1568 2182
1626 2155
1685 2125
1736 2085
1785 2039
1830 1994
1872 1939
1902 1881
1917 1818
1925 1756
1936 1690
1946 1623
1956 1555
1965 1490
1973 1425
1983 1359
841 1351
814 1397
796 1448
802 1496
841 1536
889 1557
941 1555
996 1551
1050 1546
1103 1539
1158 1531
1212 1517
1252 1485
1266 1433
1259 1380
1229 1336
1191 1295
784 1845
817 1803
857 1764
900 1735
947 1713
995 1698
1049 1693
1100 1682
1149 1668
1202 1661
1256 1664
1310 1669
1363 1676
1415 1683
1458 1707
1418 1745
1374 1772
1328 1796
1281 1817
1235 1837
1187 1855
1138 1869
1087 1879
1036 1890
984 1899
929 1897
877 1889
826 1877
838 1821
883 1815
924 1800
965 1785
1009 1777
1054 1771
1098 1763
1141 1753
1184 1742
1228 1734
1275 1730
1321 1726
1366 1721
1411 1714
1454 1705
1409 1710
1364 1717
1319 1723
1273 1727
1226 1730
1183 1740
1140 1751
1097 1760
1052 1768
1007 1774
963 1781
920 1793
878 1805
1240 1022
1266 1005
1291 988
1316 968
1342 951
1369 938
1398 929
1429 925
1462 926
1491 933
1517 949
1515 978
1487 988
1458 996
1428 1003
1397 1008
1365 1010
1332 1010
1301 1016
1272 1024
770 1068
747 1052
722 1038
696 1028
667 1024
638 1027
611 1035
585 1045
560 1057
540 1079
527 1104
548 1126
577 1130
606 1126
634 1122
663 1118
691 1112
718 1105
746 1099
774 1094
1107 783
1151 741
1201 713
1255 699
1312 689
1370 681
1429 676
1491 675
1549 682
1603 698
1650 731
1621 769
1564 759
1503 759
1445 765
1385 770
1326 775
1267 781
1210 789
1157 808
764 848
746 811
704 803
661 798
617 802
575 809
535 820
497 835
460 854
425 878
394 910
416 946
454 932
494 919
535 910
576 902
619 897
664 897
708 893
751 887
