545 904
544 949
544 992
549 1039
557 1081
567 1128
575 1171
586 1218
600 1258
622 1298
649 1336
683 1363
725 1381
770 1383
816 1378
860 1369
907 1358
950 1347
995 1338
1037 1330
1083 1324
1128 1313
1172 1298
1212 1282
1256 1268
1301 1259
1345 1253
1391 1244
1435 1229
1473 1208
1505 1177
1530 1139
1553 1098
1566 1058
1571 1011
1571 963
1568 920
1561 877
1550 829
1535 787
1518 744
815 722
805 751
792 782
785 815
790 850
817 866
848 856
880 843
913 838
947 837
981 839
1015 840
1047 836
1062 808
1053 775
1034 746
1018 716
733 1099
744 1064
760 1031
784 1001
815 979
848 964
884 955
922 949
958 940
998 940
1035 948
1071 957
1106 968
1139 983
1172 1001
1198 1029
1168 1053
1134 1067
1099 1078
1064 1089
1030 1100
994 1110
957 1116
919 1121
881 1126
841 1127
801 1126
765 1119
772 1104
788 1079
808 1055
831 1033
857 1017
884 1006
913 998
942 991
972 986
1004 985
1036 987
1066 992
1095 999
1123 1008
1151 1018
1164 1040
1135 1047
1104 1050
1072 1050
1040 1051
1008 1053
976 1055
946 1060
916 1065
887 1072
858 1080
831 1091
803 1101
1066 642
1074 627
1086 614
1099 605
1114 598
1129 593
1145 590
1163 590
1179 593
1194 599
1208 607
1216 621
1201 626
1184 629
1168 631
1151 634
1134 636
1117 637
1100 639
1084 641
775 679
772 665
761 657
747 653
732 655
719 659
706 665
694 672
683 683
673 694
666 706
660 719
674 721
689 719
702 715
716 711
729 706
742 701
755 697
768 691
1001 493
1010 457
1035 428
1070 418
1109 420
1145 428
1181 437
1215 449
1249 462
1281 479
1311 503
1321 533
1287 523
1254 506
1220 492
1186 481
1149 474
1110 473
1070 472
1036 484
827 539
817 514
794 491
766 481
735 483
707 494
681 509
657 529
634 550
611 574
594 599
584 627
611 614
636 598
661 579
686 561
712 547
740 536
768 527
799 529
