541 1509
545 1583
553 1660
562 1732
573 1809
586 1883
605 1960
613 2032
625 2109
649 2179
675 2248
711 2320
749 2382
792 2446
841 2504
891 2564
941 2621
1000 2672
1075 2686
1151 2703
1220 2706
1299 2685
1370 2664
1444 2641
1517 2619
1588 2592
1655 2566
1729 2536
1793 2497
1850 2442
1894 2384
1940 2321
1990 2261
2036 2200
2062 2129
2083 2057
2105 1988
2127 1910
2139 1836
2153 1765
2167 1684
1095 1579
1064 1623
1035 1671
1024 1729
1024 1784
1057 1833
1110 1856
1161 1874
1221 1883
1277 1894
1335 1885
1380 1855
1402 1803
1392 1744
1376 1688
1359 1636
1352 1577
874 2116
920 2107
965 2095
1011 2085
1060 2080
1109 2083
1152 2099
1200 2094
1246 2105
1289 2120
1333 2136
1377 2149
1422 2161
1468 2172
1459 2216
1420 2243
1379 2265
1337 2285
1292 2298
1244 2303
1194 2304
1143 2304
1094 2300
1050 2286
1010 2261
973 2227
937 2191
903 2155
911 2118
951 2123
990 2130
1028 2139
1066 2149
1105 2155
1145 2161
1185 2167
1226 2169
1267 2166
1308 2164
1350 2166
1389 2172
1430 2177
1462 2179
1420 2176
1380 2172
1339 2169
1299 2174
1259 2179
1218 2182
1177 2184
1136 2179
1098 2171
1061 2160
1023 2150
985 2142
947 2133
1476 1367
1506 1345
1537 1322
1569 1303
1604 1292
1641 1285
1679 1281
1715 1290
1747 1309
1778 1332
1802 1362
1803 1401
1768 1412
1732 1421
1692 1420
1656 1412
1620 1402
1584 1393
1548 1384
1512 1375
1032 1345
1029 1313
1006 1289
980 1268
952 1254
920 1247
886 1246
854 1250
823 1259
796 1274
771 1299
748 1324
775 1340
804 1352
835 1361
868 1364
901 1362
935 1359
967 1355
999 1350
1368 1190
1414 1131
1485 1116
1559 1106
1630 1092
1702 1078
1780 1078
1848 1098
1910 1136
1967 1187
2006 1248
1950 1260
1888 1223
1822 1194
1752 1177
1676 1176
1603 1189
1535 1209
1469 1236
1401 1253
1041 1096
1002 1071
960 1054
916 1042
870 1035
822 1031
773 1033
725 1036
680 1046
639 1067
601 1092
648 1096
696 1100
745 1102
794 1105
841 1110
888 1116
934 1123
980 1131
1029 1131
