643 788
651 833
661 877
672 927
682 971
693 1014
708 1062
728 1107
750 1146
773 1187
802 1226
834 1258
867 1293
901 1324
936 1356
968 1392
1009 1421
1047 1443
1094 1458
1140 1461
1187 1465
1234 1463
1281 1451
1322 1432
1365 1406
1399 1378
1435 1341
1466 1312
1504 1279
1539 1250
1574 1220
1604 1182
1630 1141
1653 1097
1672 1057
1685 1012
1693 965
1699 917
1703 870
1707 822
1712 774
1071 870
1042 901
1021 934
1011 974
1021 1016
1057 1042
1091 1066
1128 1085
1168 1096
1207 1084
1247 1065
1285 1045
1320 1027
1320 983
1303 947
1277 912
1251 876
940 1147
978 1147
1013 1153
1048 1158
1084 1162
1119 1168
1153 1175
1190 1173
1225 1167
1260 1162
1295 1157
1332 1154
1369 1153
1399 1163
1369 1181
1340 1201
1311 1221
1282 1243
1252 1261
1220 1273
1185 1277
1151 1269
1119 1256
1088 1242
1057 1226
1026 1210
997 1191
968 1171
963 1153
991 1158
1017 1166
1045 1172
1073 1178
1100 1184
1128 1190
1157 1193
1186 1192
1215 1188
1243 1182
1270 1176
1299 1172
1327 1167
1351 1164
1325 1173
1298 1180
1269 1185
1241 1190
1214 1195
1184 1198
1154 1198
1125 1195
1097 1190
1070 1184
1042 1178
1014 1172
988 1163
1308 651
1327 642
1344 630
1362 621
1382 614
1403 611
1425 613
1446 615
1467 618
1486 626
1502 641
1494 660
1476 670
1455 672
1432 672
1411 673
1389 672
1368 667
1348 664
1327 661
976 643
970 628
956 617
941 611
925 607
908 605
891 603
873 604
857 608
842 616
831 629
836 645
849 657
865 663
882 665
900 666
918 666
934 663
952 661
968 658
1284 566
1292 542
1312 523
1334 512
1360 507
1388 507
1413 502
1437 494
1463 490
1490 492
1511 506
1505 531
1483 542
1459 549
1433 553
1406 556
1382 562
1358 571
1333 577
1307 575
1020 552
987 526
951 508
913 497
873 490
832 485
789 487
748 492
709 501
673 518
640 543
673 565
715 569
757 565
800 563
843 563
885 567
925 573
966 579
1008 583
