628 833
631 858
638 882
645 906
654 930
663 954
675 977
688 998
703 1021
718 1043
734 1062
750 1080
769 1100
787 1117
808 1135
828 1150
849 1165
868 1180
891 1194
914 1203
939 1210
965 1210
989 1207
1015 1200
1039 1189
1060 1177
1079 1159
1098 1141
1119 1124
1137 1108
1159 1093
1178 1078
1197 1060
1216 1041
1233 1022
1247 1001
1260 980
1272 957
1280 931
1285 907
1289 880
917 881
901 897
884 915
869 936
867 959
881 980
904 990
928 992
951 992
976 991
1002 990
1025 985
1047 973
1055 952
1049 928
1034 909
1019 887
820 1036
844 1039
866 1045
889 1049
913 1052
936 1056
960 1059
985 1060
1009 1058
1032 1054
1054 1048
1073 1056
1065 1077
1056 1098
1047 1119
1035 1139
1017 1157
997 1169
976 1176
952 1180
928 1178
907 1171
888 1157
873 1138
861 1118
851 1098
841 1077
830 1056
824 1040
844 1043
863 1051
881 1058
901 1062
923 1065
944 1066
966 1067
988 1066
1009 1064
1029 1060
1049 1055
1048 1072
1037 1089
1028 1108
1018 1125
1004 1142
988 1155
969 1163
949 1166
928 1163
909 1155
892 1143
878 1127
865 1110
854 1093
844 1075
834 1057
1061 800
1065 786
1072 772
1084 760
1097 753
1113 750
1129 749
1145 750
1159 755
1173 762
1185 772
1189 787
1180 800
1167 809
1153 815
1137 817
1121 816
1106 812
1091 808
1076 804
875 783
868 769
857 757
845 748
831 742
816 740
800 738
784 739
769 743
756 751
746 763
753 776
763 788
776 796
790 801
806 803
822 802
838 801
853 798
869 796
1059 736
1076 726
1097 724
1118 722
1140 723
1160 726
1181 728
1202 731
1221 737
1240 743
1257 750
1238 755
1217 756
1196 754
1176 750
1157 744
1137 740
1116 743
1096 746
1075 748
897 736
885 718
863 711
839 708
814 707
789 708
764 710
739 712
715 709
690 709
666 713
681 732
702 742
727 741
751 737
775 733
798 730
824 730
848 732
872 736
