320 417
319 431
318 447
318 461
318 477
319 492
320 507
321 522
322 537
324 552
327 566
334 580
342 594
350 606
360 617
371 629
384 636
397 642
411 648
425 650
441 649
457 649
472 647
486 644
500 640
515 634
529 629
542 622
555 612
566 603
578 593
589 584
600 573
608 561
614 546
618 532
619 516
620 502
622 486
626 472
629 457
458 426
448 431
440 439
439 451
445 461
453 469
463 475
474 479
486 482
498 481
508 478
520 474
530 469
538 461
535 450
527 441
518 432
402 512
412 507
422 505
433 502
444 500
455 499
467 499
478 501
490 501
502 500
513 503
523 507
532 514
541 521
536 530
526 535
516 540
507 546
497 550
487 554
476 556
464 556
453 554
443 550
434 545
425 538
416 530
408 521
408 515
416 512
426 512
436 512
445 513
454 515
463 517
473 517
483 517
493 517
503 517
512 517
522 519
530 521
530 530
522 534
514 537
505 538
495 539
485 539
475 540
466 539
457 537
448 535
439 533
431 529
423 526
415 522
525 384
528 380
532 378
537 376
541 375
546 374
551 374
556 373
560 375
564 377
568 380
568 385
564 387
559 387
554 386
549 386
544 386
539 386
534 386
529 385
434 374
433 370
429 366
425 364
421 362
417 361
412 361
408 361
404 362
400 364
396 366
394 370
398 372
402 374
406 374
411 375
416 375
420 375
425 375
430 375
529 362
533 354
541 350
549 347
558 346
567 347
575 349
583 352
591 355
598 360
605 366
606 375
597 375
589 371
581 368
573 365
564 363
556 361
547 363
538 363
457 349
454 338
444 333
433 330
421 328
409 328
397 329
386 332
376 336
366 342
357 350
354 361
366 361
376 357
386 352
397 349
409 348
421 347
433 348
445 350
