463 606
468 620
472 636
474 651
475 667
478 684
481 699
484 715
490 729
496 743
502 758
508 773
516 787
525 799
534 813
544 825
557 835
570 841
586 846
600 851
617 854
633 855
648 854
664 854
679 851
693 844
707 837
721 827
732 817
744 805
753 794
763 781
772 768
781 755
790 742
797 727
803 713
808 698
812 682
817 668
822 651
635 564
626 574
616 584
609 595
605 609
615 618
629 622
643 623
657 626
670 627
685 630
698 628
712 625
718 613
715 600
709 586
701 573
566 682
578 674
591 672
606 671
621 671
634 674
648 676
661 678
676 680
688 684
701 688
714 693
726 698
728 712
717 723
706 731
695 740
683 746
670 750
656 753
642 754
628 752
616 747
604 739
593 730
583 719
574 708
568 696
572 682
585 682
597 684
609 684
621 685
633 686
645 688
657 689
669 691
681 692
692 694
704 696
715 699
722 708
712 714
702 720
692 725
681 729
670 732
659 734
646 733
635 731
624 728
613 724
603 718
594 710
585 702
576 693
718 531
723 528
729 525
735 522
741 520
747 520
754 521
760 523
766 525
771 528
776 533
773 538
767 540
760 541
754 542
748 541
741 539
735 538
729 536
724 534
617 519
618 513
612 508
606 504
600 501
593 499
587 497
579 497
572 497
565 499
559 502
554 508
560 512
566 515
573 517
580 518
587 519
595 518
602 518
610 519
714 482
722 471
735 467
748 465
762 466
775 469
787 473
799 480
810 488
818 499
822 512
824 525
814 514
804 505
793 497
781 491
769 486
756 484
742 482
728 483
622 462
618 449
607 441
595 437
581 435
567 435
553 436
540 439
529 446
520 457
513 468
508 480
519 471
529 462
541 456
555 455
569 456
582 458
595 460
608 463
