674 815
671 844
667 873
665 901
667 930
665 959
662 987
667 1017
675 1044
686 1070
699 1097
717 1120
739 1138
765 1151
791 1164
817 1177
844 1192
868 1206
891 1224
913 1245
934 1263
959 1280
985 1291
1014 1298
1041 1299
1069 1292
1094 1277
1119 1259
1131 1234
1138 1205
1153 1180
1167 1156
1182 1129
1199 1105
1215 1081
1231 1056
1244 1030
1255 1006
1261 977
1264 947
1263 917
1066 867
1064 892
1049 913
1032 930
1021 954
1031 977
1049 995
1073 1004
1098 1011
1122 1014
1150 1010
1171 1000
1188 980
1186 956
1180 928
1177 904
1174 877
938 1073
953 1067
969 1065
986 1063
1003 1062
1021 1062
1038 1061
1055 1063
1072 1065
1088 1068
1104 1072
1120 1074
1136 1078
1149 1090
1145 1106
1133 1118
1120 1127
1104 1131
1087 1133
1070 1132
1054 1129
1038 1125
1023 1119
1009 1112
994 1105
980 1097
966 1091
951 1085
954 1073
967 1077
981 1080
994 1082
1008 1084
1022 1086
1035 1088
1049 1090
1062 1093
1076 1095
1090 1096
1105 1097
1118 1099
1132 1101
1142 1105
1128 1107
1114 1106
1100 1105
1085 1105
1071 1105
1057 1103
1044 1099
1032 1095
1019 1092
1006 1088
993 1084
980 1080
967 1078
1162 811
1165 800
1175 795
1184 790
1195 787
1206 785
1217 786
1227 791
1237 797
1245 805
1250 815
1251 827
1242 835
1231 838
1220 836
1209 834
1199 831
1188 828
1178 824
1168 820
1038 787
1039 774
1033 763
1026 752
1015 744
1004 740
992 737
978 736
966 738
954 742
943 748
933 756
939 767
950 772
963 775
975 777
988 780
1000 783
1012 786
1025 788
1176 767
1184 757
1194 750
1205 745
1216 742
1229 740
1242 740
1254 742
1266 745
1277 750
1287 757
1290 767
1277 768
1265 766
1252 765
1240 763
1227 763
1214 763
1201 764
1189 766
1095 712
1077 695
1056 686
1034 680
1011 675
987 673
963 672
939 674
916 679
894 686
874 698
896 705
921 703
945 702
970 703
993 706
1015 712
1037 720
1058 727
1082 730
