797 1000
806 1034
814 1067
823 1101
834 1138
845 1172
856 1206
866 1240
877 1273
890 1308
903 1342
923 1370
939 1402
967 1428
994 1449
1022 1469
1056 1490
1088 1506
1118 1522
1150 1535
1187 1546
1220 1547
1259 1542
1295 1537
1328 1529
1364 1528
1400 1525
1433 1509
1458 1484
1478 1456
1492 1423
1497 1386
1506 1350
1516 1317
1524 1281
1529 1246
1532 1211
1535 1175
1541 1140
1546 1104
1553 1066
1311 997
1304 1027
1295 1060
1282 1092
1266 1121
1273 1154
1304 1168
1337 1170
1371 1167
1405 1164
1438 1168
1465 1150
1465 1118
1451 1087
1438 1058
1427 1023
1422 989
1226 1311
1241 1299
1256 1288
1273 1279
1291 1275
1309 1272
1329 1271
1347 1275
1367 1276
1385 1272
1404 1270
1423 1272
1440 1278
1455 1289
1462 1306
1448 1320
1438 1335
1423 1348
1406 1354
1386 1354
1367 1353
1347 1351
1328 1349
1310 1345
1293 1338
1276 1333
1259 1327
1243 1319
1242 1303
1254 1297
1268 1296
1283 1296
1298 1296
1312 1294
1326 1293
1341 1292
1356 1293
1370 1293
1385 1292
1399 1294
1413 1296
1426 1299
1438 1304
1426 1297
1412 1295
1398 1293
1384 1292
1369 1291
1355 1292
1340 1292
1326 1293
1311 1294
1297 1295
1282 1295
1268 1294
1253 1295
1421 947
1423 936
1430 928
1440 923
1450 921
1462 920
1473 920
1484 922
1494 926
1503 931
1510 940
1509 951
1502 959
1493 964
1482 966
1470 966
1459 964
1449 961
1439 958
1429 955
1246 930
1240 918
1230 908
1218 902
1205 898
1191 897
1177 897
1163 899
1150 903
1138 908
1126 915
1137 923
1148 931
1160 938
1172 943
1185 947
1199 949
1213 949
1227 947
1240 942
1451 904
1456 889
1468 877
1482 870
1496 864
1511 859
1526 855
1542 851
1559 851
1574 855
1587 866
1590 882
1581 895
1567 900
1549 900
1533 899
1516 898
1499 897
1483 900
1468 903
1324 885
1322 855
1297 833
1270 820
1240 812
1209 805
1178 800
1145 798
1112 801
1082 809
1056 827
1036 852
1065 861
1098 863
1132 863
1165 863
1198 865
1230 868
1261 875
1292 881
