297 247
291 263
289 281
288 299
288 317
291 335
297 353
305 369
311 386
316 404
321 421
326 439
332 456
339 474
346 490
354 505
366 520
383 528
401 530
419 531
437 533
455 532
474 530
492 528
510 525
528 521
543 514
560 507
578 501
593 492
610 482
624 472
639 461
649 447
656 429
661 412
667 394
673 377
679 359
683 343
687 323
345 294
343 305
342 317
343 328
351 338
359 346
370 350
382 351
393 348
404 346
416 346
428 346
438 341
446 333
453 323
453 311
447 300
341 385
350 380
361 381
371 384
383 382
394 382
405 384
416 386
427 388
438 390
449 392
459 395
470 398
468 407
458 410
448 414
439 418
429 422
419 426
409 430
398 432
387 433
376 432
365 430
355 425
348 417
345 406
345 395
346 390
353 394
360 396
368 397
376 398
384 399
392 399
400 398
409 398
417 398
425 399
432 401
440 402
448 403
456 404
448 403
440 402
432 401
425 399
417 398
409 398
400 398
392 398
384 398
376 398
368 397
361 395
353 393
462 243
467 236
473 230
480 224
488 221
496 220
505 221
513 223
521 227
528 231
535 237
535 245
527 248
520 251
511 253
502 254
493 254
485 252
477 249
469 246
376 234
377 225
374 217
367 212
360 207
352 204
344 202
335 201
327 202
319 205
313 211
313 220
315 228
318 236
326 239
334 240
343 240
352 239
360 237
369 236
436 200
441 189
451 181
463 178
476 177
489 177
502 178
514 179
527 181
538 185
549 191
553 200
540 201
527 201
514 201
501 201
488 201
474 201
461 202
448 201
354 195
354 189
348 183
342 178
335 175
328 173
321 172
313 171
305 171
298 174
292 179
290 186
296 190
303 189
310 186
318 185
325 186
332 189
339 192
346 193
