513 1861
528 1924
540 1989
553 2053
566 2115
579 2177
602 2239
625 2301
660 2360
695 2411
735 2467
773 2518
816 2571
860 2617
909 2661
960 2705
1010 2745
1067 2775
1133 2798
1199 2804
1263 2808
1330 2804
1393 2794
1449 2762
1506 2721
1548 2679
1596 2629
1642 2584
1680 2531
1726 2479
1764 2427
1800 2372
1832 2315
1863 2257
1892 2199
1913 2140
1936 2072
1953 2013
1977 1952
2003 1887
2019 1822
1217 1930
1174 1966
1135 2018
1112 2075
1113 2132
1143 2182
1204 2204
1261 2214
1323 2216
1382 2218
1445 2204
1497 2179
1542 2135
1544 2080
1519 2022
1483 1971
1448 1919
1002 2428
1043 2415
1083 2400
1123 2383
1163 2365
1208 2359
1253 2364
1295 2376
1341 2372
1385 2363
1433 2362
1474 2376
1514 2393
1553 2413
1539 2454
1508 2489
1473 2519
1436 2546
1397 2566
1354 2577
1309 2582
1261 2581
1217 2574
1175 2561
1136 2543
1097 2522
1059 2498
1025 2466
1040 2424
1075 2426
1110 2423
1145 2422
1182 2422
1217 2424
1252 2427
1287 2428
1322 2424
1357 2422
1392 2421
1427 2419
1463 2418
1499 2417
1532 2417
1496 2416
1461 2414
1426 2416
1392 2421
1357 2422
1321 2421
1287 2425
1252 2424
1217 2423
1181 2422
1146 2420
1111 2422
1075 2423
1536 1676
1556 1648
1580 1621
1608 1600
1637 1582
1668 1570
1701 1562
1737 1564
1769 1573
1799 1588
1825 1613
1826 1650
1801 1676
1771 1693
1740 1704
1705 1707
1671 1702
1636 1698
1602 1692
1567 1689
1093 1649
1074 1622
1049 1600
1023 1579
994 1569
960 1566
928 1571
898 1580
870 1594
843 1611
816 1629
841 1654
866 1675
894 1690
925 1699
958 1702
991 1699
1022 1692
1054 1687
1085 1679
1501 1521
1537 1479
1583 1454
1633 1439
1684 1426
1735 1412
1784 1396
1834 1381
1890 1379
1942 1390
1985 1424
1970 1471
1914 1468
1859 1472
1808 1485
1756 1496
1702 1503
1650 1514
1599 1526
1549 1542
1165 1479
1118 1444
1064 1426
1009 1412
953 1400
893 1394
832 1392
773 1386
712 1383
655 1394
604 1419
646 1463
698 1484
758 1489
818 1495
876 1502
937 1506
997 1509
1058 1514
1120 1514
