289 286
288 298
284 310
281 322
279 335
279 347
279 359
280 372
283 383
287 396
291 406
296 418
303 428
313 437
322 445
333 451
345 454
356 458
369 459
382 459
394 460
406 458
419 456
431 454
442 450
454 447
466 444
478 441
489 438
501 431
512 425
522 419
533 413
543 406
552 398
555 386
558 373
557 361
557 349
557 336
558 323
390 293
382 297
375 304
373 314
374 323
380 332
389 335
399 338
409 342
418 343
429 344
438 344
447 341
454 333
455 323
452 313
447 304
349 374
355 367
362 365
369 362
377 360
385 359
393 361
400 363
409 364
417 365
424 368
431 372
437 377
444 382
449 389
445 395
437 398
430 400
422 402
414 403
405 403
397 401
389 400
381 398
374 394
367 391
361 386
355 380
351 371
359 372
366 371
373 371
380 373
386 375
393 378
399 379
407 380
414 380
422 381
428 383
435 385
441 388
447 392
441 389
435 386
428 383
421 382
414 381
406 381
399 380
393 378
386 375
380 373
373 372
365 371
358 372
461 274
466 273
471 272
475 270
480 269
485 268
490 268
495 269
500 271
504 273
508 276
506 280
501 280
496 280
490 281
485 280
480 279
475 279
470 278
466 276
396 258
394 253
391 249
387 247
382 245
378 244
373 243
367 243
362 243
357 244
353 246
356 250
360 253
365 255
370 256
374 258
379 259
383 261
388 262
393 262
465 248
470 242
477 236
484 233
492 230
501 229
510 230
517 232
524 237
529 244
532 251
535 259
528 255
521 249
514 246
506 244
497 244
489 245
481 248
473 251
406 232
401 224
393 217
385 212
376 210
365 209
355 210
345 210
335 212
326 215
318 221
329 221
339 219
349 219
359 219
368 221
377 225
385 231
393 237
402 240
