582 795
588 816
595 839
602 862
610 885
619 907
629 928
640 949
656 969
669 987
684 1008
699 1026
717 1044
733 1058
753 1074
772 1087
795 1098
816 1105
840 1108
865 1106
887 1101
909 1092
931 1079
949 1065
968 1052
988 1036
1005 1021
1023 1005
1040 985
1054 967
1066 948
1079 926
1089 905
1099 884
1105 861
1109 837
1112 813
1112 788
1111 764
1109 740
1105 716
722 777
713 794
702 809
693 829
704 844
724 852
743 855
764 856
783 855
804 851
823 846
842 839
850 822
843 803
830 789
816 773
804 756
720 947
727 935
735 923
746 913
758 906
773 905
788 906
802 903
815 899
830 899
844 903
857 907
871 910
885 913
896 920
884 929
873 939
861 947
849 954
837 963
825 971
813 976
798 978
783 979
768 978
755 972
743 964
732 955
725 948
737 945
748 941
760 938
772 938
785 939
797 937
809 935
820 931
832 929
844 927
856 925
868 923
880 919
891 916
879 919
867 922
856 924
843 926
831 927
819 930
808 934
797 937
785 939
772 938
759 938
748 941
736 944
823 673
829 664
837 656
846 650
856 646
867 643
878 642
890 642
901 642
913 643
922 646
920 656
911 664
901 668
891 670
880 672
868 673
857 674
846 675
834 675
699 687
693 679
685 675
677 672
668 671
658 672
649 673
640 675
633 679
626 686
624 694
629 702
636 707
645 709
654 708
663 706
671 704
679 701
688 699
696 695
783 608
798 597
813 589
830 584
847 580
865 577
883 574
902 574
920 575
938 578
954 585
940 591
922 592
903 592
885 595
869 601
852 606
836 612
818 615
799 615
698 634
694 624
684 619
674 615
662 614
650 614
638 613
626 614
615 617
605 622
597 630
593 641
604 643
616 641
627 640
640 640
652 639
664 639
676 640
688 639
