288 406
290 419
290 432
298 443
302 455
307 469
312 481
319 492
327 502
337 510
347 519
357 528
368 535
381 543
393 548
405 553
418 557
430 559
444 561
457 562
471 561
484 559
497 556
510 552
523 547
534 540
545 533
557 526
567 518
577 509
587 499
594 488
602 477
610 467
617 455
620 443
624 429
626 416
627 403
629 390
630 376
430 363
420 371
412 381
408 393
414 405
426 409
439 410
452 411
466 411
478 410
492 410
505 411
518 409
525 399
523 387
517 375
509 365
388 469
398 463
409 459
420 456
430 452
442 449
453 450
465 452
477 451
489 450
501 452
512 456
522 460
533 464
536 473
526 480
516 486
506 492
496 497
485 501
474 502
461 503
449 501
438 499
426 497
417 491
407 484
397 477
404 469
413 468
422 468
431 468
440 467
449 467
458 467
467 467
476 468
485 468
494 467
503 467
512 468
521 469
530 469
522 469
513 468
504 468
495 468
486 468
477 468
468 468
459 467
449 467
440 468
431 468
422 468
413 469
520 313
525 307
531 301
537 298
544 295
552 293
560 293
568 295
575 297
581 302
587 307
585 314
579 319
572 322
564 323
556 322
549 320
541 319
534 318
527 315
407 307
402 302
396 298
390 295
383 294
375 294
368 295
362 298
355 301
349 305
344 310
349 315
356 317
363 318
371 318
378 319
386 318
393 317
400 317
407 315
497 277
500 263
509 251
523 247
538 244
553 243
568 242
584 242
597 247
609 258
616 271
617 284
605 275
591 269
577 265
562 267
548 270
535 277
522 284
508 288
438 268
428 257
415 251
402 246
389 242
375 239
359 239
345 242
333 248
321 258
313 269
327 266
340 262
355 261
369 264
381 270
394 276
407 281
421 284
436 283
