11 528
17 541
24 555
29 569
35 582
43 596
52 607
63 617
75 628
87 635
101 642
114 649
128 655
143 660
157 664
171 667
186 670
202 671
217 672
231 672
246 672
262 672
276 669
291 665
304 660
317 653
330 644
342 634
354 626
365 617
377 607
388 596
398 585
407 573
413 558
417 545
423 531
425 515
425 500
426 486
427 470
213 446
208 461
197 473
184 484
180 501
192 511
209 511
226 506
242 504
260 504
276 501
293 503
309 500
314 484
307 469
297 456
286 442
187 586
192 576
200 568
210 562
219 555
227 548
237 543
248 542
260 541
272 541
283 543
293 548
302 554
310 562
317 571
319 582
312 591
302 596
292 601
282 604
271 607
260 608
248 608
236 608
225 607
215 603
205 599
195 594
189 586
196 581
205 579
213 577
223 576
232 576
241 574
250 574
259 574
268 573
277 572
287 572
296 571
305 571
314 572
306 574
298 575
289 577
280 578
271 580
262 581
253 581
243 581
234 581
225 581
215 582
206 583
197 584
292 399
295 391
302 384
309 380
317 376
326 374
335 373
344 375
353 377
361 381
368 386
368 396
360 401
352 404
343 406
335 408
325 408
316 407
307 408
299 406
170 404
164 397
157 392
149 390
140 389
131 390
123 392
115 395
107 399
100 403
93 409
100 414
108 418
116 420
125 421
134 421
143 421
152 419
159 416
167 412
285 341
291 332
299 325
309 321
319 319
330 318
340 317
351 316
362 316
372 319
381 325
376 332
366 330
356 329
345 330
335 333
325 335
315 338
305 340
295 343
182 339
169 333
155 330
140 327
125 326
110 327
96 330
83 335
71 343
59 354
52 366
67 365
81 360
94 354
108 351
123 350
138 352
153 355
168 356
182 353
