565 840
567 870
570 897
575 928
582 959
590 988
599 1015
607 1045
616 1072
632 1097
648 1123
665 1147
688 1169
708 1190
732 1207
760 1220
786 1233
817 1244
844 1249
875 1251
904 1255
935 1253
963 1247
993 1240
1022 1230
1048 1218
1072 1199
1096 1179
1117 1158
1139 1137
1159 1114
1176 1091
1191 1065
1203 1035
1213 1008
1220 979
1225 948
1231 921
1235 891
1238 861
1239 829
923 860
909 880
894 899
876 919
869 940
884 961
906 970
931 974
955 978
981 983
1007 982
1031 979
1051 965
1048 940
1040 916
1034 892
1028 865
805 1040
825 1041
845 1040
865 1039
885 1038
906 1038
925 1039
945 1042
965 1043
985 1044
1004 1047
1023 1051
1042 1053
1053 1067
1038 1081
1023 1094
1007 1104
989 1111
971 1116
951 1119
931 1120
912 1118
893 1114
876 1106
859 1097
844 1085
829 1071
816 1056
819 1044
835 1047
851 1049
866 1054
882 1057
899 1058
916 1057
933 1058
950 1058
967 1058
984 1058
1001 1057
1018 1056
1034 1055
1036 1063
1022 1068
1006 1072
991 1075
974 1077
958 1078
941 1079
924 1078
908 1075
892 1073
876 1069
862 1064
847 1059
833 1052
1045 785
1053 775
1064 768
1075 763
1087 760
1101 759
1113 761
1125 765
1136 771
1146 780
1152 791
1144 801
1134 807
1121 810
1108 812
1095 812
1083 810
1071 807
1059 803
1048 796
866 772
859 764
851 758
841 755
831 753
821 753
811 755
801 758
792 762
784 767
776 773
785 777
794 780
803 784
812 786
823 787
833 786
843 785
853 783
862 780
1055 717
1071 709
1088 702
1105 696
1122 691
1140 687
1158 684
1178 684
1195 689
1210 701
1219 717
1212 729
1195 722
1177 718
1159 715
1139 716
1122 721
1104 725
1085 728
1068 732
909 721
904 701
882 686
859 677
834 671
808 668
780 667
753 669
729 675
706 688
686 707
674 729
698 722
723 715
749 712
776 710
803 711
830 712
857 714
883 718
