691 968
693 993
697 1018
702 1043
708 1069
716 1092
727 1115
742 1139
756 1159
775 1178
794 1194
814 1212
835 1227
855 1242
877 1257
899 1272
918 1286
941 1298
968 1305
992 1310
1019 1313
1044 1313
1070 1310
1095 1302
1117 1292
1143 1280
1165 1271
1189 1259
1211 1245
1234 1231
1254 1218
1275 1203
1295 1184
1312 1165
1326 1142
1339 1121
1352 1098
1361 1076
1370 1051
1378 1025
1383 999
942 1000
932 1016
917 1032
919 1053
935 1069
956 1077
978 1080
1000 1082
1020 1083
1044 1084
1065 1084
1087 1084
1104 1072
1110 1051
1110 1030
1102 1009
1084 996
902 1157
916 1150
931 1143
946 1139
962 1135
979 1134
996 1136
1013 1138
1030 1137
1047 1139
1063 1142
1079 1147
1094 1152
1108 1160
1113 1175
1100 1186
1086 1194
1071 1199
1055 1202
1038 1205
1021 1206
1004 1206
986 1204
971 1201
956 1195
941 1188
926 1182
914 1170
915 1156
929 1157
943 1157
957 1156
971 1157
985 1158
998 1161
1012 1162
1026 1161
1040 1159
1054 1160
1067 1162
1081 1164
1094 1166
1107 1169
1095 1165
1082 1163
1068 1161
1055 1158
1041 1159
1027 1159
1013 1160
999 1160
985 1158
972 1156
958 1155
944 1156
929 1156
1113 898
1120 887
1130 877
1142 871
1155 866
1168 864
1182 863
1196 865
1209 869
1221 875
1231 884
1232 898
1220 906
1208 910
1194 911
1179 912
1166 909
1152 906
1139 903
1125 904
929 870
924 862
915 855
906 851
896 849
886 849
875 849
864 850
854 852
845 857
838 865
847 871
855 876
865 880
874 882
885 883
896 883
906 883
917 882
927 880
1107 802
1134 805
1162 806
1188 802
1212 793
1236 783
1262 778
1288 782
1312 791
1333 809
1350 830
1328 840
1301 839
1274 835
1246 835
1218 836
1192 833
1164 833
1135 834
1109 830
954 814
937 801
917 795
898 789
877 784
857 778
837 772
817 768
794 768
774 771
756 783
773 795
792 804
812 809
832 814
854 817
875 820
897 822
918 825
940 827
