404 461
407 478
410 495
413 514
415 531
420 548
426 565
431 582
437 600
443 616
450 632
457 649
465 665
477 679
491 690
505 700
521 708
538 717
555 723
572 725
589 723
607 719
625 713
640 704
653 693
668 681
681 670
694 656
703 641
712 627
724 613
735 599
745 585
756 568
765 553
774 538
780 521
784 504
789 487
793 468
797 451
518 462
514 475
510 488
506 499
506 514
512 525
521 534
535 538
549 537
561 534
574 529
586 522
598 516
601 503
595 491
588 479
583 466
482 583
492 578
504 576
515 575
527 573
539 572
551 571
563 572
576 571
588 572
599 574
611 576
623 577
635 578
635 588
625 592
614 595
603 598
592 602
581 605
570 607
558 608
546 607
534 604
523 601
513 597
502 593
492 588
495 586
504 584
514 585
524 586
534 587
544 588
554 589
564 590
574 589
584 587
594 586
604 585
614 585
624 584
635 583
626 585
616 585
605 586
595 586
585 587
575 589
566 590
555 590
545 589
535 588
525 587
515 586
505 586
603 398
608 391
614 385
621 379
628 374
635 370
644 368
653 369
661 371
668 375
674 381
677 389
670 395
663 399
655 401
646 402
637 402
628 401
620 400
611 399
514 391
509 386
503 383
497 380
491 379
484 378
477 378
471 379
465 382
460 387
456 393
462 398
467 400
474 402
480 404
487 404
494 404
500 403
506 400
512 397
579 365
592 356
605 349
619 344
634 340
649 337
664 336
681 335
696 337
710 342
723 352
714 360
699 357
683 356
666 355
650 356
635 357
620 360
606 366
592 372
501 363
494 356
486 352
477 350
467 349
457 350
447 351
438 352
429 356
421 361
416 369
422 376
432 377
441 374
450 372
459 370
468 368
478 369
488 370
498 371
