556 936
556 962
556 990
557 1018
558 1046
566 1072
585 1095
601 1115
618 1138
635 1159
657 1175
680 1195
704 1208
730 1219
753 1231
778 1245
805 1253
830 1261
857 1269
886 1270
913 1263
940 1259
967 1257
993 1247
1014 1226
1031 1206
1047 1182
1053 1156
1062 1130
1076 1105
1085 1078
1096 1054
1105 1027
1113 999
1121 973
1129 947
1137 921
1150 895
1156 867
1160 842
1165 812
878 895
868 912
863 932
866 954
881 969
901 976
921 984
941 990
964 990
985 986
1001 974
1019 962
1031 945
1036 923
1034 902
1027 881
1016 863
775 1069
798 1067
820 1063
841 1058
863 1055
886 1052
908 1050
930 1046
952 1043
974 1040
995 1034
1016 1028
1036 1020
1048 1036
1041 1056
1030 1075
1016 1092
999 1107
980 1117
960 1124
937 1127
914 1126
893 1122
872 1115
853 1106
833 1099
813 1090
794 1080
809 1074
825 1077
842 1076
859 1077
876 1075
893 1074
909 1077
925 1074
943 1074
960 1073
975 1069
990 1064
1003 1055
1017 1045
1029 1040
1015 1047
1002 1058
989 1066
974 1073
958 1075
942 1078
926 1080
909 1082
892 1081
875 1080
858 1078
841 1078
824 1079
999 730
1005 719
1014 709
1025 702
1036 697
1049 693
1061 690
1074 688
1088 688
1101 691
1111 699
1114 711
1101 708
1088 710
1075 712
1062 714
1049 717
1035 718
1022 718
1009 721
846 752
843 741
835 733
825 728
814 725
801 725
790 727
779 729
768 734
759 739
749 746
743 756
753 761
765 763
777 762
788 759
800 758
812 758
824 757
836 757
1003 681
1010 665
1024 651
1039 640
1055 631
1070 621
1086 611
1102 603
1118 595
1136 596
1151 609
1149 625
1132 619
1116 627
1100 634
1083 642
1067 650
1051 657
1035 666
1019 674
891 683
882 668
866 660
848 658
830 656
812 655
793 655
775 656
757 659
741 665
726 674
744 677
762 679
780 681
797 684
815 686
833 689
850 693
868 696
885 699
