811 1871
803 1919
795 1966
795 2017
797 2069
804 2120
810 2167
812 2218
825 2263
849 2312
879 2352
912 2389
950 2418
993 2444
1039 2464
1085 2487
1131 2511
1177 2528
1221 2543
1271 2559
1321 2571
1370 2583
1420 2590
1469 2586
1519 2584
1567 2573
1611 2547
1650 2519
1689 2486
1721 2449
1753 2410
1781 2369
1803 2324
1819 2275
1832 2227
1841 2177
1851 2128
1866 2079
1879 2029
1891 1984
1896 1931
1396 1666
1369 1702
1330 1725
1293 1750
1273 1792
1288 1832
1332 1849
1373 1862
1415 1876
1465 1883
1508 1891
1552 1893
1600 1887
1627 1855
1612 1814
1583 1773
1560 1733
1149 2121
1160 2081
1183 2044
1214 2011
1251 1989
1291 1977
1336 1974
1380 1978
1422 1989
1463 1999
1505 2009
1544 2026
1580 2048
1615 2077
1644 2111
1653 2153
1624 2188
1589 2215
1550 2232
1509 2243
1464 2245
1419 2242
1376 2235
1335 2223
1296 2209
1258 2189
1221 2168
1183 2151
1157 2117
1186 2092
1216 2069
1245 2046
1278 2031
1314 2024
1353 2024
1390 2029
1426 2036
1461 2044
1498 2050
1533 2058
1566 2073
1595 2096
1621 2124
1628 2159
1595 2171
1559 2177
1519 2178
1480 2177
1442 2179
1404 2176
1369 2168
1333 2160
1297 2153
1262 2145
1226 2137
1190 2129
1558 1635
1578 1617
1599 1601
1621 1587
1644 1575
1667 1565
1692 1559
1719 1561
1741 1572
1762 1590
1778 1611
1790 1634
1770 1648
1744 1644
1719 1640
1693 1635
1667 1632
1640 1631
1613 1632
1586 1635
1309 1594
1299 1575
1279 1554
1259 1534
1240 1514
1218 1498
1193 1492
1167 1497
1142 1504
1118 1515
1097 1531
1075 1548
1099 1558
1126 1561
1154 1562
1181 1565
1208 1569
1235 1572
1261 1577
1285 1586
1572 1422
1582 1385
1613 1362
1652 1356
1691 1361
1726 1374
1759 1392
1791 1416
1821 1444
1846 1475
1864 1508
1876 1544
1848 1546
1818 1518
1786 1496
1752 1480
1716 1468
1679 1460
1641 1451
1605 1441
1383 1420
1382 1371
1345 1339
1302 1325
1252 1324
1205 1331
1160 1343
1118 1361
1078 1385
1038 1411
1000 1440
964 1474
1015 1474
1057 1458
1098 1437
1142 1423
1191 1418
1240 1420
1290 1422
1337 1429
