123 414
127 425
133 437
139 448
145 458
152 470
158 481
163 491
169 502
176 513
183 523
192 532
202 540
212 545
224 552
236 557
248 561
258 565
271 567
284 568
297 567
309 566
321 564
333 560
344 553
354 546
363 538
371 528
377 518
384 506
390 495
395 484
398 472
400 459
402 447
403 435
405 423
406 410
404 397
406 385
404 372
275 362
274 375
273 388
272 402
272 416
276 430
285 439
298 440
312 438
325 435
339 431
348 421
349 408
342 396
335 384
332 370
327 357
264 493
270 487
276 481
281 476
288 471
294 467
301 464
309 462
316 462
325 461
332 461
341 460
348 462
355 465
361 469
361 477
355 482
348 485
341 488
334 490
326 490
318 491
310 492
303 494
295 495
287 495
279 496
272 494
271 488
276 485
281 482
287 479
293 478
300 477
306 477
313 476
319 475
325 474
331 473
338 471
344 470
350 469
356 470
351 470
344 471
338 472
332 474
326 474
319 475
313 476
306 477
300 477
293 478
287 479
282 482
276 485
327 327
330 322
334 319
339 316
343 313
348 311
353 309
358 308
364 309
368 311
372 315
371 320
368 325
364 328
359 329
354 330
348 330
343 330
337 330
332 329
241 335
237 332
232 329
227 327
221 327
215 327
210 329
205 331
200 334
196 338
193 343
197 346
202 348
208 349
214 350
219 349
225 349
230 347
235 345
239 340
315 299
317 291
322 284
329 278
336 275
344 272
352 269
360 267
369 266
377 269
384 273
388 281
379 280
370 283
363 286
355 288
347 290
338 292
331 295
323 299
264 283
252 277
239 275
225 276
212 278
199 282
187 286
176 292
165 300
155 310
148 321
161 317
172 310
184 305
196 301
208 298
222 297
236 297
250 297
264 296
