645 933
657 954
669 975
680 999
690 1021
704 1043
719 1061
738 1079
757 1095
777 1111
797 1127
817 1141
839 1152
863 1161
887 1169
912 1175
937 1178
962 1177
986 1172
1012 1165
1033 1154
1053 1139
1073 1125
1092 1108
1111 1090
1129 1072
1145 1055
1162 1035
1177 1014
1189 992
1199 968
1205 944
1206 919
1200 897
1191 872
1183 850
1172 826
1161 804
1148 781
1137 759
1125 736
797 871
787 885
779 904
781 921
793 937
811 942
830 940
848 936
866 930
884 920
900 912
916 901
931 889
942 874
942 855
928 842
911 833
791 1019
799 1000
816 985
834 976
856 975
877 971
896 962
913 951
932 941
951 935
972 931
994 932
1013 939
1029 953
1020 971
1011 990
1002 1008
989 1026
974 1042
957 1055
939 1064
920 1072
900 1077
878 1079
858 1074
841 1062
824 1047
808 1032
804 1015
820 1010
836 1005
852 1001
867 996
884 992
899 986
914 978
929 971
944 965
960 961
975 956
991 951
1007 947
1010 962
999 975
986 987
972 996
958 1006
943 1015
929 1022
913 1028
897 1033
882 1038
865 1041
848 1039
833 1031
819 1023
885 737
890 725
894 713
900 702
908 691
919 682
930 676
942 672
955 670
969 671
982 674
986 686
979 696
968 705
957 713
946 718
933 720
921 725
909 730
898 735
750 775
741 769
731 765
720 764
708 764
697 766
687 770
678 776
669 784
663 793
660 803
668 810
678 813
690 812
700 808
709 804
719 800
729 795
738 790
748 785
836 674
839 657
853 644
868 633
883 623
898 614
913 603
929 595
947 592
964 596
980 602
975 612
957 611
938 613
922 619
907 629
892 640
880 654
868 668
853 678
739 708
730 696
717 689
703 686
688 685
673 687
658 690
645 694
632 701
620 711
613 724
615 739
627 731
639 720
652 715
667 712
681 710
697 709
712 710
727 712
