648 775
652 802
657 831
663 859
671 887
680 915
689 945
697 971
709 1000
723 1024
740 1049
761 1068
783 1088
805 1109
821 1130
843 1153
867 1169
894 1177
922 1178
953 1175
980 1169
1008 1161
1039 1155
1066 1149
1095 1138
1121 1126
1149 1116
1173 1105
1200 1088
1219 1069
1234 1043
1245 1014
1256 990
1265 960
1272 933
1281 906
1286 877
1289 847
1292 819
1296 790
1300 758
871 795
861 811
848 829
836 845
830 866
844 882
865 889
885 890
906 889
927 890
949 887
969 883
984 868
985 846
975 828
963 809
952 790
818 970
833 967
848 965
864 962
879 959
896 959
912 961
928 959
943 957
959 959
973 964
988 969
1002 973
1017 978
1013 990
999 995
984 999
970 1005
956 1010
942 1015
928 1020
912 1022
897 1019
883 1013
869 1007
855 1000
842 991
830 981
829 974
841 978
853 979
866 979
878 980
891 982
903 983
916 982
928 981
941 980
953 979
966 979
979 980
992 980
1004 979
993 978
980 979
967 978
954 978
941 978
929 979
916 981
904 982
891 981
879 979
866 979
854 978
841 976
995 702
1007 694
1018 686
1030 679
1043 674
1056 671
1071 670
1085 671
1099 674
1111 680
1122 689
1117 702
1105 708
1092 712
1079 715
1064 715
1049 716
1034 715
1021 711
1009 706
841 694
832 685
822 677
812 670
802 665
790 662
778 662
766 664
756 669
746 676
736 683
743 693
753 700
764 705
775 708
787 711
799 711
811 709
822 707
834 703
961 638
975 616
997 605
1021 599
1047 597
1074 597
1101 597
1126 601
1149 608
1172 617
1194 630
1180 644
1156 638
1132 632
1106 629
1079 629
1055 634
1031 640
1007 646
982 651
845 622
830 607
813 599
794 594
776 589
756 585
736 584
716 586
698 593
682 606
672 622
691 618
708 610
728 608
747 612
765 619
783 626
800 633
819 639
839 639
