451 481
452 502
452 526
454 550
456 573
459 598
459 619
461 643
467 665
475 689
485 709
496 729
511 747
528 763
546 779
565 793
583 806
602 818
626 827
647 833
671 837
694 839
717 837
739 833
761 821
778 805
795 791
814 776
828 757
843 740
858 722
871 701
879 681
885 657
888 634
890 612
892 589
895 564
897 542
898 519
901 494
636 549
629 565
618 581
612 597
611 617
626 629
642 634
661 640
679 641
700 641
717 634
735 630
748 617
749 598
741 581
725 570
721 553
564 669
582 666
600 670
618 673
637 674
655 676
674 677
693 679
712 680
731 681
750 681
769 679
783 691
776 707
766 722
752 736
738 747
722 756
705 761
686 763
668 762
650 757
634 751
618 741
603 731
590 717
580 702
572 686
577 671
592 674
606 680
619 687
634 691
649 693
665 693
682 694
697 697
713 696
727 692
742 688
758 686
773 685
763 697
751 707
738 717
725 724
711 729
696 732
680 732
665 730
650 726
636 721
623 714
610 706
598 696
587 684
743 492
747 484
753 477
760 471
768 467
777 465
786 464
795 464
804 466
812 470
819 475
824 482
816 486
808 488
799 490
790 491
781 491
771 490
762 490
752 490
627 484
623 477
618 470
611 464
604 460
596 457
587 456
579 457
571 460
564 464
556 468
550 474
557 478
565 481
574 482
583 482
591 483
600 484
609 484
618 485
733 436
747 427
764 424
781 423
799 423
816 422
834 421
851 421
867 424
882 430
892 444
878 450
861 452
843 453
826 451
810 449
792 450
775 449
757 448
740 450
633 432
619 424
603 420
586 417
570 414
552 412
535 414
518 417
502 421
488 430
478 443
494 448
511 446
528 444
545 443
562 441
580 440
598 441
614 445
631 446
