321 430
320 444
320 457
321 470
321 483
321 498
323 510
327 523
333 535
342 546
351 556
360 564
372 572
383 580
394 586
405 594
417 601
429 608
441 612
455 614
468 615
482 614
495 612
508 608
520 602
532 595
542 586
553 579
563 570
572 561
581 551
589 540
597 529
602 516
605 503
608 490
609 476
609 463
609 449
609 436
608 422
442 435
438 443
435 451
435 460
442 466
450 468
459 470
468 470
477 471
486 472
495 471
503 470
512 466
516 458
515 449
513 441
510 432
410 526
417 521
425 516
433 512
441 509
450 507
460 506
469 507
478 508
487 507
497 507
505 511
513 516
521 521
528 528
523 536
515 540
507 543
498 545
489 546
479 547
470 546
460 545
451 543
443 541
434 537
426 535
417 532
420 525
427 524
435 523
442 522
449 521
456 522
464 522
471 523
478 524
486 525
493 525
500 526
508 527
515 527
521 530
515 529
508 528
500 527
493 526
486 525
479 524
471 524
464 523
457 522
449 522
442 522
435 524
428 525
519 373
522 368
526 364
531 361
536 359
541 356
547 356
552 356
558 358
562 362
564 367
565 373
561 377
557 380
551 381
546 380
540 380
535 379
529 378
524 376
429 366
423 362
417 358
410 355
403 353
396 352
388 352
381 353
375 356
369 360
363 366
369 370
375 373
382 375
389 377
397 377
405 377
412 376
419 375
426 373
493 338
493 328
501 322
509 317
518 313
527 310
536 308
546 309
555 311
564 316
571 323
576 332
568 335
559 331
550 328
540 328
530 329
521 331
512 334
502 336
441 333
439 321
430 313
419 310
406 310
394 310
382 311
371 314
361 319
351 327
343 336
337 346
349 345
360 342
371 337
381 333
392 330
405 329
417 330
429 330
