395 586
400 602
405 617
411 633
418 649
425 664
434 681
441 696
448 711
459 725
469 738
483 748
495 759
508 770
524 780
538 786
556 791
572 791
590 791
607 790
625 790
641 790
659 791
675 790
692 788
710 785
726 780
741 775
753 763
763 748
772 734
782 719
791 705
800 690
806 675
810 658
813 640
813 624
813 607
815 590
817 572
624 564
615 573
608 583
604 595
608 608
619 614
632 618
644 620
658 621
671 623
684 621
696 620
708 613
715 603
718 589
714 578
707 566
563 663
575 659
588 658
600 657
613 654
625 652
638 649
651 649
665 649
678 649
691 650
704 651
716 654
728 658
733 668
722 674
710 679
699 683
687 685
674 687
660 687
647 686
635 683
623 680
611 677
599 674
586 671
575 668
572 662
583 660
594 659
606 660
617 660
629 661
640 662
651 663
663 663
674 662
686 661
697 660
708 658
720 659
730 662
720 665
709 667
698 667
686 668
675 668
663 669
651 668
640 668
628 667
617 667
605 667
593 667
582 666
706 504
710 501
715 498
720 496
725 494
731 493
736 492
742 492
748 493
753 494
758 497
757 503
752 504
746 505
740 506
734 506
729 506
723 506
717 505
711 504
599 500
595 496
590 493
585 491
580 490
575 489
569 489
564 490
559 492
555 495
552 500
557 503
561 505
566 507
571 508
577 509
583 508
588 508
594 507
599 505
699 437
709 432
720 429
731 428
743 428
755 429
765 432
774 440
779 449
784 459
787 470
782 478
773 470
765 461
756 454
745 452
733 452
722 454
711 455
702 448
624 439
610 433
595 430
579 431
563 431
547 432
533 436
519 443
507 453
497 465
489 478
505 477
519 473
533 468
547 462
560 457
576 455
592 456
607 457
622 453
