404 489
410 505
416 521
421 538
426 556
432 573
442 587
452 603
462 617
474 631
487 642
502 651
518 660
533 668
550 675
567 681
584 686
601 686
619 686
637 686
655 687
673 686
691 686
708 682
723 674
738 663
751 650
760 635
767 619
773 602
776 584
778 568
779 549
779 531
778 513
780 496
781 477
782 460
781 443
781 424
781 406
671 440
664 451
659 464
654 477
654 492
665 501
679 501
693 499
707 499
721 497
735 493
747 486
759 479
761 465
756 451
749 439
740 427
637 585
644 576
653 569
662 564
671 558
680 553
692 552
703 552
714 550
726 550
736 548
747 545
757 543
767 548
766 559
767 571
763 580
754 588
744 592
734 595
723 596
712 598
701 598
689 598
678 597
668 594
658 591
648 587
646 583
652 578
660 576
668 574
675 572
683 571
691 570
699 569
707 568
715 567
723 566
732 565
739 564
747 561
753 557
747 561
740 564
732 566
724 567
716 567
707 568
699 569
691 570
683 571
676 573
668 575
660 577
653 578
718 359
720 356
724 353
728 351
731 350
735 348
740 348
744 347
749 347
753 348
756 351
755 355
753 359
749 360
745 361
740 361
736 361
731 362
727 361
723 360
617 370
614 364
609 362
602 363
596 364
590 366
584 368
578 370
572 373
567 376
561 379
567 381
573 383
579 385
586 385
593 385
599 384
605 382
611 380
617 377
721 338
724 331
730 324
734 318
740 312
747 307
753 301
760 297
767 295
774 298
778 305
778 313
775 320
768 323
761 327
754 332
748 336
742 341
735 344
726 344
668 329
653 322
637 318
619 317
601 318
584 320
567 323
550 327
535 331
520 339
510 353
526 357
544 356
561 352
578 350
595 348
613 346
631 345
648 347
666 345
