311 434
315 444
320 457
326 466
332 478
336 489
342 500
349 511
356 521
363 531
371 541
379 551
388 559
397 567
409 574
419 578
431 581
444 581
457 580
469 576
480 571
491 566
503 560
512 553
522 545
532 537
541 529
550 521
558 511
565 501
570 490
574 478
575 466
573 453
572 441
572 429
571 416
570 403
570 391
568 379
566 366
392 399
390 408
388 417
387 426
388 435
397 439
406 440
415 438
424 434
433 430
442 427
449 423
456 416
457 407
451 400
443 396
434 391
381 489
386 480
394 474
404 471
414 469
424 467
434 464
443 459
453 456
463 454
473 452
483 450
494 451
504 453
500 463
495 472
488 480
480 487
471 494
463 500
454 505
445 509
435 512
425 514
414 514
405 510
396 504
388 497
389 488
396 484
404 481
412 480
421 478
429 477
437 475
444 470
451 466
459 463
467 461
475 459
483 457
491 456
493 463
486 468
479 473
472 477
465 481
458 485
451 489
443 493
436 496
428 498
420 500
411 499
404 495
397 491
445 351
448 347
451 344
455 341
459 338
463 336
467 334
472 333
477 333
481 334
486 335
485 339
481 342
477 344
473 346
468 347
463 347
458 347
454 348
449 350
378 369
375 367
370 366
366 365
361 365
357 366
352 367
348 369
345 372
342 376
340 380
344 382
349 383
353 382
358 381
362 380
366 379
370 378
374 376
378 374
411 328
416 318
424 309
434 304
444 299
455 295
466 292
478 291
490 292
500 295
511 300
507 307
495 307
483 309
473 312
462 317
452 321
442 326
431 330
421 334
376 337
366 335
355 336
345 338
335 340
326 344
318 349
309 355
303 363
298 372
295 382
304 378
312 371
320 364
328 359
338 355
348 353
358 352
368 350
377 347
