592 679
595 706
597 735
599 762
600 791
603 820
605 848
609 877
615 904
625 931
637 957
653 979
674 999
696 1016
721 1031
744 1045
770 1060
795 1071
823 1076
853 1080
880 1080
908 1076
936 1070
965 1061
989 1050
1016 1037
1040 1025
1066 1012
1091 1001
1114 980
1124 955
1137 929
1149 904
1156 878
1162 848
1166 820
1170 793
1172 763
1173 735
1175 708
1177 677
796 683
783 699
770 718
762 737
762 760
780 771
802 774
825 776
847 781
868 784
891 781
914 777
932 766
938 745
930 726
914 709
902 689
747 886
762 877
777 870
793 862
809 857
828 858
846 858
864 855
882 853
899 855
916 859
933 863
950 866
967 870
979 879
965 890
950 897
933 902
916 905
898 908
881 911
864 914
846 916
828 914
811 910
794 907
777 902
762 896
758 884
772 883
786 880
800 878
814 876
828 875
843 877
857 877
871 875
885 873
899 872
914 871
928 869
942 868
957 869
945 870
930 871
916 872
901 872
887 874
873 876
859 877
844 877
829 877
815 878
800 879
786 881
773 884
933 605
941 596
950 589
959 582
968 576
979 572
990 571
1002 571
1013 575
1022 580
1031 589
1035 599
1025 604
1014 607
1003 609
991 609
979 609
967 607
956 605
945 604
759 602
753 593
744 588
734 585
724 584
713 584
703 585
694 589
685 594
677 602
671 610
679 618
688 623
698 624
709 624
719 623
729 621
739 619
749 616
757 612
886 550
892 531
908 515
926 506
946 502
967 500
989 499
1011 498
1033 499
1054 501
1073 507
1073 527
1052 530
1030 529
1009 531
987 529
966 531
945 534
925 539
905 544
791 534
775 522
756 519
737 518
717 518
697 519
678 523
661 529
644 537
628 547
612 556
627 568
645 565
662 557
680 551
699 548
718 546
738 544
758 545
778 545
