806 672
820 704
833 736
846 768
857 805
866 840
877 874
890 908
904 940
922 972
943 1001
968 1028
992 1050
1021 1073
1050 1091
1088 1103
1120 1111
1155 1116
1193 1121
1230 1120
1263 1112
1299 1103
1333 1093
1367 1081
1399 1067
1430 1048
1459 1026
1488 1002
1513 979
1539 952
1561 925
1579 896
1598 862
1614 831
1628 799
1640 766
1652 730
1664 697
1675 662
1686 629
1696 592
1052 683
1038 712
1017 736
1003 767
1006 801
1026 828
1058 841
1091 852
1124 852
1159 847
1193 845
1225 840
1254 821
1263 788
1250 758
1228 731
1206 705
1057 932
1082 938
1110 938
1138 937
1166 938
1194 939
1221 938
1248 935
1275 932
1302 929
1329 926
1356 925
1383 929
1369 950
1348 968
1327 985
1305 999
1282 1011
1259 1021
1235 1031
1211 1039
1186 1045
1160 1039
1137 1029
1114 1015
1092 1001
1072 981
1061 958
1057 932
1075 940
1094 947
1114 951
1135 954
1156 956
1178 955
1200 955
1221 957
1242 959
1264 959
1283 954
1303 949
1323 945
1323 954
1305 962
1286 970
1267 976
1247 979
1226 982
1205 985
1185 988
1164 989
1144 985
1125 977
1107 968
1089 959
1072 948
1264 551
1276 535
1291 523
1307 514
1324 506
1343 501
1362 499
1383 499
1402 501
1420 507
1436 517
1430 535
1414 547
1398 556
1380 561
1361 564
1341 563
1321 561
1302 559
1283 554
1029 533
1019 520
1005 512
991 506
976 501
960 498
944 496
927 497
912 500
897 506
884 516
897 528
909 539
923 547
938 551
955 552
972 551
989 551
1005 549
1021 546
1246 473
1260 449
1284 437
1309 425
1333 415
1359 407
1387 404
1416 403
1445 405
1472 410
1496 421
1496 446
1469 450
1440 448
1411 447
1382 449
1355 453
1328 459
1301 465
1275 472
1009 472
992 456
973 446
953 439
934 431
914 424
893 418
872 415
849 417
829 424
812 438
834 441
855 446
875 451
897 455
918 459
938 466
958 472
978 480
998 488
