963 1088
977 1129
990 1170
1005 1213
1027 1255
1052 1290
1077 1330
1096 1369
1119 1409
1132 1452
1141 1493
1161 1537
1177 1578
1196 1618
1226 1652
1261 1681
1299 1705
1341 1720
1385 1711
1426 1695
1470 1682
1515 1673
1556 1661
1599 1643
1639 1623
1675 1601
1714 1573
1750 1548
1784 1522
1816 1491
1849 1455
1879 1421
1908 1389
1926 1346
1940 1304
1954 1262
1969 1219
1982 1177
1996 1133
2007 1091
2018 1045
1097 1182
1082 1212
1077 1247
1083 1281
1108 1306
1140 1319
1177 1322
1209 1326
1246 1324
1283 1321
1314 1314
1348 1302
1370 1273
1371 1239
1362 1205
1348 1174
1323 1146
1164 1427
1192 1428
1217 1434
1244 1437
1271 1436
1299 1436
1325 1440
1351 1445
1378 1443
1406 1441
1433 1441
1462 1441
1483 1453
1463 1471
1442 1490
1421 1506
1400 1522
1378 1536
1355 1546
1330 1553
1304 1558
1278 1553
1254 1546
1230 1537
1209 1520
1191 1500
1175 1478
1166 1455
1181 1441
1197 1447
1213 1452
1229 1457
1245 1460
1262 1465
1279 1468
1296 1466
1314 1464
1332 1463
1350 1464
1368 1464
1386 1463
1404 1462
1417 1462
1400 1465
1382 1464
1365 1467
1349 1471
1331 1473
1313 1474
1296 1472
1278 1470
1261 1468
1245 1463
1228 1458
1212 1454
1196 1449
1383 947
1396 927
1416 910
1437 896
1459 888
1483 882
1509 880
1535 881
1560 885
1582 895
1600 914
1601 940
1579 952
1556 958
1532 964
1507 967
1480 967
1455 963
1430 959
1405 956
1170 916
1163 902
1152 889
1138 881
1123 877
1106 877
1089 877
1072 878
1058 883
1046 895
1041 910
1045 925
1056 938
1071 944
1087 947
1103 946
1119 943
1135 940
1151 937
1165 931
1296 724
1336 704
1379 692
1426 689
1474 690
1520 695
1564 706
1605 723
1643 746
1679 776
1693 805
1654 783
1614 761
1574 744
1530 735
1482 737
1438 746
1394 757
1351 769
1304 769
1098 766
1088 753
1074 747
1059 742
1043 738
1025 738
1010 742
995 750
983 762
973 775
966 790
963 806
978 804
991 791
1005 784
1022 782
1039 782
1057 782
1074 783
1091 781
