965 1100
968 1140
973 1179
982 1221
995 1258
1016 1295
1039 1327
1067 1361
1089 1392
1113 1426
1139 1459
1167 1490
1197 1518
1228 1545
1260 1569
1295 1590
1335 1606
1374 1612
1416 1613
1454 1607
1496 1599
1537 1592
1578 1584
1617 1573
1653 1557
1689 1538
1724 1516
1755 1487
1779 1453
1797 1419
1815 1382
1837 1345
1859 1310
1878 1277
1901 1239
1911 1201
1916 1160
1918 1118
1921 1078
1918 1037
1910 995
1258 1043
1246 1070
1231 1100
1232 1133
1255 1153
1283 1166
1316 1176
1349 1180
1379 1182
1413 1174
1442 1163
1471 1147
1497 1133
1526 1115
1532 1084
1520 1056
1509 1023
1209 1300
1241 1289
1279 1288
1317 1287
1353 1283
1389 1277
1426 1275
1462 1271
1496 1261
1527 1246
1559 1232
1591 1220
1628 1217
1641 1248
1623 1279
1598 1306
1571 1334
1543 1358
1514 1379
1483 1395
1451 1408
1416 1415
1379 1417
1345 1408
1313 1394
1282 1378
1252 1358
1228 1330
1245 1306
1273 1308
1300 1313
1329 1314
1358 1313
1385 1307
1411 1302
1438 1297
1464 1290
1489 1279
1513 1268
1538 1259
1563 1250
1589 1243
1609 1244
1586 1258
1562 1270
1538 1282
1514 1295
1490 1307
1466 1318
1440 1325
1411 1326
1382 1326
1353 1327
1325 1324
1297 1321
1269 1317
1504 843
1508 829
1516 817
1527 807
1539 798
1552 791
1566 788
1581 788
1597 788
1611 790
1624 796
1624 812
1612 821
1599 828
1587 835
1574 840
1560 845
1546 848
1531 850
1517 848
1203 865
1193 859
1183 855
1172 853
1161 853
1149 854
1139 857
1128 860
1118 865
1109 872
1103 881
1113 886
1124 888
1135 887
1146 885
1157 883
1169 882
1180 881
1192 880
1202 876
1450 743
1464 718
1486 697
1510 682
1535 672
1563 665
1591 659
1620 661
1647 669
1671 683
1694 703
1702 725
1677 714
1648 710
1619 713
1591 718
1562 722
1534 728
1507 734
1480 743
1253 771
1235 749
1210 737
1184 727
1157 720
1127 718
1097 718
1070 724
1045 735
1021 750
1002 773
996 800
1024 796
1052 791
1082 790
1111 788
1141 786
1171 786
1201 789
1230 786
