1082 1010
1084 1055
1089 1104
1093 1149
1096 1197
1103 1244
1111 1289
1119 1336
1143 1379
1165 1419
1193 1461
1217 1499
1245 1539
1273 1580
1304 1614
1333 1651
1364 1686
1400 1715
1443 1740
1485 1755
1534 1768
1582 1773
1630 1771
1676 1761
1719 1745
1766 1729
1802 1700
1834 1664
1863 1630
1895 1592
1924 1555
1949 1516
1979 1479
2002 1438
2020 1393
2043 1351
2060 1305
2067 1262
2076 1212
2079 1167
2082 1117
1487 1005
1450 1024
1428 1070
1422 1116
1422 1162
1460 1180
1511 1190
1539 1226
1583 1243
1627 1240
1665 1213
1704 1183
1750 1194
1767 1153
1765 1106
1744 1062
1716 1022
1345 1312
1379 1301
1416 1305
1451 1314
1490 1313
1528 1316
1565 1320
1604 1320
1642 1315
1680 1314
1720 1314
1759 1314
1794 1323
1815 1353
1787 1380
1758 1405
1728 1425
1696 1441
1662 1453
1625 1457
1587 1456
1548 1455
1512 1447
1480 1433
1448 1415
1418 1395
1388 1372
1361 1344
1362 1316
1390 1323
1420 1327
1451 1329
1481 1334
1510 1339
1539 1343
1569 1348
1599 1352
1630 1351
1662 1351
1692 1347
1721 1342
1752 1342
1759 1361
1732 1371
1703 1378
1675 1384
1644 1387
1613 1389
1582 1390
1552 1388
1522 1383
1493 1377
1465 1369
1438 1359
1412 1346
1387 1332
1737 909
1756 895
1775 882
1796 872
1817 864
1840 860
1865 859
1889 860
1911 867
1931 878
1943 898
1939 921
1919 933
1897 939
1872 940
1848 940
1825 935
1802 929
1780 924
1758 918
1456 890
1452 869
1434 854
1415 841
1395 832
1374 825
1351 823
1327 825
1305 830
1285 840
1267 856
1257 875
1277 885
1298 892
1319 898
1342 902
1365 904
1389 902
1412 899
1435 896
1721 801
1739 771
1771 758
1806 751
1844 751
1880 754
1917 758
1952 764
1984 777
2014 795
2035 824
2035 860
2001 852
1970 836
1934 831
1897 830
1860 827
1823 826
1786 827
1749 824
1493 817
1489 779
1459 755
1427 738
1392 728
1355 722
1316 719
1278 724
1246 741
1215 763
1187 791
1167 822
1202 813
1236 801
1272 792
1309 787
1349 786
1385 794
1420 804
1455 815
