1042 1136
1050 1177
1057 1220
1060 1263
1067 1305
1077 1348
1093 1389
1114 1429
1124 1470
1140 1512
1156 1552
1174 1592
1195 1630
1216 1667
1242 1704
1285 1718
1325 1735
1365 1744
1409 1749
1454 1748
1497 1741
1541 1735
1582 1723
1620 1707
1666 1697
1707 1679
1741 1660
1782 1636
1814 1611
1847 1579
1879 1547
1909 1519
1939 1488
1967 1455
1996 1418
2016 1382
2034 1339
2039 1299
2046 1252
2053 1212
2053 1165
1237 1157
1219 1189
1210 1222
1243 1237
1266 1266
1296 1287
1332 1297
1368 1293
1401 1279
1437 1265
1471 1256
1508 1247
1536 1227
1544 1190
1529 1160
1492 1150
1455 1148
1231 1400
1257 1396
1283 1399
1309 1400
1335 1403
1362 1403
1388 1399
1414 1396
1441 1395
1468 1395
1495 1395
1522 1396
1548 1400
1574 1404
1564 1415
1540 1422
1516 1429
1492 1435
1467 1441
1443 1448
1418 1453
1391 1455
1364 1455
1337 1454
1310 1453
1284 1451
1261 1442
1242 1422
1248 1408
1271 1412
1293 1418
1317 1419
1341 1419
1365 1419
1390 1420
1414 1419
1437 1416
1461 1414
1485 1413
1509 1413
1532 1410
1556 1408
1578 1406
1555 1410
1532 1413
1509 1415
1485 1416
1461 1418
1437 1420
1413 1421
1389 1420
1365 1420
1340 1420
1316 1419
1292 1419
1269 1416
1563 945
1573 936
1584 929
1596 924
1608 921
1622 921
1636 922
1649 923
1662 926
1675 929
1685 937
1678 948
1666 953
1653 955
1640 956
1627 957
1613 956
1600 954
1588 951
1575 948
1227 965
1217 958
1206 953
1196 948
1184 945
1172 943
1159 944
1147 946
1136 951
1127 961
1120 971
1130 978
1140 984
1151 989
1163 990
1176 989
1187 986
1199 982
1210 979
1221 975
1347 872
1391 836
1444 822
1499 814
1554 805
1610 797
1668 798
1722 809
1772 830
1820 855
1868 880
1844 918
1790 907
1739 892
1687 877
1629 873
1573 879
1515 883
1458 887
1399 888
1275 891
1269 863
1251 841
1226 831
1197 826
1168 823
1138 820
1109 824
1081 830
1056 842
1033 860
1019 885
1043 902
1069 893
1097 887
1127 885
1157 886
1187 888
1217 890
1246 893
