629 1650
642 1706
659 1762
681 1816
704 1871
728 1926
754 1979
785 2029
820 2077
855 2123
888 2169
926 2219
965 2260
1010 2301
1053 2337
1103 2376
1152 2404
1207 2429
1265 2448
1317 2464
1376 2476
1437 2467
1490 2449
1546 2421
1596 2388
1643 2356
1687 2318
1728 2275
1768 2231
1806 2185
1843 2138
1877 2089
1907 2043
1936 1990
1962 1934
1984 1883
2005 1826
2023 1773
2039 1714
2050 1654
2059 1594
1197 1697
1173 1740
1155 1789
1143 1843
1165 1885
1216 1906
1267 1918
1319 1920
1372 1920
1422 1916
1476 1913
1529 1900
1565 1867
1564 1813
1547 1767
1526 1717
1506 1666
1116 2111
1149 2091
1186 2081
1222 2071
1258 2058
1297 2052
1338 2054
1378 2057
1418 2053
1458 2049
1499 2052
1537 2058
1574 2069
1609 2083
1605 2121
1571 2138
1537 2154
1503 2172
1470 2191
1435 2206
1398 2215
1358 2220
1317 2219
1279 2211
1243 2198
1209 2181
1177 2161
1144 2141
1156 2116
1185 2112
1216 2111
1246 2113
1276 2114
1304 2121
1332 2125
1363 2126
1392 2123
1421 2120
1450 2117
1479 2113
1508 2109
1537 2105
1566 2100
1539 2106
1510 2111
1482 2115
1452 2118
1423 2122
1395 2128
1365 2129
1335 2128
1307 2122
1278 2118
1248 2115
1217 2115
1187 2115
1525 1484
1540 1458
1559 1434
1582 1413
1607 1398
1634 1389
1664 1385
1696 1384
1725 1390
1751 1402
1775 1421
1779 1451
1757 1474
1731 1487
1704 1497
1675 1503
1643 1503
1613 1500
1583 1495
1554 1489
1126 1463
1114 1443
1095 1428
1074 1419
1051 1415
1027 1412
1003 1414
981 1421
960 1430
940 1442
923 1460
941 1477
960 1494
980 1504
1004 1508
1028 1511
1052 1509
1076 1505
1097 1498
1117 1484
1428 1315
1468 1277
1512 1253
1558 1233
1606 1218
1657 1208
1707 1198
1758 1188
1808 1196
1853 1221
1891 1260
1881 1304
1830 1296
1775 1296
1720 1298
1667 1301
1619 1317
1572 1335
1523 1348
1469 1349
1224 1308
1182 1280
1137 1261
1090 1246
1041 1236
990 1229
937 1232
888 1241
842 1257
798 1282
763 1322
810 1337
860 1329
913 1327
967 1328
1019 1331
1070 1337
1119 1348
1169 1357
1222 1355
