1494 1124
1496 1177
1505 1232
1514 1291
1521 1343
1533 1397
1550 1457
1568 1508
1591 1561
1611 1615
1630 1667
1649 1718
1671 1768
1702 1820
1737 1866
1771 1905
1817 1944
1866 1967
1921 1977
1977 1980
2035 1973
2087 1963
2143 1945
2197 1921
2244 1896
2299 1872
2344 1847
2392 1815
2438 1780
2481 1746
2523 1710
2565 1665
2599 1621
2628 1573
2655 1523
2677 1472
2698 1419
2715 1366
2731 1313
2743 1258
2747 1198
1773 1156
1744 1188
1722 1226
1722 1268
1746 1305
1773 1340
1808 1363
1850 1378
1894 1384
1939 1385
1981 1384
2026 1383
2068 1370
2102 1345
2118 1305
2122 1259
2117 1214
1689 1467
1729 1460
1769 1453
1812 1454
1849 1466
1886 1480
1926 1487
1966 1495
2002 1508
2039 1523
2075 1539
2110 1555
2146 1572
2165 1601
2129 1617
2093 1632
2056 1645
2018 1656
1978 1663
1938 1671
1898 1676
1855 1677
1818 1664
1785 1641
1756 1610
1734 1576
1715 1541
1701 1505
1707 1486
1737 1498
1766 1510
1797 1521
1827 1532
1857 1544
1889 1552
1922 1558
1955 1562
1989 1567
2022 1572
2056 1575
2089 1580
2124 1583
2158 1585
2124 1586
2090 1582
2055 1581
2020 1582
1985 1580
1951 1576
1918 1571
1884 1566
1852 1560
1822 1548
1792 1534
1762 1523
1733 1508
2160 942
2187 920
2213 898
2241 880
2271 867
2303 858
2337 855
2372 857
2403 866
2432 881
2459 904
2458 938
2429 952
2397 962
2363 965
2328 964
2294 961
2261 954
2229 948
2196 941
1801 846
1789 828
1773 812
1755 798
1737 786
1717 778
1696 774
1673 773
1652 778
1634 791
1626 811
1634 831
1646 849
1664 861
1684 868
1706 873
1728 876
1751 876
1774 874
1793 866
2079 761
2107 700
2161 655
2222 628
2287 612
2359 609
2427 618
2489 641
2547 678
2600 725
2642 780
2653 835
2595 799
2538 763
2478 734
2413 716
2345 708
2277 718
2214 739
2151 760
1890 729
1886 691
1864 660
1833 636
1801 617
1767 604
1730 595
1692 591
1653 596
1620 611
1592 640
1578 674
1613 662
1650 656
1689 659
1724 670
1758 683
1791 701
1823 721
1856 738
