410 696
407 733
408 777
421 817
437 857
443 898
459 935
478 971
500 1008
526 1042
553 1072
582 1102
614 1130
646 1154
681 1181
714 1201
753 1223
787 1245
824 1262
865 1276
904 1284
946 1282
989 1277
1027 1265
1064 1242
1093 1211
1119 1179
1143 1145
1170 1112
1191 1078
1215 1041
1233 1005
1246 968
1258 926
1271 885
1281 845
1294 805
1307 767
1314 724
1317 683
1315 640
945 680
926 705
907 730
897 759
896 792
913 816
946 826
976 833
1009 836
1038 833
1073 832
1104 829
1130 813
1132 781
1120 753
1108 725
1098 691
833 972
854 965
875 955
895 944
916 933
936 923
957 915
979 909
1004 908
1027 912
1052 913
1075 917
1094 931
1107 951
1118 971
1111 993
1097 1012
1078 1026
1054 1030
1030 1032
1005 1032
982 1029
959 1024
937 1017
916 1009
894 1002
873 994
852 984
848 971
866 967
885 968
904 965
922 962
941 960
960 959
979 958
998 957
1018 958
1037 959
1056 960
1074 963
1091 969
1109 972
1092 965
1075 961
1056 959
1037 958
1018 957
998 957
979 957
959 957
940 957
921 960
904 964
885 967
866 967
1114 552
1122 538
1136 527
1150 518
1164 511
1178 502
1193 496
1210 494
1226 498
1241 506
1249 520
1250 538
1243 553
1229 564
1213 567
1196 568
1179 566
1163 562
1146 559
1128 559
898 528
893 509
884 491
871 474
856 459
838 448
819 442
798 443
778 448
760 456
742 465
725 478
740 494
756 507
774 516
793 523
813 527
833 531
855 531
877 531
1114 422
1118 402
1130 386
1147 377
1166 372
1185 368
1206 367
1227 369
1246 373
1264 380
1278 395
1283 413
1268 421
1251 412
1231 409
1210 410
1190 412
1171 416
1152 421
1133 426
974 422
973 384
949 356
918 339
886 327
853 317
818 310
781 308
746 314
714 327
685 349
669 380
705 377
740 369
774 361
811 364
844 374
878 382
910 396
941 411
