986 1380
989 1423
991 1469
983 1517
985 1566
996 1611
1008 1654
1025 1700
1048 1739
1071 1778
1091 1821
1115 1864
1144 1898
1182 1928
1218 1957
1256 1984
1299 2005
1342 2017
1391 2020
1437 2017
1482 2011
1531 2006
1577 1998
1623 1991
1666 1979
1709 1955
1750 1936
1788 1910
1823 1879
1860 1849
1892 1818
1925 1785
1959 1753
1986 1712
2008 1670
2025 1627
2044 1583
2066 1545
2069 1498
2065 1451
2066 1401
1318 1407
1302 1431
1296 1462
1304 1494
1322 1518
1354 1527
1385 1532
1414 1540
1445 1539
1477 1539
1510 1539
1542 1534
1568 1517
1578 1489
1569 1457
1553 1432
1525 1415
1229 1670
1256 1653
1286 1638
1315 1625
1349 1620
1383 1623
1417 1625
1451 1622
1485 1619
1520 1621
1553 1626
1585 1635
1615 1646
1645 1658
1662 1682
1635 1701
1607 1720
1578 1734
1546 1744
1513 1748
1478 1750
1443 1751
1408 1750
1374 1746
1341 1739
1311 1727
1283 1709
1256 1689
1248 1671
1275 1674
1304 1674
1332 1676
1359 1680
1386 1683
1415 1683
1443 1684
1472 1684
1501 1684
1529 1683
1556 1680
1584 1678
1613 1677
1637 1673
1611 1679
1583 1680
1555 1681
1527 1684
1500 1687
1471 1687
1443 1685
1414 1685
1386 1683
1358 1682
1330 1680
1302 1679
1274 1677
1608 1187
1617 1175
1629 1168
1642 1162
1655 1157
1669 1154
1684 1152
1699 1151
1713 1153
1726 1158
1739 1164
1740 1176
1726 1180
1712 1183
1698 1185
1683 1187
1669 1188
1653 1187
1639 1186
1623 1186
1286 1186
1272 1176
1257 1169
1242 1162
1226 1159
1208 1158
1191 1160
1174 1163
1158 1168
1143 1175
1129 1185
1145 1191
1161 1196
1177 1199
1194 1203
1211 1204
1229 1203
1247 1202
1264 1201
1282 1200
1509 1106
1536 1076
1569 1056
1604 1043
1640 1033
1677 1022
1714 1015
1755 1016
1791 1026
1823 1048
1844 1080
1835 1110
1803 1089
1769 1074
1730 1069
1692 1076
1655 1086
1621 1100
1585 1110
1546 1116
1322 1089
1311 1057
1282 1042
1250 1032
1217 1025
1182 1022
1147 1025
1115 1034
1085 1048
1058 1069
1038 1097
1026 1128
1057 1118
1088 1106
1120 1097
1154 1092
1189 1090
1225 1092
1259 1098
1292 1104
