475 1339
476 1384
477 1429
480 1478
486 1523
492 1572
503 1617
516 1663
531 1706
550 1749
574 1792
598 1829
628 1868
657 1902
689 1938
726 1971
762 2002
799 2027
840 2047
884 2059
933 2067
979 2068
1029 2064
1073 2053
1113 2032
1150 2001
1186 1970
1222 1939
1255 1906
1288 1875
1326 1841
1358 1807
1390 1774
1422 1738
1451 1700
1474 1662
1495 1619
1514 1574
1531 1531
1551 1487
1567 1443
961 1392
943 1427
926 1461
922 1502
937 1537
968 1564
1002 1584
1035 1602
1072 1618
1111 1617
1148 1605
1182 1587
1220 1568
1238 1533
1238 1493
1228 1457
1217 1416
817 1698
850 1695
884 1694
916 1689
949 1685
982 1681
1014 1676
1046 1682
1078 1687
1110 1682
1144 1681
1175 1690
1203 1703
1222 1729
1206 1756
1186 1782
1161 1805
1133 1822
1103 1831
1070 1833
1035 1832
1003 1827
972 1821
943 1807
918 1785
894 1761
870 1736
844 1715
846 1701
872 1705
899 1708
924 1714
950 1720
976 1725
1001 1730
1028 1734
1055 1736
1083 1734
1110 1731
1136 1728
1164 1726
1190 1721
1216 1720
1190 1726
1163 1729
1136 1731
1109 1733
1082 1736
1055 1737
1027 1736
1000 1733
975 1727
949 1721
924 1715
898 1710
871 1707
1271 1231
1283 1209
1303 1191
1323 1175
1344 1161
1366 1151
1391 1146
1417 1147
1441 1154
1464 1163
1483 1182
1483 1208
1466 1228
1445 1241
1422 1248
1396 1251
1369 1250
1344 1247
1320 1242
1297 1233
954 1168
950 1147
942 1128
930 1110
913 1096
895 1085
876 1078
853 1079
833 1084
815 1097
805 1116
799 1136
806 1155
823 1168
841 1178
860 1187
881 1193
903 1194
925 1192
946 1187
1246 1086
1258 1045
1295 1026
1335 1014
1378 1007
1420 1000
1464 995
1508 999
1543 1025
1568 1060
1585 1098
1592 1138
1558 1110
1524 1082
1487 1061
1445 1053
1402 1058
1361 1069
1322 1083
1284 1102
1067 1018
1050 989
1022 968
991 955
958 947
924 939
893 926
860 918
826 925
797 943
773 970
755 999
791 997
828 996
864 994
901 992
936 997
968 1006
1002 1014
1034 1025
