173 205
168 218
163 231
160 245
158 258
157 272
157 286
159 300
162 313
166 327
170 340
175 354
181 366
188 378
197 390
208 400
219 407
230 414
242 422
254 431
266 438
279 444
292 445
306 443
320 442
332 436
347 432
360 429
372 423
386 419
399 414
411 406
422 399
432 389
441 378
450 367
456 355
462 341
466 329
471 316
476 301
321 252
312 256
307 264
306 274
310 284
318 291
328 295
337 300
346 305
356 309
366 313
376 315
385 316
391 307
394 297
392 287
392 276
243 309
256 306
269 309
281 311
294 314
307 317
319 320
330 327
342 333
355 334
366 340
376 350
381 361
378 373
368 382
357 389
345 395
333 397
319 397
306 395
294 390
283 384
272 376
262 367
253 356
246 346
241 334
239 321
249 313
260 314
270 318
280 322
289 326
299 329
309 333
319 337
328 341
338 346
348 348
359 351
368 356
377 362
372 371
362 375
351 377
340 377
329 375
319 372
309 369
299 364
290 360
280 355
271 349
263 342
257 333
252 323
401 239
407 237
413 235
420 235
426 235
432 237
438 239
444 242
449 246
453 251
455 257
450 262
444 261
437 261
431 260
425 258
419 255
413 253
408 250
403 246
329 207
325 201
321 195
315 190
309 186
303 183
296 181
288 180
281 180
273 180
266 180
271 186
276 192
282 197
288 201
294 205
301 207
308 209
316 210
323 211
408 181
418 177
428 181
437 187
447 191
458 195
468 199
478 205
486 213
492 223
493 234
486 233
481 223
471 217
461 214
449 212
438 209
428 206
418 201
413 191
360 170
353 159
344 150
334 141
323 134
312 128
301 124
288 122
275 122
263 126
254 136
267 134
280 133
293 134
304 139
315 146
324 155
334 164
344 173
355 179
