171 317
174 328
177 339
179 351
181 363
182 375
183 386
186 397
191 408
198 417
207 425
217 431
228 438
238 442
249 447
260 451
271 455
283 459
293 463
304 467
316 469
327 470
340 470
351 468
362 464
372 457
379 448
385 438
390 427
396 417
402 407
409 398
416 388
420 376
423 366
424 353
426 341
427 330
428 318
427 306
426 294
312 300
308 308
305 317
306 327
311 334
319 338
328 341
338 342
346 341
356 340
364 335
373 332
379 325
377 317
372 308
369 300
366 291
269 378
278 374
287 369
296 367
306 364
316 363
326 362
337 362
347 361
357 359
367 357
377 358
386 362
383 372
381 381
379 391
375 400
368 408
359 412
349 414
338 414
328 413
319 410
310 405
301 401
293 396
284 391
276 386
271 378
279 376
287 374
295 373
303 371
311 370
320 370
329 370
338 371
346 371
355 370
363 368
371 367
379 368
375 375
370 381
365 389
359 394
351 396
342 397
334 397
325 397
316 396
309 394
301 392
293 390
285 387
278 383
365 245
367 242
370 240
374 238
377 236
380 235
384 234
388 234
392 235
395 238
396 241
395 245
391 246
388 247
384 248
380 248
376 249
373 249
369 250
365 249
287 255
285 251
281 249
278 247
274 246
269 245
265 246
261 247
257 248
253 249
250 252
248 256
252 256
257 257
261 256
265 257
270 256
274 257
278 256
283 256
357 206
361 201
366 198
372 196
378 195
384 194
390 194
396 195
401 198
406 203
408 208
403 207
397 205
391 204
385 205
379 208
374 210
368 213
363 216
358 213
306 210
297 204
286 202
275 203
263 204
252 206
243 211
234 216
224 222
216 229
210 238
220 235
230 231
240 227
249 223
260 222
272 221
283 221
295 222
306 220
