129 421
133 436
138 449
143 463
148 477
155 491
161 504
169 517
177 529
186 542
195 553
204 565
212 578
222 590
231 601
241 612
254 621
267 626
282 627
297 627
312 624
326 619
339 612
352 604
363 596
376 587
389 578
401 569
412 560
424 550
435 540
446 530
456 520
466 508
474 495
480 482
483 467
485 453
485 437
486 423
488 407
224 412
216 422
210 432
209 445
213 458
223 464
235 468
248 471
261 470
273 468
286 466
298 460
308 453
313 441
311 430
304 418
295 407
209 506
219 500
230 499
243 499
254 500
267 500
278 498
290 498
302 498
314 498
326 499
339 498
342 509
336 518
329 528
321 537
313 545
303 552
293 558
283 561
271 563
259 562
248 559
238 554
229 546
223 537
218 526
213 516
221 508
230 507
239 508
248 510
257 512
267 512
276 511
285 508
294 507
304 507
313 506
322 504
331 502
340 501
334 508
326 513
318 517
310 522
303 526
294 530
286 532
277 534
267 535
258 534
249 531
241 527
234 522
227 515
301 353
305 348
310 344
315 342
320 339
326 338
332 337
338 337
344 338
350 340
355 343
354 349
349 353
344 354
338 355
331 355
325 355
319 355
313 354
307 353
204 353
201 349
197 346
192 345
187 345
182 346
177 346
172 348
168 350
164 353
161 357
166 360
170 363
175 364
180 364
185 364
190 364
195 363
200 361
204 358
279 321
285 309
296 303
308 297
320 293
332 289
345 286
358 284
371 286
383 290
395 296
395 306
382 303
369 302
355 303
343 307
331 310
318 314
306 318
293 320
217 321
212 313
204 308
195 305
185 302
176 300
167 297
158 294
148 293
139 295
131 302
138 309
146 314
156 316
165 318
174 320
184 323
193 325
202 327
212 329
