540 1511
546 1554
554 1597
563 1640
576 1686
593 1728
613 1768
634 1807
659 1843
690 1880
719 1912
750 1943
786 1974
820 2001
859 2029
895 2056
932 2080
972 2101
1015 2114
1058 2123
1103 2126
1148 2127
1193 2123
1237 2113
1279 2095
1318 2070
1351 2038
1379 2007
1407 1972
1432 1932
1454 1891
1470 1852
1486 1809
1501 1767
1514 1725
1525 1679
1534 1635
1541 1592
1548 1548
1558 1500
1570 1456
1048 1420
1012 1441
987 1478
971 1518
986 1559
1018 1586
1062 1597
1105 1599
1150 1592
1193 1589
1239 1580
1281 1568
1324 1558
1354 1528
1350 1487
1323 1451
1291 1417
973 1804
997 1781
1023 1761
1050 1746
1078 1735
1107 1724
1141 1724
1171 1731
1203 1728
1232 1718
1265 1716
1295 1725
1323 1738
1349 1756
1355 1786
1340 1813
1321 1839
1296 1861
1268 1875
1238 1883
1206 1886
1173 1888
1139 1887
1107 1883
1079 1872
1053 1853
1027 1834
1000 1819
1000 1788
1021 1784
1044 1782
1067 1782
1090 1782
1113 1781
1135 1782
1158 1785
1180 1783
1201 1779
1223 1776
1245 1773
1268 1772
1291 1772
1311 1779
1292 1785
1271 1789
1249 1792
1228 1796
1205 1798
1183 1796
1160 1795
1137 1794
1114 1793
1091 1793
1068 1791
1046 1789
1023 1789
1258 1242
1267 1226
1282 1211
1298 1200
1316 1193
1335 1190
1355 1189
1376 1189
1396 1190
1413 1197
1429 1210
1428 1230
1412 1240
1394 1247
1375 1250
1355 1252
1336 1254
1316 1252
1297 1248
1279 1243
963 1250
957 1235
942 1228
924 1227
906 1228
888 1228
870 1229
852 1230
836 1234
821 1242
806 1248
819 1259
835 1265
851 1269
868 1272
885 1275
903 1275
920 1272
937 1268
953 1264
1188 1195
1205 1162
1234 1136
1267 1119
1303 1110
1340 1102
1377 1094
1413 1085
1449 1075
1488 1078
1521 1096
1523 1135
1492 1157
1454 1162
1415 1166
1377 1172
1340 1179
1303 1185
1264 1190
1227 1198
1040 1152
1006 1129
969 1115
931 1103
891 1094
849 1093
808 1098
768 1106
731 1120
697 1143
666 1174
701 1194
744 1196
785 1192
828 1194
870 1198
911 1202
955 1201
997 1198
1037 1191
