668 874
680 900
680 930
681 960
684 987
690 1018
697 1048
706 1076
720 1101
738 1125
755 1148
773 1173
790 1195
813 1217
836 1233
862 1251
887 1264
915 1278
942 1290
969 1299
999 1307
1026 1309
1058 1308
1085 1301
1111 1288
1137 1270
1161 1253
1184 1233
1204 1213
1225 1190
1243 1167
1260 1144
1273 1115
1281 1089
1288 1058
1293 1029
1294 1000
1300 970
1314 943
1326 918
1337 888
926 885
908 904
896 928
903 953
925 968
950 978
976 987
1001 997
1028 1000
1054 990
1079 981
1102 967
1126 956
1128 930
1119 904
1103 883
1084 862
848 1060
872 1057
897 1057
921 1055
944 1052
967 1048
992 1049
1013 1058
1035 1052
1059 1049
1083 1051
1107 1052
1130 1057
1148 1075
1136 1094
1119 1112
1100 1126
1080 1137
1059 1144
1034 1146
1010 1145
987 1140
966 1133
945 1123
926 1110
907 1096
888 1082
868 1070
874 1060
893 1061
913 1062
931 1065
949 1069
968 1073
986 1076
1005 1079
1023 1082
1042 1084
1062 1082
1081 1080
1099 1078
1119 1076
1135 1075
1117 1079
1098 1081
1079 1083
1060 1085
1041 1087
1022 1085
1003 1082
985 1078
967 1074
948 1071
930 1068
912 1065
892 1063
1085 764
1095 754
1107 747
1118 738
1129 729
1141 724
1155 726
1168 729
1182 731
1195 734
1208 738
1210 750
1196 752
1183 754
1168 755
1154 756
1140 757
1125 757
1111 757
1098 761
879 735
877 727
870 723
862 721
853 720
844 720
835 721
827 722
819 724
811 728
805 734
812 740
819 744
827 745
836 746
844 748
853 749
862 749
870 748
877 743
1047 692
1066 683
1087 680
1108 676
1130 674
1153 675
1174 678
1196 682
1216 686
1235 695
1249 712
1237 729
1214 727
1193 723
1172 719
1151 716
1129 714
1107 711
1085 710
1063 707
956 688
946 668
926 661
904 656
882 653
859 651
836 648
813 650
792 657
772 666
755 681
749 702
772 701
796 700
820 700
843 698
866 696
889 697
913 697
937 698
