376 491
376 504
376 520
376 534
377 549
377 563
379 578
381 592
386 607
392 621
398 633
408 646
416 657
426 669
437 679
449 687
462 693
475 700
489 707
501 713
516 719
529 724
543 728
558 731
573 732
588 732
602 729
615 721
625 711
634 699
642 688
651 676
660 664
667 652
675 638
681 625
688 611
694 598
700 585
706 571
712 557
592 508
585 517
578 527
572 537
570 549
573 559
583 566
594 568
607 569
619 570
629 574
641 575
652 569
657 559
656 547
655 535
653 523
529 620
537 615
546 612
555 610
564 608
573 606
583 605
593 604
602 606
611 609
620 610
629 613
635 621
638 629
638 639
633 647
627 655
618 659
609 661
599 662
590 660
582 657
573 654
565 650
556 645
549 640
541 634
533 628
538 621
544 619
550 617
556 616
563 615
570 614
577 614
583 615
589 617
596 618
602 620
608 621
614 624
620 628
623 633
620 639
614 638
607 637
601 636
595 634
588 633
582 630
576 628
570 627
564 626
557 625
551 624
544 622
646 481
652 476
658 471
664 467
671 464
678 462
686 462
693 464
700 468
704 474
705 482
704 489
701 496
694 500
686 500
679 497
673 495
666 492
659 490
652 486
563 451
559 444
554 437
549 430
542 425
534 423
525 422
516 423
508 425
501 430
494 436
498 444
504 450
510 456
518 459
526 461
535 462
544 461
553 460
562 460
663 430
671 423
680 420
690 419
701 418
711 420
720 424
728 431
732 440
733 450
732 460
728 467
729 457
725 448
717 441
708 438
698 436
687 437
677 438
667 439
604 408
593 395
580 387
566 379
551 374
536 370
519 369
503 371
488 376
474 383
462 395
478 393
493 388
509 385
526 386
541 390
555 397
569 406
582 415
596 420
