332 469
337 481
342 492
347 505
350 519
351 532
353 546
355 559
358 572
364 584
372 594
381 605
391 614
402 622
413 630
424 637
436 642
450 646
464 647
477 648
490 648
503 646
517 644
530 639
542 635
554 630
566 622
577 614
588 606
597 598
605 587
612 574
618 562
621 550
625 536
629 523
633 510
635 497
638 483
640 471
641 457
461 437
453 444
446 451
441 461
442 471
450 477
460 482
470 485
480 486
491 486
502 485
512 483
520 477
524 467
520 458
514 448
508 439
429 539
432 528
438 518
446 510
457 506
469 505
481 504
493 502
504 505
514 510
524 516
533 524
539 534
544 544
547 555
549 567
549 580
541 588
529 588
517 586
506 584
495 581
484 578
473 574
463 569
453 564
443 557
434 549
437 539
441 532
448 528
456 525
464 524
472 524
481 525
489 525
498 526
506 527
513 530
520 533
527 538
533 544
535 552
535 560
529 566
520 567
512 566
505 563
497 561
489 559
482 556
474 554
466 552
459 550
451 547
444 543
521 390
525 384
530 378
536 374
542 370
548 368
556 367
563 368
569 371
575 376
579 382
580 389
575 394
569 398
562 400
555 401
547 400
540 399
534 396
527 394
441 385
438 380
434 376
429 372
424 369
419 368
413 368
407 370
402 373
398 378
397 383
398 388
401 393
406 396
412 398
418 397
424 397
429 395
435 394
440 391
515 352
517 341
524 332
534 328
545 325
557 325
569 325
580 327
590 332
600 337
610 343
612 352
601 349
591 345
580 342
569 341
558 343
547 345
536 347
525 351
454 344
446 337
438 333
429 331
419 330
410 331
400 333
392 336
383 340
375 345
369 353
378 353
387 350
396 348
406 346
416 346
425 346
435 348
444 350
453 353
