822 993
837 1027
850 1066
865 1104
882 1144
902 1182
923 1215
947 1250
972 1282
997 1316
1023 1345
1058 1371
1089 1393
1125 1414
1163 1433
1202 1449
1240 1461
1279 1472
1322 1480
1361 1481
1404 1474
1442 1464
1477 1446
1513 1421
1545 1398
1579 1374
1610 1346
1638 1314
1664 1282
1686 1251
1710 1214
1726 1179
1740 1137
1750 1099
1756 1059
1759 1018
1761 974
1762 936
1761 891
1758 850
1754 809
1222 1006
1209 1029
1205 1054
1209 1080
1226 1096
1252 1099
1277 1098
1305 1100
1330 1099
1356 1094
1380 1090
1407 1084
1430 1076
1452 1061
1464 1040
1459 1014
1446 989
1210 1240
1224 1222
1244 1212
1265 1206
1286 1200
1307 1193
1329 1191
1353 1191
1377 1190
1400 1191
1423 1189
1447 1188
1469 1185
1493 1185
1498 1206
1483 1223
1464 1233
1443 1241
1423 1248
1403 1256
1383 1265
1362 1272
1339 1273
1315 1273
1292 1271
1270 1265
1249 1259
1229 1251
1233 1237
1252 1234
1272 1234
1291 1231
1310 1228
1329 1225
1349 1222
1368 1225
1387 1222
1406 1218
1424 1213
1442 1208
1460 1203
1478 1197
1495 1191
1480 1200
1462 1206
1444 1209
1426 1215
1407 1219
1389 1224
1370 1226
1350 1225
1330 1226
1311 1229
1292 1232
1273 1234
1252 1235
1442 814
1448 797
1458 781
1470 766
1485 752
1501 742
1518 736
1538 736
1557 739
1574 745
1590 753
1602 769
1587 780
1571 788
1553 794
1535 798
1516 800
1497 802
1477 803
1460 810
1137 840
1127 829
1116 820
1104 814
1091 811
1077 810
1064 812
1051 815
1039 821
1030 832
1025 844
1031 856
1042 864
1055 867
1070 867
1084 866
1097 864
1111 862
1124 859
1136 854
1396 707
1409 681
1434 664
1461 651
1488 642
1517 634
1547 630
1579 631
1610 634
1639 641
1664 659
1656 683
1626 677
1596 673
1565 670
1533 671
1504 679
1478 692
1452 706
1424 716
1149 731
1122 719
1092 713
1063 709
1031 708
1000 710
970 715
942 722
915 734
890 751
867 771
896 777
927 776
956 770
985 764
1015 758
1045 754
1076 753
1108 753
1140 753
