534 708
534 729
538 753
544 775
550 797
559 817
569 837
579 857
591 876
604 894
617 914
628 934
639 955
650 973
665 992
681 1004
702 1012
724 1016
747 1018
771 1014
791 1007
812 997
832 986
851 975
870 961
888 949
907 936
924 922
942 907
959 892
976 876
991 860
1006 841
1016 822
1023 801
1030 778
1034 757
1038 735
1040 712
1038 688
1035 666
629 723
621 736
614 750
615 766
625 777
638 787
654 794
668 798
685 799
701 798
715 796
732 794
746 787
751 774
750 758
743 743
733 730
608 852
622 841
639 836
656 840
674 842
692 844
711 845
728 847
745 852
762 857
778 861
795 866
810 872
801 887
789 901
775 912
761 924
747 935
732 944
714 947
696 945
679 942
662 938
647 928
636 914
627 899
619 884
613 868
623 858
636 857
649 857
662 859
674 860
687 861
699 863
712 863
725 864
738 865
750 868
762 870
774 872
786 876
781 885
770 889
759 893
747 896
736 899
723 901
710 901
698 900
685 897
673 894
662 890
652 883
642 876
632 867
764 642
771 634
780 632
790 631
801 632
811 632
821 633
831 633
841 634
851 636
856 643
848 648
839 651
829 652
820 655
810 656
800 654
791 652
782 649
773 646
636 631
634 625
629 623
622 621
616 620
609 620
602 619
596 619
589 619
583 620
577 622
580 628
583 633
590 634
596 635
603 635
610 634
617 634
624 634
630 633
698 532
724 530
750 534
776 536
803 535
828 532
854 529
880 529
904 536
926 547
933 563
907 562
881 560
855 558
828 560
803 564
778 568
751 568
725 566
703 557
654 582
652 568
643 555
631 544
619 535
606 528
591 524
577 521
561 519
546 521
533 529
526 542
539 550
553 554
568 557
583 560
597 564
611 568
626 572
639 578
