943 949
955 985
969 1020
987 1053
1010 1089
1031 1121
1048 1154
1064 1191
1077 1226
1094 1263
1118 1291
1153 1314
1190 1327
1225 1335
1264 1346
1301 1361
1337 1373
1374 1379
1415 1377
1451 1370
1488 1362
1529 1353
1565 1345
1604 1332
1637 1316
1673 1297
1706 1278
1737 1253
1759 1223
1780 1189
1791 1151
1792 1113
1789 1072
1788 1035
1788 995
1785 957
1776 917
1766 882
1758 843
1752 804
1747 764
1344 808
1329 831
1321 855
1317 881
1326 909
1349 920
1375 912
1400 905
1427 901
1454 897
1483 896
1510 895
1527 878
1529 850
1518 825
1505 801
1484 783
1276 1105
1290 1083
1308 1063
1330 1049
1353 1037
1376 1025
1401 1019
1429 1019
1455 1016
1480 1008
1506 1005
1530 1013
1553 1024
1576 1035
1600 1044
1594 1069
1578 1090
1555 1103
1532 1112
1506 1116
1478 1117
1452 1120
1426 1125
1400 1129
1373 1132
1347 1135
1319 1134
1296 1124
1286 1115
1307 1110
1326 1098
1345 1087
1365 1077
1385 1069
1406 1063
1428 1059
1450 1056
1472 1052
1495 1049
1518 1048
1542 1050
1564 1052
1584 1055
1562 1051
1540 1048
1517 1046
1493 1047
1471 1050
1448 1053
1427 1057
1406 1063
1384 1069
1364 1077
1344 1085
1325 1095
1305 1104
1466 680
1478 662
1492 645
1507 628
1524 614
1544 607
1565 603
1587 605
1608 610
1626 623
1638 641
1645 660
1639 680
1620 688
1598 690
1575 692
1553 693
1530 692
1508 690
1485 690
1258 699
1241 688
1223 678
1205 669
1185 666
1164 668
1145 675
1127 685
1111 700
1100 717
1089 735
1107 745
1125 754
1145 758
1167 758
1187 753
1206 747
1224 739
1242 730
1260 719
1386 594
1390 558
1408 529
1435 505
1465 489
1497 480
1531 472
1566 468
1600 474
1630 491
1657 515
1671 545
1636 550
1606 536
1570 533
1537 540
1506 554
1479 577
1451 598
1417 605
1332 577
1303 551
1270 539
1233 533
1194 532
1156 536
1120 542
1087 557
1056 578
1028 605
1010 637
1042 655
1074 639
1105 617
1137 603
1174 596
1212 599
1249 605
1285 612
1325 612
