349 473
350 486
351 500
352 514
355 528
361 540
365 552
371 566
376 578
384 590
392 602
400 612
410 621
422 630
433 637
447 642
459 648
472 653
486 657
499 659
513 659
527 657
540 654
553 647
565 640
576 632
585 621
593 610
601 599
609 587
616 576
622 564
628 550
633 537
636 524
638 510
639 496
639 483
638 468
637 454
636 440
471 456
466 467
462 479
460 490
467 498
478 506
485 515
496 521
507 520
518 516
526 506
534 497
543 489
547 478
542 468
534 458
527 448
438 539
449 534
460 532
473 532
485 531
497 532
509 533
519 528
530 525
541 522
553 520
565 519
571 528
567 539
563 550
557 560
550 569
541 577
531 583
520 587
509 589
496 589
485 587
474 583
464 577
455 569
448 560
442 549
443 541
453 540
463 541
473 541
482 542
491 544
500 546
510 546
519 544
528 540
536 536
543 530
551 526
559 529
556 537
551 545
544 552
536 557
528 561
519 564
510 566
500 567
490 567
481 565
472 563
464 559
456 554
448 549
529 389
532 384
535 379
539 374
544 370
549 367
555 366
561 366
567 368
572 370
578 372
580 377
577 382
571 385
565 386
560 388
553 388
547 389
541 390
535 391
460 401
457 395
451 391
445 387
439 385
432 383
425 382
417 383
410 384
404 387
398 391
394 397
401 399
408 401
415 401
422 401
430 400
437 400
445 400
452 401
525 357
527 349
533 343
540 338
547 336
555 334
563 332
572 331
580 330
588 332
595 336
591 341
583 340
575 340
566 341
559 343
552 347
545 352
539 357
532 361
452 368
450 359
442 354
433 351
422 351
412 350
402 351
392 353
384 356
376 362
371 370
369 380
377 376
385 370
394 366
403 364
413 363
423 364
433 365
442 369
