308 429
310 440
312 452
314 464
316 475
318 488
320 499
324 510
329 521
334 532
340 542
348 552
356 561
365 569
373 576
383 584
393 591
402 597
414 601
425 603
437 605
450 605
461 605
473 603
483 597
492 589
500 581
507 571
514 561
520 551
526 541
533 530
538 520
543 509
547 498
551 487
555 476
559 464
563 453
566 442
570 429
438 429
433 436
430 444
433 452
440 456
449 457
458 457
466 457
475 458
484 459
492 461
500 463
509 461
514 455
515 446
513 438
509 429
408 498
416 494
423 491
432 489
440 487
448 486
457 485
466 484
475 483
483 485
491 487
499 489
506 494
513 500
516 508
512 515
505 520
497 522
488 523
479 523
470 523
461 522
453 520
445 519
437 516
429 512
422 507
415 503
412 499
419 500
426 499
433 499
440 499
447 498
454 497
461 497
468 497
475 497
482 498
489 498
496 499
503 500
510 500
504 500
497 499
490 498
483 497
476 497
469 497
462 497
455 497
447 497
440 498
434 499
426 499
419 499
508 362
513 359
517 356
522 354
527 353
533 352
538 351
544 352
549 354
553 357
555 362
554 367
549 370
544 371
538 371
534 369
528 368
523 367
517 367
512 366
422 356
418 354
414 352
409 351
404 352
400 352
396 354
391 355
387 356
383 357
379 359
384 359
388 358
393 359
397 360
402 360
407 360
412 360
416 360
421 359
505 333
506 325
513 321
520 319
528 318
536 318
544 319
552 321
558 325
563 332
565 339
567 345
561 340
554 335
548 329
541 327
533 326
525 326
518 328
511 332
449 334
440 329
430 326
420 324
410 322
399 322
389 323
378 324
368 326
359 330
350 335
360 338
371 337
381 336
392 335
403 335
413 336
423 338
433 340
444 341
