788 1062
794 1093
803 1123
814 1153
831 1180
848 1205
865 1232
880 1260
892 1292
906 1321
922 1348
939 1375
955 1402
973 1429
991 1453
1015 1477
1043 1491
1073 1498
1105 1502
1137 1504
1168 1502
1200 1493
1228 1480
1255 1463
1281 1446
1308 1428
1335 1410
1361 1391
1385 1372
1407 1349
1426 1322
1443 1295
1458 1269
1474 1240
1489 1210
1499 1183
1508 1152
1515 1120
1519 1089
1518 1057
1516 1023
977 1035
965 1057
959 1083
956 1109
959 1137
976 1158
999 1171
1024 1177
1051 1174
1076 1164
1099 1153
1124 1139
1144 1124
1157 1099
1157 1074
1148 1049
1130 1026
935 1210
966 1208
996 1212
1027 1214
1058 1216
1089 1214
1118 1210
1147 1204
1177 1200
1207 1195
1236 1190
1268 1191
1279 1217
1263 1242
1244 1265
1224 1289
1201 1310
1176 1325
1149 1337
1122 1345
1092 1350
1061 1351
1031 1348
1004 1337
982 1315
967 1290
955 1264
944 1237
951 1217
977 1221
1000 1229
1022 1238
1047 1243
1074 1242
1099 1238
1124 1233
1148 1228
1173 1222
1197 1216
1220 1209
1244 1202
1270 1199
1256 1219
1237 1239
1217 1254
1195 1268
1174 1280
1150 1287
1126 1292
1101 1298
1075 1299
1049 1295
1026 1287
1005 1273
985 1257
969 1237
1142 910
1153 899
1165 888
1176 878
1189 870
1202 865
1217 862
1233 862
1248 864
1261 869
1274 876
1273 892
1261 900
1248 907
1234 911
1219 913
1203 912
1188 911
1172 910
1157 911
946 907
937 897
926 891
916 886
905 883
893 881
880 883
869 885
858 889
848 897
842 907
852 914
862 920
872 925
884 927
897 927
909 926
921 924
933 922
944 918
1034 859
1051 825
1081 796
1116 781
1154 772
1193 765
1231 756
1271 752
1309 759
1345 771
1380 786
1375 822
1335 826
1294 824
1252 824
1212 828
1173 836
1134 843
1100 858
1067 879
916 834
908 820
895 808
881 797
867 788
852 783
835 780
818 777
801 778
785 784
775 798
789 808
806 811
823 813
839 817
854 824
869 830
884 838
898 846
914 850
