409 778
414 798
420 822
426 845
430 866
436 888
442 910
451 932
462 951
479 968
494 984
511 1001
530 1016
548 1028
568 1039
591 1048
612 1057
632 1066
654 1076
675 1086
695 1094
717 1101
740 1106
763 1106
786 1103
808 1096
829 1087
851 1079
870 1068
891 1056
909 1043
927 1029
942 1012
955 993
966 973
975 952
984 930
991 909
998 887
1005 862
1010 840
798 807
786 820
774 833
765 847
765 864
776 880
792 887
810 890
827 891
844 890
862 891
881 890
896 883
903 866
899 849
889 833
884 816
750 981
760 971
769 961
778 950
786 939
797 931
808 924
820 919
834 917
847 919
860 923
870 932
876 943
879 956
880 970
880 984
879 998
869 1008
858 1016
847 1023
835 1027
822 1030
808 1031
795 1027
784 1019
776 1008
770 996
762 986
768 975
774 972
779 970
785 967
790 964
796 962
802 960
808 958
814 957
820 956
827 957
833 959
838 962
842 967
845 972
848 978
845 982
839 982
832 982
826 981
819 980
813 979
807 978
800 977
794 975
788 974
781 974
775 975
901 741
903 733
906 725
910 718
916 711
923 706
931 703
939 701
948 701
956 705
961 712
963 720
962 728
958 736
951 740
943 742
935 744
926 745
917 744
908 745
763 716
761 706
754 698
745 693
735 691
724 689
713 690
703 691
693 695
684 700
675 705
683 714
691 720
701 724
710 728
720 731
730 733
741 734
751 731
760 725
913 659
922 648
931 637
942 629
955 625
969 623
983 626
996 629
1008 633
1019 642
1025 654
1026 669
1015 665
1002 660
990 655
976 653
962 652
949 655
937 661
925 667
857 623
837 613
814 608
791 604
768 600
744 598
720 596
696 598
674 605
654 616
640 635
663 640
687 643
711 644
736 643
761 644
785 646
810 647
833 651
856 647
