196 461
195 477
195 495
195 512
198 529
201 546
205 564
210 580
216 596
223 612
232 626
243 640
256 653
266 667
277 680
289 692
302 705
314 716
329 726
345 733
362 736
379 736
397 734
414 729
429 721
445 714
460 706
476 698
492 690
506 680
520 669
531 657
541 642
549 627
556 611
563 596
571 580
578 563
585 549
593 532
600 516
322 472
315 484
308 496
305 511
313 523
326 530
340 535
354 537
369 537
384 537
400 538
413 537
425 526
426 512
419 499
410 486
404 472
287 574
299 570
313 569
327 570
339 574
351 578
365 580
379 580
392 582
405 584
418 587
431 591
443 596
441 609
433 620
422 629
411 635
399 640
386 642
372 642
358 642
344 640
332 636
321 629
310 620
302 610
295 598
291 586
298 578
308 579
318 581
326 586
335 589
345 592
354 595
364 596
375 596
386 596
396 596
407 597
417 598
428 599
428 607
418 610
409 612
398 613
388 614
377 614
367 613
357 612
346 610
336 608
327 605
319 600
311 593
303 586
434 410
442 405
450 401
458 398
466 395
475 393
484 393
493 395
501 399
508 404
515 411
515 420
506 421
497 422
487 421
478 420
469 418
461 415
452 413
443 412
326 397
326 389
322 383
316 378
310 375
303 373
295 372
288 372
280 373
274 376
268 380
262 384
267 390
273 393
280 395
287 397
295 397
303 397
311 397
318 397
414 368
419 352
436 349
454 349
471 350
489 352
506 354
523 356
540 359
554 367
566 381
564 395
549 389
534 382
518 377
500 375
483 373
465 372
448 371
430 372
348 365
344 352
333 342
320 336
307 332
294 328
279 327
264 326
249 326
236 331
227 343
222 356
237 357
250 352
264 349
279 348
294 349
308 352
321 357
333 365
