556 783
558 806
563 828
568 850
576 873
586 894
597 914
609 935
622 954
637 973
654 990
669 1006
687 1021
708 1034
726 1048
747 1060
769 1067
792 1074
814 1080
837 1086
861 1088
882 1089
907 1087
930 1083
953 1076
974 1064
990 1050
1007 1034
1023 1015
1035 995
1047 974
1058 954
1068 935
1077 913
1085 889
1091 866
1095 844
1098 822
1099 797
1104 774
1109 750
834 704
827 727
818 748
813 773
815 794
826 817
847 826
872 828
894 830
918 829
941 821
964 811
980 795
977 772
966 751
957 728
949 704
764 905
774 889
791 880
808 873
827 869
846 865
866 864
886 866
907 866
927 864
947 866
966 870
983 876
999 888
1006 905
992 921
976 932
960 941
943 952
925 958
906 960
885 960
866 958
847 953
830 945
813 937
796 928
779 919
787 904
801 903
816 903
830 904
845 904
860 904
875 904
889 905
904 905
919 905
934 905
948 905
963 904
977 903
992 902
977 904
963 905
948 905
934 906
919 906
904 906
890 905
875 905
860 905
846 904
831 904
816 904
801 903
954 655
959 645
967 637
976 630
985 625
995 621
1006 619
1017 618
1028 619
1039 621
1048 627
1050 637
1041 643
1031 647
1020 650
1010 652
999 654
988 655
976 655
965 656
792 649
785 641
777 635
768 631
758 629
748 628
737 627
727 629
718 633
709 638
701 644
708 652
717 656
727 658
737 660
747 661
758 661
768 660
779 659
789 658
951 614
958 600
972 594
985 587
999 582
1014 578
1029 575
1045 573
1060 575
1076 576
1090 582
1087 597
1072 599
1056 598
1040 599
1024 601
1010 605
996 612
981 614
966 617
817 615
816 597
801 588
784 584
766 582
747 581
729 582
712 585
695 589
679 595
664 604
651 617
670 617
688 617
707 617
726 616
745 617
763 617
782 618
800 619
