640 830
641 856
644 882
649 911
655 936
665 963
676 990
687 1013
701 1037
714 1061
729 1084
747 1107
764 1127
785 1145
811 1157
836 1163
863 1163
891 1159
919 1153
947 1148
971 1139
999 1130
1023 1121
1049 1108
1073 1094
1097 1080
1122 1069
1146 1058
1172 1043
1191 1027
1211 1008
1231 987
1248 966
1266 944
1282 922
1300 900
1310 874
1318 849
1326 823
1329 794
1327 767
726 774
724 797
713 819
707 844
717 864
739 874
763 870
784 857
809 848
834 848
858 846
883 841
899 822
905 800
896 776
878 761
858 745
752 958
756 941
766 927
780 919
797 916
814 913
831 911
848 913
865 916
882 919
899 922
915 926
932 929
948 933
945 949
931 957
916 965
901 973
887 981
872 989
856 995
841 1000
825 1005
808 1006
790 1008
775 1002
763 989
754 975
769 984
777 973
788 966
799 959
811 954
823 950
836 947
849 944
862 941
875 940
889 939
903 939
917 939
931 939
929 941
915 943
902 944
888 946
875 948
863 952
850 955
838 959
825 963
813 968
801 971
789 976
779 986
772 996
892 639
898 628
906 616
916 607
927 601
939 595
952 591
965 589
978 591
991 595
1002 601
1008 612
996 619
984 624
972 628
959 630
946 632
932 633
919 635
905 636
745 699
740 691
731 686
722 684
712 685
703 689
695 694
686 699
679 705
672 713
667 721
666 731
675 732
684 729
693 725
701 721
710 717
719 712
728 709
736 704
803 516
826 499
851 490
877 481
903 475
932 472
962 471
990 474
1018 479
1043 489
1063 510
1038 513
1011 509
982 505
953 503
924 505
897 511
872 520
846 528
821 538
715 598
707 585
691 582
676 586
662 593
648 602
635 612
623 625
615 638
609 653
606 669
606 686
621 684
629 670
638 657
649 644
662 633
676 625
690 618
704 611
