314 780
318 805
323 835
328 862
335 888
341 916
347 945
355 972
366 997
379 1021
391 1047
402 1072
417 1099
433 1121
451 1142
469 1162
493 1178
519 1191
543 1207
568 1216
596 1218
624 1219
652 1216
680 1215
708 1210
736 1201
762 1190
786 1176
808 1159
830 1143
852 1125
871 1105
889 1081
901 1057
912 1029
918 1001
924 975
931 947
940 921
950 895
959 867
495 783
491 803
483 827
491 848
503 867
523 879
545 869
567 861
591 865
613 864
637 867
659 868
671 850
673 825
669 802
655 783
634 772
485 1011
492 995
507 985
523 976
539 968
557 965
576 965
594 963
612 959
631 958
650 957
668 959
686 962
703 966
720 973
719 989
702 994
684 998
666 1001
649 1005
632 1010
614 1014
596 1017
578 1018
558 1019
539 1018
521 1016
503 1014
494 999
510 997
526 995
542 992
557 989
572 985
589 984
606 985
622 983
639 982
655 980
671 979
688 978
704 978
721 979
705 979
688 979
671 980
654 981
638 983
622 985
606 986
589 985
573 986
557 989
542 993
527 996
511 999
666 656
675 644
687 634
699 626
713 620
727 617
742 616
758 616
773 618
786 624
798 634
798 649
786 657
772 662
757 665
742 664
727 663
712 660
697 658
681 657
493 666
490 653
480 643
468 637
455 634
442 632
428 632
415 635
403 641
391 648
384 659
387 672
394 683
405 690
418 693
432 692
445 689
458 685
470 679
482 676
605 617
615 589
644 583
675 579
705 574
735 569
764 561
795 559
822 569
848 586
871 608
869 634
840 627
811 619
781 614
749 614
718 616
688 620
658 626
630 634
529 634
513 616
493 606
471 599
448 596
424 593
402 588
379 582
356 580
334 588
321 607
328 628
348 640
370 634
392 629
416 631
440 629
465 629
487 635
509 642
