171 315
174 327
176 338
178 350
179 362
182 374
183 386
186 396
190 408
196 418
204 427
214 434
225 440
235 446
245 452
256 457
267 461
279 465
290 468
302 471
313 473
325 474
337 473
349 471
360 467
370 460
379 451
385 441
390 431
396 421
403 411
409 401
415 390
418 379
421 367
422 355
424 344
426 332
427 320
428 308
428 295
314 294
311 302
307 311
305 321
307 330
315 336
324 339
334 340
343 341
354 340
363 338
371 333
376 324
376 315
371 306
364 299
357 292
268 378
277 374
287 370
296 366
306 364
316 362
326 360
337 360
348 359
358 358
369 357
379 359
388 363
385 373
383 382
381 393
377 402
369 409
360 413
350 415
339 415
328 415
318 413
309 409
300 404
291 400
283 394
275 386
268 378
276 375
284 373
292 371
300 369
309 368
318 368
327 367
336 368
344 367
353 366
361 365
370 366
378 368
376 376
371 383
364 389
357 393
349 396
341 397
332 397
323 396
315 395
306 394
298 392
290 389
283 387
275 383
363 249
365 246
367 242
370 239
373 237
377 236
381 234
384 233
388 234
392 236
395 238
397 241
394 244
391 246
387 246
383 247
379 248
375 248
371 249
367 250
283 254
282 251
280 248
276 246
273 245
269 245
265 245
261 246
258 247
255 249
252 251
249 254
253 254
256 255
260 255
264 256
268 256
272 256
276 256
280 255
358 213
360 208
363 203
368 198
373 195
379 192
385 191
391 192
397 194
402 198
406 203
407 209
400 208
395 204
389 203
383 205
378 208
373 212
368 216
362 218
309 211
299 206
288 205
277 204
265 205
255 207
244 209
234 214
225 220
217 228
209 237
221 236
231 233
241 229
251 225
262 223
273 222
285 223
296 224
307 221
