404 495
404 511
407 527
410 545
412 563
418 579
424 595
432 609
442 625
451 639
459 654
470 668
481 680
494 692
508 702
521 714
535 723
550 732
566 741
581 749
596 756
612 764
629 766
645 770
663 770
679 767
695 760
708 748
715 733
718 716
724 699
732 683
739 669
748 654
758 640
765 623
770 608
776 591
780 575
785 558
784 540
667 488
658 500
646 509
634 522
629 535
634 550
647 560
663 563
678 564
694 568
710 568
724 563
733 549
733 533
728 518
721 504
716 488
569 601
580 595
594 593
608 593
621 593
635 595
648 596
662 598
675 599
688 601
701 604
714 607
726 612
725 625
719 636
713 648
703 658
691 662
678 664
664 663
650 662
637 659
625 655
614 649
603 642
592 633
584 623
576 612
574 603
586 602
597 603
609 604
620 606
631 608
642 610
653 612
664 614
676 616
687 617
699 617
711 617
723 617
717 624
708 631
699 638
688 642
677 643
665 642
653 642
642 640
631 637
621 633
611 630
601 625
592 618
583 610
702 455
707 452
714 449
720 447
727 445
734 444
741 445
747 447
753 450
759 454
762 460
759 466
753 468
746 469
738 469
731 468
724 467
718 465
711 463
705 461
616 446
611 441
605 439
599 437
592 436
586 435
579 435
573 434
566 435
560 437
554 438
559 442
565 444
571 445
577 447
583 449
590 450
597 449
603 449
610 449
717 426
722 419
729 413
736 408
745 406
754 406
763 406
772 407
781 409
789 413
794 420
795 429
788 433
781 427
772 426
763 426
753 426
744 426
735 427
726 428
670 405
657 393
643 387
627 383
611 380
595 377
577 377
561 380
546 386
532 394
519 403
536 404
553 404
571 404
587 405
604 407
620 409
636 412
652 416
668 419
