279 483
281 498
284 512
287 529
290 543
293 559
299 574
305 587
313 601
321 615
331 627
340 639
348 652
357 665
366 679
375 692
385 702
398 711
413 715
429 717
445 715
459 712
474 709
490 705
504 698
516 690
530 681
543 671
554 663
567 652
578 643
590 632
601 620
611 608
619 595
624 581
628 566
631 550
633 535
634 519
637 503
380 473
374 484
371 496
368 508
368 521
376 531
386 539
397 540
411 539
423 540
436 537
447 532
453 520
453 508
448 495
443 484
439 471
348 585
352 574
363 567
376 565
389 566
402 569
415 568
429 567
442 568
455 567
469 567
482 568
495 570
505 577
499 588
490 599
480 608
470 616
459 621
447 626
435 630
423 632
409 632
397 628
386 622
375 615
365 606
356 596
368 582
376 578
385 580
395 581
404 583
414 583
423 582
433 581
443 581
453 581
463 580
472 579
482 579
492 579
488 586
480 590
471 595
463 598
454 600
445 603
436 604
426 605
416 606
406 605
397 604
388 601
380 596
373 590
464 425
469 419
475 414
481 411
488 408
495 406
503 405
510 406
517 409
524 412
530 417
530 425
523 428
516 430
509 431
501 432
493 432
485 432
478 431
471 428
377 421
375 415
369 409
363 407
356 406
348 406
342 407
335 409
329 412
323 416
317 420
322 426
328 430
334 432
341 434
348 435
356 434
363 433
369 431
375 427
439 391
442 374
456 362
472 359
490 361
507 363
523 367
539 372
554 377
568 386
580 399
585 413
570 408
554 404
538 399
522 394
506 390
489 387
472 386
455 388
362 390
360 382
351 378
342 375
332 375
322 375
312 376
302 377
294 381
286 388
283 397
282 407
289 413
298 409
306 404
314 400
323 397
332 394
342 392
351 390
