298 389
297 400
296 412
295 423
295 434
296 446
299 457
302 467
308 478
311 489
316 499
322 510
327 519
334 529
343 536
353 543
362 548
372 554
382 559
393 563
404 567
415 569
427 570
439 569
450 566
459 561
469 554
477 546
484 537
491 528
498 519
506 510
513 501
519 492
525 481
530 471
535 461
540 451
545 441
551 429
555 419
422 403
416 410
412 418
410 427
414 436
420 442
428 448
436 451
445 453
454 453
464 452
471 449
480 445
488 440
490 432
489 423
485 414
371 475
380 473
390 473
400 473
411 473
421 474
430 475
440 475
450 476
460 476
471 476
480 478
483 487
480 496
476 504
470 512
463 518
454 521
444 523
434 523
424 522
415 520
406 517
398 513
390 507
383 500
377 492
373 484
374 474
382 477
389 479
397 482
405 482
414 482
423 483
431 484
439 485
448 485
456 484
465 484
474 483
482 482
478 489
471 494
465 498
457 501
449 503
440 502
432 501
424 500
416 499
408 496
401 493
394 490
387 486
380 481
490 358
492 353
495 349
499 346
504 344
508 342
513 342
518 343
523 345
526 349
529 353
531 357
529 362
524 363
519 363
514 363
509 362
504 361
499 361
494 360
411 347
410 342
407 338
403 334
399 331
394 328
389 327
384 327
379 327
374 329
369 332
366 336
369 340
374 343
379 345
384 346
389 347
394 348
400 348
405 348
485 323
488 316
495 313
502 312
509 311
517 311
525 310
532 309
540 309
547 310
554 313
549 319
543 323
536 324
528 324
521 325
513 326
506 327
498 327
491 327
436 311
427 303
417 297
406 293
395 290
383 288
371 287
359 288
348 291
337 295
327 300
338 304
350 305
362 304
375 305
386 307
397 310
409 313
419 317
430 320
