138 525
140 540
143 556
148 570
155 586
163 600
172 613
181 626
190 639
199 652
207 666
214 680
219 695
226 709
235 723
245 736
259 744
274 748
289 747
306 742
321 738
335 732
351 726
365 718
379 710
391 702
406 694
420 686
433 677
445 666
457 654
465 642
474 628
479 613
483 598
487 583
490 566
492 550
491 535
490 519
487 502
218 510
214 523
209 537
203 551
202 565
212 577
225 584
239 588
254 587
267 583
282 579
296 572
305 561
305 546
303 532
294 519
286 507
213 611
224 613
235 614
246 613
257 613
269 613
280 613
292 612
303 612
315 612
326 612
338 612
349 612
345 621
337 628
328 634
318 639
308 643
298 646
288 650
278 652
267 653
255 655
245 652
235 648
227 640
223 630
221 620
222 618
229 624
236 629
244 631
253 633
261 635
270 635
278 633
287 632
295 630
304 628
312 626
319 623
327 620
335 616
327 619
319 622
312 625
304 628
295 630
287 631
279 633
270 634
261 635
252 633
244 631
237 628
229 624
299 461
305 455
312 450
318 446
325 442
333 439
340 438
349 437
357 438
364 440
371 444
369 452
362 455
355 458
347 459
339 460
331 460
323 459
315 458
307 459
215 457
212 453
207 449
201 447
195 446
189 446
183 447
177 448
172 450
167 453
165 459
167 464
171 467
177 469
183 469
190 469
196 468
201 467
207 465
212 463
266 410
278 399
292 392
306 386
320 380
335 377
351 377
366 381
380 387
393 395
406 405
390 403
375 400
359 399
343 402
328 405
314 410
300 417
286 422
270 424
202 422
199 414
192 408
185 404
177 400
168 398
159 398
150 399
142 401
134 405
126 409
127 418
134 423
143 421
151 419
161 420
169 422
178 423
187 425
195 427
