1285 1662
1299 1710
1317 1760
1335 1810
1351 1859
1373 1911
1401 1955
1433 1995
1471 2035
1512 2070
1555 2105
1595 2137
1639 2170
1682 2201
1728 2227
1774 2249
1824 2265
1878 2271
1930 2274
1985 2274
2038 2267
2089 2251
2138 2233
2185 2205
2223 2172
2260 2132
2292 2092
2325 2047
2355 2002
2380 1958
2402 1910
2425 1860
2445 1809
2464 1761
2478 1710
2487 1658
2494 1605
2497 1549
2495 1499
2490 1444
2484 1390
1667 1523
1648 1559
1636 1598
1630 1642
1647 1680
1689 1693
1728 1696
1771 1699
1813 1686
1853 1671
1894 1653
1928 1629
1963 1606
1962 1566
1939 1527
1907 1500
1871 1476
1619 1847
1658 1834
1696 1816
1734 1800
1775 1790
1818 1783
1859 1773
1900 1764
1943 1756
1985 1750
2028 1742
2070 1734
2111 1726
2121 1765
2105 1803
2083 1839
2057 1874
2027 1907
1994 1936
1958 1958
1919 1973
1877 1980
1832 1982
1789 1977
1749 1964
1713 1942
1679 1913
1647 1880
1637 1849
1674 1844
1712 1839
1746 1828
1783 1822
1822 1821
1859 1815
1893 1805
1929 1796
1964 1788
2000 1778
2033 1766
2066 1752
2100 1740
2097 1768
2070 1796
2041 1822
2011 1844
1979 1862
1948 1880
1915 1895
1881 1908
1845 1915
1806 1915
1768 1910
1732 1903
1699 1890
1668 1869
1883 1308
1896 1289
1911 1271
1927 1253
1945 1237
1965 1227
1986 1221
2009 1217
2033 1216
2056 1218
2078 1224
2074 1244
2054 1255
2034 1265
2014 1273
1991 1276
1967 1278
1945 1283
1923 1288
1903 1298
1574 1364
1556 1356
1536 1351
1516 1347
1495 1347
1474 1349
1454 1354
1436 1362
1418 1371
1402 1385
1393 1402
1413 1407
1433 1409
1455 1409
1476 1407
1497 1404
1516 1398
1535 1392
1554 1386
1574 1382
1820 1239
1816 1197
1840 1163
1872 1134
1906 1112
1942 1094
1979 1081
2020 1074
2064 1073
2106 1077
2143 1090
2162 1122
2119 1124
2076 1125
2035 1132
1996 1143
1959 1156
1924 1176
1892 1205
1859 1231
1581 1306
1559 1278
1526 1262
1491 1251
1455 1243
1416 1241
1377 1245
1342 1255
1309 1271
1280 1297
1260 1329
1254 1366
1286 1350
1318 1330
1351 1317
1389 1312
1429 1312
1470 1312
1508 1316
1547 1318
