579 1240
581 1275
586 1314
592 1352
600 1390
611 1427
619 1468
631 1502
649 1539
667 1572
685 1607
712 1635
741 1657
770 1683
803 1706
835 1727
870 1747
906 1763
939 1775
978 1786
1016 1795
1056 1802
1094 1804
1130 1805
1170 1803
1210 1800
1245 1787
1273 1761
1295 1728
1312 1693
1335 1661
1356 1629
1377 1596
1398 1564
1418 1532
1435 1495
1451 1461
1464 1426
1477 1391
1491 1352
1501 1313
1053 1385
1035 1405
1019 1430
1018 1457
1028 1486
1046 1507
1069 1526
1094 1540
1121 1549
1149 1554
1178 1557
1203 1543
1223 1525
1241 1501
1250 1473
1251 1445
1245 1416
934 1604
959 1607
982 1611
1007 1613
1033 1613
1057 1616
1081 1620
1105 1624
1129 1627
1152 1623
1175 1617
1198 1611
1221 1605
1244 1599
1242 1613
1224 1631
1205 1646
1184 1658
1162 1664
1137 1666
1112 1666
1086 1665
1062 1662
1040 1655
1019 1644
999 1632
979 1619
957 1609
1001 1614
1017 1617
1034 1619
1050 1623
1066 1626
1082 1630
1098 1634
1115 1636
1132 1637
1149 1634
1164 1629
1180 1625
1196 1622
1212 1618
1228 1614
1212 1619
1196 1622
1181 1627
1165 1631
1149 1635
1132 1637
1114 1636
1098 1634
1082 1630
1065 1627
1049 1624
1033 1621
1017 1618
1231 1173
1244 1154
1262 1140
1280 1127
1300 1117
1321 1111
1344 1109
1367 1111
1389 1116
1407 1128
1425 1143
1422 1166
1404 1179
1384 1189
1363 1195
1340 1196
1317 1194
1295 1190
1273 1185
1252 1180
986 1168
974 1151
956 1143
939 1135
920 1129
899 1128
879 1130
860 1135
842 1143
827 1157
816 1173
831 1188
848 1199
866 1206
884 1211
906 1211
926 1210
946 1205
963 1198
980 1186
1257 1105
1269 1081
1289 1061
1312 1046
1334 1031
1356 1014
1379 999
1402 988
1430 984
1456 989
1479 1004
1470 1024
1442 1024
1415 1028
1391 1040
1368 1055
1346 1071
1325 1089
1303 1106
1280 1119
1065 1096
1033 1067
997 1050
959 1038
920 1028
881 1019
838 1021
798 1030
760 1042
724 1057
690 1081
732 1075
775 1074
817 1071
859 1068
902 1070
941 1080
977 1098
1012 1117
1050 1128
