204 325
204 337
204 348
203 360
203 371
203 383
203 395
203 406
203 418
205 430
208 441
213 452
218 462
225 471
231 481
237 491
246 500
254 507
263 515
272 522
281 530
292 534
302 537
315 539
326 538
337 534
349 530
358 525
368 518
377 510
385 501
391 492
398 483
405 474
412 465
420 455
427 446
432 436
438 426
445 417
452 406
339 361
334 368
329 374
325 380
327 388
332 394
340 398
347 401
355 405
362 407
370 409
378 410
386 408
394 405
396 398
395 390
395 381
283 433
291 431
299 431
308 431
316 431
325 430
333 429
342 430
350 432
358 433
366 435
373 440
379 446
382 453
378 461
372 467
366 473
358 475
350 476
342 475
334 472
327 469
320 466
313 462
306 457
299 452
293 446
288 439
287 433
294 433
301 432
308 433
315 432
322 432
329 432
336 432
343 434
349 436
355 438
361 441
366 446
370 451
374 457
369 459
362 458
355 456
349 455
342 453
336 452
329 450
323 448
317 446
310 445
304 442
298 440
292 437
402 336
406 332
411 329
416 328
422 327
428 327
433 329
438 330
443 333
446 338
449 343
447 348
443 350
437 350
431 350
426 348
421 346
417 343
412 341
407 339
340 309
337 304
334 300
330 296
325 294
320 292
315 290
309 290
304 291
299 293
294 297
297 301
301 306
306 309
311 311
316 313
321 314
327 315
333 315
338 314
426 317
429 312
434 310
440 309
445 310
451 312
456 314
461 316
466 318
470 321
474 326
474 330
468 329
463 328
458 326
452 325
447 324
441 323
436 321
431 320
356 287
351 279
342 276
334 273
326 269
318 266
309 264
300 262
290 262
281 263
273 268
281 271
290 273
300 274
308 276
317 279
325 282
333 286
341 291
350 293
