1057 1266
1061 1306
1072 1341
1091 1379
1113 1411
1132 1444
1150 1480
1168 1516
1186 1555
1204 1589
1224 1626
1240 1661
1251 1701
1262 1740
1275 1778
1289 1814
1315 1842
1350 1867
1384 1884
1424 1891
1464 1893
1503 1891
1542 1878
1575 1857
1604 1826
1628 1798
1658 1768
1687 1742
1717 1714
1745 1687
1776 1658
1801 1630
1827 1598
1853 1568
1874 1534
1886 1494
1901 1460
1915 1420
1932 1385
1936 1344
1948 1305
1323 1274
1308 1302
1301 1332
1296 1366
1305 1398
1322 1426
1345 1449
1374 1458
1407 1453
1433 1437
1465 1423
1494 1412
1525 1397
1548 1373
1553 1343
1545 1311
1532 1280
1218 1464
1257 1471
1294 1482
1332 1491
1370 1499
1410 1505
1451 1507
1493 1508
1535 1507
1576 1505
1618 1503
1660 1503
1664 1541
1642 1574
1615 1605
1586 1635
1555 1662
1521 1682
1485 1695
1445 1699
1403 1697
1366 1687
1332 1667
1304 1637
1282 1604
1264 1570
1248 1535
1233 1499
1246 1482
1274 1494
1303 1506
1331 1517
1361 1526
1392 1531
1425 1533
1458 1534
1492 1534
1525 1533
1557 1529
1589 1524
1621 1519
1636 1536
1610 1556
1585 1576
1558 1593
1531 1608
1503 1622
1474 1633
1443 1637
1410 1634
1382 1622
1356 1604
1331 1582
1310 1557
1292 1531
1270 1506
1557 1138
1575 1122
1594 1112
1614 1101
1633 1092
1655 1085
1677 1083
1701 1085
1722 1091
1741 1101
1760 1115
1757 1137
1737 1148
1716 1153
1692 1154
1669 1152
1647 1146
1626 1140
1604 1137
1580 1139
1294 1107
1292 1091
1281 1077
1267 1066
1253 1057
1238 1050
1222 1045
1203 1045
1187 1048
1172 1056
1159 1068
1155 1085
1160 1101
1174 1112
1190 1117
1207 1119
1224 1116
1241 1112
1258 1109
1276 1108
1498 1007
1516 971
1552 957
1591 948
1631 942
1672 936
1713 932
1755 933
1791 948
1826 967
1859 992
1841 1012
1804 998
1768 985
1728 977
1686 979
1646 986
1607 995
1570 1008
1534 1022
1321 993
1302 973
1281 956
1260 941
1238 927
1216 916
1192 909
1168 901
1141 898
1118 907
1103 928
1128 934
1155 936
1179 943
1202 953
1225 964
1247 977
1269 990
1291 1004
1313 1015
