1021 1013
1018 1064
1020 1114
1028 1164
1035 1218
1046 1271
1060 1320
1078 1370
1097 1415
1115 1463
1139 1513
1168 1556
1199 1595
1231 1637
1261 1684
1289 1723
1322 1767
1367 1795
1411 1815
1460 1832
1511 1842
1567 1843
1615 1837
1665 1817
1710 1795
1756 1768
1796 1732
1828 1695
1863 1653
1892 1613
1922 1569
1950 1525
1972 1475
1988 1426
2001 1377
2011 1323
2019 1273
2025 1220
2028 1169
2031 1116
2033 1063
1399 1101
1384 1131
1373 1166
1381 1200
1413 1215
1450 1226
1484 1230
1520 1224
1556 1218
1591 1214
1626 1208
1661 1195
1694 1181
1704 1148
1690 1115
1660 1093
1631 1070
1289 1381
1318 1342
1364 1330
1412 1323
1463 1321
1513 1317
1562 1313
1609 1303
1660 1302
1708 1310
1755 1319
1799 1335
1813 1380
1797 1424
1782 1468
1761 1510
1726 1547
1688 1579
1647 1605
1604 1623
1556 1630
1508 1623
1464 1607
1425 1578
1387 1544
1355 1506
1329 1466
1307 1424
1297 1387
1336 1381
1377 1383
1417 1379
1458 1377
1500 1377
1541 1375
1580 1371
1620 1365
1659 1361
1698 1355
1740 1355
1772 1375
1763 1412
1753 1449
1725 1479
1692 1498
1658 1516
1624 1533
1588 1546
1549 1551
1509 1547
1471 1538
1435 1526
1402 1505
1371 1481
1341 1452
1317 1420
1677 899
1688 883
1702 868
1717 855
1734 846
1752 838
1771 834
1791 835
1810 840
1827 849
1839 864
1848 881
1835 897
1817 903
1797 905
1776 905
1756 902
1736 900
1716 899
1697 902
1329 904
1323 887
1308 874
1292 867
1274 862
1255 860
1235 859
1216 862
1199 869
1184 881
1173 896
1166 913
1182 921
1200 927
1219 928
1239 926
1258 924
1276 920
1295 917
1312 911
1640 778
1650 756
1661 734
1677 714
1698 701
1722 694
1746 688
1772 686
1797 690
1820 699
1841 712
1854 733
1829 730
1804 727
1781 734
1758 744
1736 753
1713 763
1691 773
1667 778
1352 735
1325 712
1295 698
1261 690
1227 686
1192 682
1156 680
1122 686
1092 702
1070 729
1057 760
1086 742
1117 731
1154 730
1188 736
1221 744
1254 753
1286 762
1318 772
1354 770
