960 1342
967 1376
978 1409
991 1443
1010 1472
1035 1498
1062 1525
1089 1546
1120 1566
1149 1586
1178 1606
1210 1624
1241 1640
1275 1655
1309 1665
1342 1676
1379 1683
1413 1689
1451 1688
1486 1685
1521 1679
1558 1675
1592 1664
1623 1650
1653 1626
1673 1597
1691 1568
1712 1538
1730 1508
1747 1474
1759 1441
1768 1407
1777 1372
1785 1335
1790 1300
1796 1266
1805 1230
1809 1196
1810 1159
1810 1123
1810 1086
1424 1151
1410 1175
1399 1202
1397 1233
1418 1251
1446 1257
1475 1253
1504 1259
1534 1268
1563 1271
1592 1263
1615 1249
1636 1228
1646 1199
1633 1173
1618 1147
1602 1121
1328 1403
1353 1394
1382 1392
1409 1386
1436 1380
1463 1374
1488 1364
1514 1355
1542 1358
1571 1357
1598 1350
1625 1345
1654 1343
1676 1358
1664 1383
1652 1407
1638 1431
1617 1452
1592 1462
1564 1468
1536 1470
1506 1471
1477 1468
1450 1462
1424 1454
1399 1445
1374 1434
1350 1421
1373 1400
1394 1403
1415 1405
1437 1403
1458 1401
1480 1403
1502 1402
1523 1400
1544 1396
1564 1392
1584 1386
1603 1380
1622 1373
1640 1365
1660 1360
1641 1364
1623 1372
1604 1379
1585 1386
1565 1392
1545 1396
1524 1399
1503 1402
1481 1401
1458 1401
1437 1402
1416 1405
1394 1403
1565 954
1580 941
1594 929
1609 918
1624 909
1641 902
1658 898
1678 898
1696 902
1712 908
1727 919
1727 939
1712 951
1696 957
1678 961
1659 962
1640 962
1620 961
1601 961
1582 961
1330 955
1322 940
1309 930
1294 923
1278 919
1261 920
1244 922
1228 926
1213 933
1200 943
1191 956
1201 970
1215 980
1230 986
1246 989
1263 988
1280 986
1297 983
1313 979
1327 971
1581 872
1579 849
1595 831
1613 818
1632 806
1652 795
1673 788
1693 780
1715 776
1737 780
1756 794
1770 813
1747 813
1726 819
1705 826
1684 834
1664 842
1644 852
1624 862
1604 871
1428 852
1400 827
1369 812
1334 803
1298 798
1262 794
1224 795
1189 804
1157 815
1124 827
1091 838
1123 851
1160 855
1196 850
1234 851
1270 857
1305 864
1339 871
1374 879
1411 882
