451 523
458 539
465 557
474 574
487 590
497 606
508 620
521 636
533 650
547 665
559 678
573 692
589 705
604 716
621 725
638 731
658 737
677 741
695 743
714 741
734 737
752 733
769 725
782 711
791 693
800 677
808 660
817 643
827 626
833 608
841 590
845 571
847 551
849 533
852 514
853 494
855 475
856 458
856 438
853 418
849 399
607 467
601 479
597 495
596 508
604 522
617 525
632 528
646 529
661 529
675 525
690 520
702 513
711 501
709 486
701 473
689 465
675 460
599 605
607 593
614 582
626 576
640 573
654 571
668 569
681 566
695 562
708 559
721 555
736 554
750 555
765 556
761 569
756 582
748 594
739 605
729 615
716 622
704 627
691 630
677 632
662 632
648 629
635 625
623 619
611 613
615 602
624 595
632 589
643 586
653 584
664 583
675 580
685 577
695 574
705 570
715 567
725 564
735 562
745 558
748 566
742 575
734 583
725 590
716 596
707 601
697 606
688 611
678 614
667 615
655 615
644 614
634 612
624 607
673 386
677 380
681 375
686 369
691 365
697 362
704 360
710 359
717 360
725 360
731 363
731 370
726 375
720 377
713 378
706 379
699 380
692 380
685 382
679 384
567 409
561 406
554 404
547 403
539 402
532 403
525 405
519 408
513 413
507 419
504 425
510 428
518 429
525 429
533 428
540 426
546 424
553 422
559 419
566 416
629 363
637 348
652 337
668 328
683 321
700 315
717 311
735 308
753 307
771 309
788 314
782 328
766 334
748 332
729 332
711 336
695 342
679 348
663 354
648 364
566 377
561 367
549 363
534 363
520 365
507 367
495 372
483 378
471 386
461 395
451 406
453 420
468 420
479 412
490 403
501 396
513 390
526 385
539 382
552 380
