329 311
327 325
326 338
327 353
328 367
329 382
330 396
331 410
334 423
339 438
344 450
352 462
361 473
373 482
384 490
396 496
410 500
425 502
438 502
454 503
468 503
481 501
496 499
509 498
524 495
538 492
553 490
566 487
578 481
591 472
600 463
609 451
616 439
622 427
628 413
634 400
639 387
642 373
647 359
652 346
656 332
419 293
411 302
404 313
397 325
392 336
397 348
407 356
420 358
433 357
447 358
459 359
473 358
483 350
486 337
483 324
479 313
472 301
385 398
387 389
395 382
404 378
414 378
424 380
434 380
444 381
453 384
462 388
470 393
479 398
487 404
495 408
503 412
495 417
485 419
476 421
466 423
457 425
447 427
437 429
427 429
417 428
408 425
399 421
390 417
386 408
386 405
394 403
402 403
411 402
419 402
428 403
436 405
445 405
453 406
462 406
471 406
479 407
487 409
495 410
503 412
495 411
487 409
479 408
470 407
462 406
453 407
444 406
436 405
427 404
419 403
411 402
402 403
394 404
496 272
500 267
506 262
511 258
517 255
523 255
530 256
536 258
542 260
547 264
552 268
556 274
550 276
543 277
537 276
530 275
523 275
517 274
510 273
503 273
412 262
410 257
405 255
401 253
396 252
390 251
385 252
380 254
376 257
373 261
371 266
369 270
374 271
379 270
384 270
390 269
395 268
400 267
405 267
410 266
480 215
485 204
498 201
512 201
525 202
539 204
552 207
563 212
574 219
584 228
593 239
592 246
582 237
571 229
559 224
547 221
533 220
519 220
504 220
491 221
427 208
423 200
414 195
404 193
393 192
383 194
373 197
365 202
356 209
351 217
346 226
348 236
352 227
359 219
367 214
377 211
387 210
398 209
408 210
419 212
