1076 1160
1082 1203
1090 1245
1096 1287
1103 1329
1116 1374
1132 1414
1150 1452
1170 1490
1194 1529
1222 1561
1250 1594
1278 1626
1313 1655
1346 1685
1374 1713
1412 1741
1449 1760
1492 1777
1532 1790
1575 1785
1618 1772
1657 1756
1694 1737
1735 1712
1769 1690
1801 1659
1824 1621
1848 1588
1871 1551
1893 1512
1912 1470
1929 1430
1943 1389
1956 1348
1966 1305
1972 1262
1975 1218
1977 1174
1978 1131
1980 1087
1429 1135
1413 1161
1402 1186
1398 1217
1409 1245
1436 1259
1462 1272
1492 1284
1521 1283
1551 1274
1578 1263
1607 1249
1630 1230
1638 1201
1629 1171
1607 1151
1580 1134
1304 1352
1337 1337
1374 1330
1414 1330
1452 1335
1491 1338
1530 1336
1569 1332
1607 1327
1645 1323
1685 1325
1721 1333
1749 1359
1736 1393
1718 1425
1695 1456
1667 1484
1637 1509
1604 1526
1568 1535
1527 1535
1490 1529
1453 1523
1421 1503
1392 1475
1365 1446
1340 1416
1319 1385
1316 1372
1348 1367
1381 1369
1413 1373
1446 1374
1478 1378
1511 1381
1543 1378
1575 1374
1606 1367
1637 1362
1669 1358
1701 1354
1732 1357
1711 1382
1689 1407
1665 1429
1637 1442
1608 1452
1577 1459
1546 1464
1512 1465
1480 1461
1450 1453
1422 1441
1394 1427
1369 1408
1344 1386
1613 945
1625 935
1637 924
1650 917
1664 912
1679 908
1694 907
1710 907
1726 909
1740 913
1753 921
1752 935
1737 939
1722 940
1706 942
1691 944
1675 945
1659 946
1644 944
1628 942
1341 951
1340 941
1330 935
1320 931
1309 929
1297 930
1286 931
1275 933
1264 936
1254 940
1245 948
1239 957
1250 959
1262 960
1274 960
1285 960
1297 959
1309 958
1320 956
1330 953
1551 837
1580 820
1611 808
1644 799
1678 793
1712 787
1749 787
1782 795
1813 808
1843 825
1870 849
1834 847
1802 838
1766 835
1731 839
1698 847
1666 857
1635 871
1601 875
1568 867
1399 884
1394 854
1370 835
1343 823
1315 815
1284 812
1252 812
1224 820
1198 835
1174 854
1152 877
1139 904
1167 896
1194 884
1221 873
1250 867
1281 864
1312 868
1340 876
1368 886
