1083 1114
1086 1158
1088 1198
1091 1243
1097 1286
1105 1330
1113 1373
1123 1415
1136 1457
1152 1499
1174 1536
1199 1572
1226 1607
1261 1639
1295 1664
1331 1689
1367 1714
1406 1733
1447 1749
1489 1761
1533 1767
1577 1764
1619 1755
1665 1746
1703 1731
1745 1714
1784 1690
1815 1666
1846 1629
1868 1595
1892 1557
1920 1522
1947 1486
1967 1447
1974 1404
1983 1361
1989 1317
1995 1273
2003 1230
2014 1187
2024 1144
1446 1117
1425 1137
1415 1165
1416 1195
1427 1223
1455 1235
1484 1240
1514 1246
1543 1252
1575 1251
1603 1246
1632 1242
1661 1233
1685 1214
1683 1184
1678 1155
1657 1131
1342 1396
1370 1383
1401 1375
1430 1364
1459 1352
1491 1347
1523 1343
1557 1344
1591 1346
1622 1351
1652 1361
1681 1372
1709 1386
1735 1406
1728 1437
1702 1458
1677 1479
1650 1498
1622 1510
1591 1518
1559 1521
1525 1519
1494 1513
1465 1502
1437 1487
1411 1469
1386 1446
1364 1421
1371 1392
1396 1389
1422 1386
1447 1381
1472 1378
1499 1378
1525 1380
1551 1381
1578 1380
1603 1376
1630 1376
1655 1380
1679 1387
1702 1395
1695 1416
1673 1427
1650 1437
1627 1446
1604 1453
1579 1458
1554 1461
1527 1463
1502 1459
1477 1453
1454 1446
1431 1438
1409 1427
1388 1412
1682 943
1696 928
1711 915
1728 905
1745 898
1763 893
1784 894
1802 898
1820 904
1836 913
1848 929
1851 948
1834 955
1816 960
1796 962
1776 961
1756 959
1737 957
1718 954
1700 948
1410 936
1402 920
1388 906
1373 894
1357 888
1338 885
1318 886
1301 891
1285 900
1271 913
1261 929
1255 945
1272 950
1290 953
1309 955
1328 958
1347 959
1366 957
1385 955
1403 952
1625 795
1647 766
1674 741
1705 725
1739 715
1774 710
1812 710
1850 712
1885 717
1917 730
1946 751
1939 781
1902 777
1867 771
1832 765
1795 762
1758 763
1724 773
1692 786
1661 800
1475 738
1441 709
1402 693
1360 685
1315 681
1271 685
1227 691
1186 703
1148 723
1115 754
1092 791
1135 797
1175 784
1214 768
1255 757
1299 751
1345 751
1389 756
1430 768
1472 777
