498 1248
505 1289
514 1335
524 1376
538 1418
555 1463
573 1503
591 1542
612 1580
635 1622
657 1660
683 1696
714 1727
746 1758
781 1787
818 1813
854 1833
897 1848
941 1856
985 1859
1031 1860
1077 1855
1116 1845
1158 1827
1197 1802
1229 1776
1261 1743
1289 1709
1315 1673
1339 1632
1358 1593
1374 1553
1387 1511
1398 1464
1406 1421
1414 1378
1426 1335
1436 1292
1445 1249
1452 1206
1455 1158
852 1185
849 1223
840 1258
828 1295
833 1335
859 1359
899 1364
937 1364
976 1362
1016 1359
1053 1352
1087 1337
1103 1302
1090 1265
1065 1234
1044 1206
1022 1170
812 1553
827 1530
846 1508
869 1492
894 1483
923 1484
952 1487
979 1481
1005 1475
1034 1473
1062 1478
1087 1486
1113 1495
1137 1507
1151 1529
1127 1542
1103 1555
1080 1571
1058 1589
1034 1603
1009 1610
981 1615
953 1620
924 1620
896 1616
870 1609
845 1598
824 1578
813 1555
835 1550
857 1545
880 1540
903 1538
927 1539
952 1540
976 1540
999 1536
1021 1531
1043 1527
1067 1524
1091 1523
1116 1523
1138 1523
1114 1522
1090 1523
1065 1524
1042 1526
1019 1531
997 1536
974 1539
950 1539
926 1537
902 1536
879 1538
856 1541
833 1546
1049 997
1057 978
1074 962
1092 951
1111 943
1132 938
1155 936
1177 938
1197 944
1216 953
1234 966
1240 985
1222 997
1202 1003
1180 1006
1158 1008
1135 1009
1112 1010
1089 1010
1068 1006
773 1003
761 990
747 983
732 977
716 974
699 973
682 975
666 979
652 987
639 998
631 1012
645 1022
659 1029
674 1034
691 1036
708 1037
726 1037
742 1034
757 1029
771 1020
1007 892
1032 856
1068 829
1107 811
1147 797
1188 786
1235 786
1275 802
1311 825
1345 857
1370 893
1373 936
1332 924
1296 899
1257 879
1215 870
1169 867
1126 876
1087 891
1047 906
809 874
783 845
751 828
717 816
680 810
641 810
604 818
571 833
541 854
516 884
506 919
511 956
540 935
566 906
597 885
632 875
671 873
710 875
747 882
782 891
