805 1022
810 1048
817 1076
824 1105
831 1133
840 1163
850 1190
860 1217
870 1245
881 1270
895 1297
911 1319
929 1342
948 1364
968 1385
989 1405
1014 1423
1038 1436
1066 1446
1096 1449
1123 1449
1153 1445
1181 1436
1209 1424
1234 1410
1257 1395
1279 1375
1300 1354
1318 1332
1334 1308
1348 1284
1363 1256
1375 1231
1385 1205
1393 1174
1400 1146
1403 1119
1406 1089
1408 1061
1408 1031
1408 1001
984 1007
976 1027
970 1048
968 1072
983 1089
1005 1099
1028 1103
1051 1105
1073 1102
1096 1096
1120 1092
1142 1084
1144 1063
1139 1040
1129 1018
1117 999
1102 980
975 1256
980 1240
989 1225
1000 1212
1010 1198
1023 1187
1040 1183
1058 1184
1075 1181
1091 1175
1109 1174
1124 1181
1139 1187
1154 1194
1168 1206
1171 1223
1161 1237
1147 1248
1133 1257
1118 1265
1103 1271
1087 1277
1071 1281
1054 1283
1036 1282
1021 1276
1005 1270
990 1262
1015 1225
1021 1219
1028 1214
1035 1211
1043 1209
1051 1207
1059 1205
1067 1204
1075 1203
1083 1200
1091 1198
1099 1199
1108 1199
1116 1200
1124 1201
1121 1208
1114 1211
1106 1213
1098 1215
1090 1217
1082 1219
1074 1219
1066 1221
1058 1222
1049 1223
1040 1223
1032 1223
1023 1224
1121 872
1134 871
1147 872
1161 872
1174 873
1188 872
1202 872
1216 873
1229 872
1242 871
1250 874
1238 878
1225 881
1212 882
1199 883
1185 883
1171 882
1158 881
1146 878
1133 876
947 893
940 888
930 889
922 892
913 895
904 897
896 900
887 903
879 907
871 912
865 919
873 922
883 921
891 918
900 916
909 914
918 911
926 908
934 905
943 901
1056 811
1073 790
1096 778
1121 770
1146 762
1170 754
1195 746
1221 740
1249 739
1274 747
1296 763
1287 782
1260 778
1232 779
1206 785
1181 793
1157 803
1132 811
1107 817
1080 821
970 836
965 814
947 798
927 788
904 783
881 785
859 791
839 800
819 812
801 827
784 844
777 865
795 880
816 871
835 859
855 850
876 842
898 837
922 836
946 837
