1009 1190
1013 1227
1015 1264
1020 1304
1029 1342
1041 1381
1056 1416
1076 1448
1097 1480
1121 1514
1140 1544
1163 1579
1184 1610
1208 1643
1233 1673
1256 1703
1279 1733
1313 1756
1347 1773
1386 1781
1425 1783
1461 1777
1497 1759
1527 1737
1557 1711
1586 1683
1616 1659
1644 1631
1672 1603
1697 1575
1718 1542
1738 1509
1760 1475
1780 1441
1797 1407
1811 1371
1821 1334
1828 1297
1835 1258
1842 1219
1849 1179
1322 1094
1299 1118
1275 1142
1264 1176
1273 1205
1301 1227
1331 1246
1361 1264
1394 1272
1427 1266
1457 1248
1484 1229
1513 1211
1530 1181
1526 1147
1508 1118
1484 1092
1192 1372
1221 1346
1253 1330
1289 1322
1327 1317
1366 1315
1405 1313
1444 1311
1483 1312
1521 1316
1557 1324
1590 1337
1622 1356
1618 1393
1597 1424
1573 1454
1546 1483
1516 1506
1484 1524
1450 1536
1413 1542
1375 1538
1339 1530
1305 1517
1274 1496
1248 1467
1226 1437
1207 1405
1215 1367
1241 1358
1270 1362
1299 1365
1327 1369
1357 1371
1388 1371
1417 1369
1447 1367
1475 1363
1503 1358
1532 1353
1561 1351
1590 1355
1577 1379
1555 1400
1531 1414
1506 1426
1479 1434
1452 1441
1423 1445
1393 1445
1365 1439
1338 1431
1312 1423
1285 1416
1259 1407
1237 1387
1528 979
1540 966
1553 955
1567 945
1581 937
1596 932
1613 930
1630 931
1646 935
1661 942
1674 951
1674 967
1660 975
1644 980
1628 983
1610 983
1594 980
1578 976
1561 974
1546 979
1252 984
1252 971
1240 964
1228 958
1216 952
1203 949
1189 946
1175 947
1162 951
1151 958
1140 967
1132 979
1143 987
1156 992
1169 995
1184 995
1198 994
1211 991
1225 988
1238 986
1488 881
1507 857
1534 848
1563 841
1593 837
1625 835
1656 836
1687 839
1716 846
1742 859
1763 881
1750 901
1724 889
1696 880
1666 876
1634 876
1603 878
1573 884
1545 891
1514 894
1315 898
1308 871
1281 862
1251 857
1221 852
1190 849
1158 848
1127 850
1099 858
1074 874
1055 899
1052 930
1075 912
1101 897
1131 892
1163 892
1194 894
1225 897
1255 902
1286 905
