304 423
305 434
307 447
309 457
314 470
320 480
325 491
331 502
337 512
344 522
352 531
360 539
369 548
378 556
389 562
401 565
413 566
425 565
437 563
448 561
460 556
470 550
480 544
490 538
500 531
511 524
520 516
528 508
536 499
544 490
551 480
556 470
560 457
562 446
563 434
564 422
566 409
568 397
568 386
567 373
564 361
344 396
342 407
339 417
338 429
340 439
345 449
355 452
367 450
377 448
388 444
398 441
407 435
408 424
402 414
397 405
393 394
392 383
353 496
353 488
359 482
365 478
372 475
380 474
387 473
395 471
402 469
410 469
418 470
426 469
434 469
442 471
444 478
438 483
431 486
425 491
419 496
413 501
406 505
399 508
392 510
385 512
377 512
370 511
363 507
357 502
359 494
364 492
371 492
377 490
383 489
390 489
395 487
401 485
407 484
413 482
419 481
425 479
431 477
437 475
442 473
437 476
431 478
425 479
419 481
413 483
408 485
402 486
396 488
389 489
383 490
377 491
371 493
364 492
405 356
407 350
410 345
415 342
421 339
426 337
432 336
439 337
444 338
450 340
455 343
458 348
453 352
448 355
442 356
436 357
429 358
423 358
417 359
411 358
344 375
343 371
341 367
337 365
332 364
327 364
323 365
318 366
314 368
311 372
310 376
310 381
311 385
315 387
320 387
324 385
329 383
333 382
337 381
341 379
394 309
396 302
402 299
409 296
415 294
423 292
430 292
437 292
445 293
451 296
457 300
455 305
448 303
441 302
434 302
427 304
420 306
413 308
407 310
400 312
338 336
333 332
327 329
321 327
315 327
308 328
303 331
297 334
292 338
288 344
286 350
287 356
293 356
298 351
303 347
309 344
315 342
321 341
328 341
335 340
