1067 1146
1065 1188
1067 1236
1067 1283
1071 1328
1084 1372
1096 1415
1110 1458
1126 1505
1142 1548
1162 1590
1185 1630
1210 1664
1241 1700
1274 1733
1310 1764
1342 1794
1382 1820
1425 1840
1466 1849
1513 1849
1562 1844
1606 1838
1651 1825
1692 1807
1727 1780
1764 1749
1797 1716
1828 1681
1858 1645
1879 1607
1903 1566
1924 1528
1945 1484
1965 1445
1981 1400
1989 1354
1995 1307
1999 1262
2004 1215
2007 1169
1406 1164
1386 1191
1368 1220
1371 1257
1393 1285
1421 1307
1453 1323
1485 1333
1521 1340
1555 1334
1590 1325
1625 1308
1653 1290
1679 1264
1683 1228
1668 1198
1645 1168
1268 1412
1301 1389
1344 1388
1386 1389
1430 1389
1471 1393
1512 1397
1553 1393
1594 1388
1636 1390
1677 1394
1719 1396
1759 1402
1770 1439
1744 1471
1713 1502
1681 1526
1646 1545
1610 1560
1571 1570
1530 1573
1487 1572
1447 1565
1410 1553
1376 1534
1343 1508
1312 1479
1286 1447
1306 1402
1339 1407
1371 1414
1403 1422
1435 1429
1466 1438
1497 1447
1532 1446
1564 1439
1598 1436
1632 1432
1664 1424
1696 1418
1732 1418
1721 1447
1695 1469
1668 1488
1636 1495
1603 1501
1570 1505
1536 1509
1501 1510
1466 1508
1434 1502
1404 1491
1376 1473
1349 1453
1323 1430
1681 1005
1694 995
1708 988
1723 981
1737 976
1752 971
1769 969
1786 970
1801 974
1815 981
1828 992
1829 1009
1814 1014
1797 1016
1780 1016
1762 1016
1745 1015
1729 1013
1713 1010
1698 1005
1362 982
1349 973
1335 965
1321 958
1306 954
1289 952
1273 954
1258 958
1244 965
1230 974
1217 982
1231 988
1246 993
1261 997
1277 999
1294 1001
1310 1002
1327 1001
1344 1000
1359 996
1597 911
1612 882
1639 863
1671 855
1705 851
1741 850
1776 852
1810 855
1844 860
1876 868
1905 883
1906 904
1873 899
1837 899
1802 901
1767 903
1732 905
1698 907
1664 911
1630 916
1424 891
1397 866
1367 850
1335 839
1302 830
1266 827
1229 828
1193 831
1161 842
1133 862
1105 886
1141 890
1177 887
1213 885
1248 889
1282 896
1316 904
1350 910
1383 918
1419 922
