868 1191
876 1222
884 1260
896 1290
905 1328
920 1359
936 1391
954 1421
973 1449
998 1477
1019 1508
1040 1535
1064 1560
1089 1588
1109 1616
1137 1640
1160 1665
1190 1685
1226 1694
1260 1697
1298 1696
1332 1694
1368 1691
1401 1678
1430 1660
1460 1637
1483 1613
1505 1583
1532 1561
1557 1537
1581 1507
1602 1480
1624 1450
1643 1423
1661 1391
1677 1359
1691 1325
1701 1293
1713 1258
1722 1225
1734 1188
1118 1223
1108 1249
1097 1277
1104 1306
1128 1322
1156 1331
1183 1337
1215 1342
1244 1341
1273 1340
1303 1334
1331 1329
1362 1321
1375 1296
1379 1265
1367 1241
1343 1219
1060 1472
1085 1460
1111 1450
1135 1436
1161 1426
1189 1419
1219 1418
1249 1417
1277 1411
1307 1409
1335 1413
1362 1420
1390 1427
1418 1432
1424 1457
1401 1478
1379 1496
1354 1510
1328 1519
1302 1528
1274 1536
1245 1538
1215 1536
1186 1532
1159 1525
1132 1516
1107 1505
1084 1488
1106 1469
1128 1466
1150 1468
1173 1467
1196 1467
1218 1464
1240 1463
1263 1464
1286 1464
1308 1462
1329 1458
1351 1455
1372 1452
1393 1448
1414 1443
1395 1451
1375 1456
1352 1457
1330 1460
1309 1464
1286 1465
1263 1464
1241 1463
1219 1465
1197 1467
1174 1469
1151 1469
1129 1470
1363 1056
1373 1042
1387 1030
1402 1021
1418 1015
1436 1012
1455 1013
1473 1016
1489 1021
1504 1029
1519 1039
1515 1055
1499 1063
1483 1069
1466 1073
1448 1074
1429 1074
1410 1073
1392 1072
1373 1071
1128 1044
1119 1029
1106 1018
1091 1010
1075 1004
1057 1003
1039 1003
1021 1004
1004 1008
989 1015
975 1025
988 1038
1001 1049
1017 1056
1034 1060
1050 1064
1068 1065
1086 1063
1104 1061
1121 1059
1335 1005
1354 982
1382 973
1410 967
1438 961
1466 955
1494 948
1522 940
1550 934
1581 934
1607 947
1592 969
1563 974
1534 979
1506 985
1478 991
1449 996
1421 1002
1393 1010
1363 1012
1153 985
1128 970
1101 960
1073 950
1047 938
1020 926
994 915
967 904
937 900
910 911
887 931
916 936
943 948
971 955
1000 961
1028 969
1056 979
1083 988
1111 997
1140 1004
