607 1145
618 1173
632 1200
646 1230
659 1259
673 1288
688 1314
706 1342
724 1367
739 1394
753 1424
773 1450
792 1472
815 1497
835 1522
854 1546
877 1569
903 1584
933 1588
965 1585
995 1578
1026 1569
1055 1557
1083 1542
1109 1523
1132 1500
1152 1475
1169 1450
1186 1421
1202 1394
1217 1366
1229 1339
1240 1310
1249 1278
1260 1250
1272 1218
1284 1189
1295 1159
1306 1130
1313 1100
1318 1067
854 1105
842 1125
830 1149
828 1175
840 1198
863 1207
889 1218
915 1218
940 1220
965 1217
992 1210
1016 1198
1035 1183
1043 1159
1035 1134
1021 1112
1010 1086
817 1354
833 1338
848 1322
864 1307
884 1301
906 1300
927 1305
949 1304
970 1300
993 1300
1013 1305
1032 1313
1051 1321
1070 1330
1077 1347
1059 1358
1040 1368
1022 1378
1005 1390
987 1400
968 1409
948 1416
926 1416
905 1413
886 1405
869 1392
852 1379
834 1368
823 1356
840 1353
857 1350
875 1347
892 1346
911 1347
929 1348
946 1346
963 1342
980 1338
998 1337
1016 1336
1034 1337
1053 1338
1071 1337
1056 1342
1038 1343
1019 1344
1002 1346
984 1348
967 1351
948 1350
930 1351
912 1350
894 1349
876 1350
858 1352
841 1354
1043 931
1050 918
1061 905
1075 896
1088 889
1103 883
1119 881
1135 882
1150 886
1165 892
1178 900
1181 916
1168 926
1155 934
1140 938
1123 940
1107 941
1091 939
1075 935
1059 935
837 942
825 930
812 921
798 913
784 907
768 905
752 907
736 911
722 916
709 924
696 933
706 946
720 954
734 958
750 961
767 961
782 958
797 954
813 952
829 953
974 834
1000 822
1028 814
1057 808
1087 804
1117 800
1147 797
1178 800
1205 809
1229 827
1246 851
1221 857
1191 853
1159 852
1128 850
1097 851
1068 856
1039 863
1011 871
984 861
859 870
841 846
814 835
785 828
754 826
723 827
693 833
666 844
642 862
621 885
610 912
610 944
635 931
658 909
684 896
713 888
743 883
775 884
806 886
836 889
