642 936
646 961
651 987
658 1012
667 1036
678 1059
692 1079
709 1100
727 1121
742 1139
762 1159
780 1174
803 1191
823 1202
848 1216
870 1224
896 1231
921 1239
944 1248
971 1258
996 1264
1021 1268
1047 1267
1071 1264
1098 1260
1122 1252
1147 1244
1167 1228
1184 1208
1198 1186
1210 1164
1221 1141
1234 1116
1244 1094
1252 1069
1257 1042
1261 1016
1264 991
1263 966
1265 940
1266 913
1013 894
1004 909
1000 927
1003 947
1014 962
1031 968
1050 966
1068 966
1087 962
1105 959
1123 956
1142 950
1157 942
1166 925
1164 906
1155 890
1144 873
992 1080
1006 1072
1019 1063
1032 1054
1045 1045
1058 1036
1072 1030
1087 1026
1102 1022
1117 1019
1134 1018
1149 1021
1164 1026
1177 1034
1183 1048
1178 1063
1171 1076
1158 1088
1145 1095
1131 1101
1115 1104
1099 1105
1082 1106
1065 1106
1049 1104
1033 1102
1019 1096
1005 1090
1012 1075
1024 1072
1035 1068
1047 1066
1059 1063
1071 1061
1083 1060
1096 1059
1108 1056
1119 1052
1130 1049
1142 1048
1154 1045
1165 1041
1178 1040
1166 1043
1155 1046
1143 1048
1131 1050
1119 1054
1108 1057
1096 1060
1084 1061
1071 1062
1059 1064
1048 1067
1036 1070
1024 1072
1118 775
1122 765
1129 756
1138 751
1148 746
1158 742
1169 741
1180 739
1192 740
1202 743
1211 750
1215 760
1206 768
1196 772
1185 774
1174 776
1163 777
1151 776
1139 776
1128 779
961 793
950 786
938 783
924 782
911 781
898 783
885 786
873 789
862 795
851 803
841 811
853 815
866 817
879 818
893 817
907 817
920 815
932 812
944 807
955 803
1119 684
1123 672
1131 662
1142 656
1153 651
1165 647
1177 645
1190 646
1201 650
1212 656
1222 665
1223 677
1212 674
1200 671
1188 668
1174 668
1162 670
1151 676
1141 683
1130 689
995 675
970 665
941 664
912 666
884 670
857 677
832 687
808 700
786 719
769 742
755 766
779 753
803 740
828 728
853 718
879 710
907 706
937 705
966 707
994 703
