540 1027
549 1054
559 1080
568 1106
577 1131
586 1159
597 1186
609 1209
624 1233
641 1256
661 1277
682 1295
704 1311
728 1326
751 1342
774 1357
801 1371
827 1380
854 1384
883 1386
911 1383
937 1375
964 1363
988 1351
1011 1336
1034 1317
1054 1297
1073 1277
1092 1254
1107 1232
1120 1207
1134 1181
1143 1157
1157 1131
1169 1105
1179 1080
1192 1054
1203 1028
1211 1001
1218 975
1222 945
776 939
767 959
756 981
750 1004
757 1027
778 1039
799 1040
824 1036
847 1032
872 1026
894 1022
918 1015
934 997
932 974
920 955
903 936
887 918
741 1148
756 1136
771 1125
786 1117
803 1111
820 1106
839 1105
857 1101
874 1097
893 1096
911 1098
929 1102
947 1105
965 1108
974 1121
959 1132
944 1142
929 1151
913 1159
897 1166
880 1171
862 1175
844 1177
825 1178
806 1176
789 1170
773 1164
757 1156
757 1147
771 1142
786 1140
802 1138
818 1137
833 1136
849 1135
865 1133
880 1130
894 1127
909 1123
924 1120
940 1119
956 1118
971 1116
956 1118
940 1119
925 1121
910 1124
895 1128
880 1131
865 1133
849 1135
833 1136
818 1137
802 1139
787 1140
772 1143
908 845
917 834
929 825
940 816
952 809
965 805
980 804
994 805
1009 807
1022 811
1034 817
1031 830
1020 839
1008 846
995 851
981 853
965 853
950 854
935 854
920 853
729 869
719 860
708 854
696 850
683 848
670 849
657 851
646 855
635 861
624 868
618 879
628 887
639 892
652 895
665 896
678 894
691 893
703 889
715 885
726 881
877 764
880 739
900 725
922 715
945 708
969 703
993 699
1019 699
1042 706
1064 717
1084 731
1091 748
1068 742
1044 737
1019 734
993 736
970 742
946 748
924 757
902 766
746 791
735 771
713 761
689 757
664 755
639 754
615 757
593 765
573 778
555 797
545 818
542 842
560 826
579 809
599 797
622 790
646 786
672 787
697 788
721 792
