569 715
573 736
577 758
581 779
588 802
595 821
602 842
613 863
626 882
641 898
654 914
667 933
679 951
690 971
703 989
719 1005
738 1015
759 1021
782 1019
805 1018
826 1013
848 1009
867 1000
887 988
905 974
921 960
938 944
951 928
963 911
976 891
986 870
997 852
1005 830
1011 810
1017 788
1022 768
1025 744
1024 723
1021 701
1019 678
1017 655
672 726
664 740
659 754
661 771
673 782
687 792
702 799
717 800
733 796
748 788
762 781
778 775
792 767
797 751
789 738
775 729
758 724
661 861
668 848
681 841
696 839
712 837
727 839
742 837
758 835
773 833
789 833
804 834
820 835
835 838
848 843
847 858
835 866
822 874
810 882
797 890
783 896
769 900
754 902
739 904
724 902
710 897
698 889
685 880
673 870
688 859
699 858
710 858
721 857
732 856
743 856
754 855
765 855
775 853
785 851
796 849
806 847
817 846
828 846
828 853
818 856
808 859
799 863
789 867
780 870
770 873
759 874
748 875
737 875
726 874
716 871
706 868
697 864
780 626
783 616
788 607
793 598
801 590
809 585
819 581
830 580
841 580
851 583
860 588
865 597
861 606
852 613
843 618
833 620
822 621
812 624
802 626
791 626
656 633
651 626
644 621
636 619
628 618
620 617
611 618
603 619
596 622
591 629
588 636
592 643
599 647
607 650
615 650
623 649
632 648
640 646
647 644
654 640
749 588
747 575
755 564
765 556
776 550
788 545
801 542
814 541
828 541
840 545
851 552
858 563
845 562
833 558
819 559
807 563
796 569
784 574
772 579
760 583
649 586
638 580
625 578
611 576
597 576
584 575
570 577
557 580
546 585
535 592
525 601
538 603
551 602
565 601
579 600
592 601
606 602
619 602
633 601
646 599
