301 285
301 299
301 313
302 327
303 341
304 355
305 368
307 383
310 396
314 410
321 422
329 433
340 444
350 454
360 464
369 474
380 483
393 489
406 492
420 494
434 496
448 495
462 492
476 489
489 483
501 476
513 469
525 460
535 450
545 440
553 428
561 418
569 407
576 394
581 381
586 367
589 353
593 339
595 325
597 311
599 297
420 308
413 316
406 326
402 336
401 347
406 357
417 357
429 358
441 359
451 361
463 361
474 358
481 349
480 338
474 329
466 320
460 310
377 406
383 399
390 395
398 392
406 390
414 388
423 387
432 387
441 388
449 390
457 393
465 396
473 398
481 401
481 409
475 415
468 420
461 426
453 430
446 433
437 435
428 435
420 435
411 433
403 430
396 425
389 419
383 413
386 402
392 399
398 397
404 396
411 396
418 397
425 398
431 399
438 400
445 400
452 401
459 402
466 402
473 403
475 407
468 409
462 410
455 412
449 414
443 415
436 417
429 417
423 416
416 415
410 413
403 412
397 410
391 407
485 273
487 267
493 262
498 258
504 255
510 253
517 252
524 252
530 254
536 258
541 262
544 268
538 271
533 274
526 275
519 276
512 276
505 275
499 274
491 274
402 271
402 265
399 260
394 257
389 254
384 253
378 252
373 253
368 255
363 257
359 261
354 265
359 268
364 271
369 273
374 274
380 275
386 274
392 274
397 273
494 219
500 212
507 208
516 207
525 208
533 209
542 210
550 212
557 216
564 222
570 228
568 234
561 231
553 228
545 226
536 225
528 224
519 224
510 225
501 224
396 225
395 217
388 212
381 210
372 209
364 210
355 211
347 212
340 216
333 222
328 228
322 235
331 235
338 231
345 226
353 224
362 224
370 224
379 225
388 225
