471 1178
477 1214
487 1252
496 1289
505 1326
515 1364
524 1400
540 1437
559 1473
578 1505
599 1539
623 1566
652 1596
681 1618
712 1643
743 1666
777 1685
812 1698
849 1710
888 1718
926 1725
964 1724
1003 1717
1038 1705
1076 1692
1113 1677
1146 1660
1176 1637
1205 1612
1235 1584
1262 1556
1285 1524
1304 1491
1322 1459
1337 1424
1350 1388
1362 1349
1375 1312
1384 1273
1394 1237
1403 1198
868 1160
846 1183
827 1205
813 1234
812 1268
829 1296
858 1308
889 1310
921 1313
955 1313
987 1312
1017 1304
1037 1278
1036 1247
1023 1216
1005 1192
983 1164
782 1452
785 1426
797 1405
817 1387
837 1372
859 1363
885 1361
909 1366
936 1367
961 1365
985 1371
1007 1382
1027 1398
1043 1418
1055 1439
1060 1463
1046 1484
1027 1502
1006 1515
983 1523
959 1528
934 1531
907 1530
883 1526
860 1517
840 1504
821 1485
802 1466
802 1450
807 1433
819 1419
834 1408
851 1403
869 1405
886 1410
904 1414
921 1419
940 1420
959 1419
978 1420
996 1423
1012 1429
1027 1438
1042 1451
1025 1454
1007 1451
989 1448
971 1445
952 1444
933 1444
914 1444
894 1444
876 1443
856 1443
838 1445
820 1447
1037 1044
1052 1028
1069 1017
1088 1010
1108 1005
1130 1003
1151 1004
1173 1006
1193 1011
1211 1021
1228 1035
1218 1052
1200 1063
1181 1069
1159 1071
1138 1067
1118 1063
1099 1056
1078 1052
1057 1051
806 1037
807 1021
800 1007
787 998
772 992
757 990
740 991
725 995
711 1002
698 1010
685 1019
671 1026
683 1036
697 1043
712 1047
728 1049
745 1049
761 1047
777 1045
792 1043
1012 921
1025 895
1055 891
1086 893
1115 897
1145 901
1176 903
1206 906
1236 911
1264 918
1288 937
1278 962
1248 958
1219 952
1191 946
1162 939
1133 933
1103 930
1073 925
1043 922
847 905
823 891
795 887
766 888
737 889
708 891
680 894
652 899
627 908
604 925
588 948
616 945
643 938
670 933
698 929
727 926
755 924
785 924
813 927
842 930
