852 1367
872 1415
889 1464
907 1514
932 1565
961 1608
998 1653
1034 1689
1071 1726
1124 1750
1169 1770
1221 1793
1271 1817
1317 1838
1371 1856
1421 1866
1478 1871
1530 1868
1582 1858
1636 1846
1689 1832
1741 1813
1787 1795
1836 1770
1882 1740
1924 1705
1956 1667
1989 1620
2015 1572
2042 1526
2068 1481
2088 1428
2104 1379
2115 1325
2116 1269
2109 1219
2100 1166
2092 1111
2077 1057
2061 1005
2044 953
1308 1137
1290 1174
1272 1216
1273 1263
1303 1296
1345 1303
1390 1292
1432 1278
1478 1261
1521 1247
1561 1231
1603 1208
1632 1174
1633 1129
1602 1096
1559 1079
1518 1061
1314 1514
1342 1490
1373 1470
1403 1451
1435 1435
1470 1426
1506 1421
1538 1404
1567 1383
1599 1366
1632 1354
1667 1346
1705 1343
1743 1344
1776 1355
1759 1386
1728 1406
1696 1421
1665 1438
1633 1454
1601 1470
1569 1486
1536 1497
1501 1505
1464 1508
1427 1514
1390 1517
1351 1517
1350 1503
1379 1496
1407 1487
1434 1479
1461 1469
1489 1459
1516 1450
1543 1441
1570 1429
1596 1417
1623 1406
1649 1394
1676 1385
1704 1376
1730 1363
1705 1375
1677 1384
1650 1393
1623 1404
1596 1415
1570 1428
1543 1438
1516 1449
1487 1455
1458 1460
1430 1467
1403 1477
1376 1490
1535 890
1547 870
1560 852
1578 835
1597 821
1617 811
1637 803
1659 797
1683 795
1706 798
1728 803
1725 824
1706 836
1686 846
1665 853
1644 860
1622 866
1600 871
1578 877
1557 885
1188 992
1167 983
1144 977
1119 975
1096 980
1074 988
1054 999
1034 1014
1016 1031
1001 1051
985 1070
1008 1065
1033 1063
1058 1061
1081 1056
1103 1050
1126 1043
1147 1035
1169 1026
1189 1015
1447 714
1474 685
1505 660
1538 642
1573 631
1610 623
1648 616
1685 609
1724 605
1762 611
1796 626
1774 652
1736 657
1696 658
1655 659
1616 663
1580 674
1546 688
1513 706
1481 726
1174 808
1143 772
1101 753
1053 749
1005 753
960 763
921 786
884 818
854 856
832 895
820 940
822 989
862 970
898 938
935 906
973 878
1014 858
1060 850
1108 851
1157 848
