751 1388
774 1442
797 1496
828 1552
860 1605
891 1656
909 1711
948 1765
987 1812
1034 1851
1081 1882
1136 1911
1195 1930
1258 1943
1316 1951
1379 1949
1437 1944
1500 1937
1556 1926
1615 1911
1675 1892
1736 1870
1790 1847
1842 1811
1889 1772
1927 1732
1966 1683
1999 1633
2037 1580
2061 1526
2082 1469
2100 1413
2115 1348
2118 1288
2110 1227
2097 1169
2082 1107
2066 1049
2045 991
2024 933
2006 874
1300 1180
1293 1224
1287 1267
1306 1308
1347 1326
1389 1312
1427 1291
1474 1289
1517 1275
1554 1253
1599 1240
1640 1228
1670 1192
1676 1148
1664 1104
1639 1070
1603 1036
1354 1557
1381 1529
1409 1501
1437 1475
1467 1454
1499 1436
1534 1427
1568 1417
1600 1402
1633 1387
1667 1377
1704 1372
1743 1371
1780 1376
1812 1390
1793 1421
1767 1449
1736 1467
1704 1485
1674 1505
1641 1521
1608 1532
1574 1544
1539 1552
1501 1555
1464 1560
1427 1565
1389 1566
1354 1557
1385 1542
1416 1525
1447 1509
1477 1491
1512 1483
1546 1475
1580 1466
1612 1454
1644 1442
1676 1428
1708 1414
1741 1403
1775 1395
1811 1389
1777 1396
1742 1404
1709 1413
1677 1428
1647 1446
1616 1462
1582 1472
1546 1476
1512 1484
1478 1493
1447 1509
1416 1526
1385 1543
1534 848
1546 821
1559 795
1578 771
1602 751
1628 735
1655 724
1684 718
1716 718
1746 722
1773 735
1779 765
1761 789
1737 811
1712 827
1685 837
1656 845
1627 851
1596 854
1564 854
1179 974
1151 962
1120 956
1087 956
1056 960
1027 969
1000 984
975 1002
952 1026
933 1052
918 1078
950 1080
983 1082
1016 1081
1046 1075
1075 1066
1103 1054
1130 1039
1156 1022
1181 1004
1425 688
1417 648
1444 615
1476 587
1510 564
1546 546
1584 533
1624 524
1665 518
1708 516
1748 523
1760 550
1717 551
1675 555
1633 560
1595 572
1558 589
1524 611
1490 634
1457 661
1148 744
1095 735
1040 739
988 750
936 762
887 780
840 803
794 828
752 864
730 911
725 966
765 931
805 890
850 863
898 842
947 826
998 813
1050 801
1106 799
1160 791
