801 1113
793 1167
785 1217
776 1270
773 1323
778 1381
784 1435
804 1488
824 1533
848 1584
878 1628
910 1671
957 1706
1009 1720
1064 1727
1112 1740
1159 1775
1196 1812
1240 1839
1293 1862
1343 1873
1399 1871
1454 1862
1507 1848
1558 1825
1603 1798
1648 1771
1704 1757
1756 1754
1809 1742
1857 1717
1897 1681
1929 1636
1955 1587
1972 1534
1980 1479
1995 1430
2009 1377
2015 1325
2019 1270
2019 1211
1205 1026
1184 1055
1166 1090
1160 1130
1179 1163
1213 1176
1255 1180
1292 1174
1332 1176
1371 1175
1410 1172
1448 1172
1487 1164
1510 1134
1521 1095
1504 1061
1483 1028
1083 1394
1117 1367
1153 1342
1190 1323
1229 1309
1275 1310
1319 1314
1364 1315
1409 1318
1451 1326
1490 1340
1528 1358
1564 1381
1595 1414
1609 1453
1587 1489
1552 1513
1513 1530
1472 1540
1427 1541
1382 1540
1338 1534
1299 1521
1260 1506
1222 1489
1185 1468
1149 1447
1111 1428
1104 1385
1139 1375
1169 1355
1204 1345
1242 1342
1278 1348
1316 1353
1354 1350
1392 1347
1430 1350
1466 1357
1500 1370
1530 1390
1560 1413
1577 1445
1548 1469
1514 1481
1477 1486
1440 1490
1402 1487
1366 1478
1331 1469
1295 1462
1259 1455
1223 1448
1189 1437
1153 1428
1119 1418
1544 923
1568 911
1597 910
1624 914
1653 916
1681 919
1708 925
1734 931
1761 937
1788 942
1815 947
1792 957
1763 955
1736 950
1709 944
1683 938
1656 932
1628 929
1601 925
1573 922
1194 907
1171 900
1147 896
1122 894
1097 893
1071 895
1046 897
1021 900
998 905
975 911
954 923
977 918
1002 914
1026 911
1051 907
1076 905
1101 903
1127 904
1152 906
1177 908
1508 750
1535 718
1568 696
1605 682
1643 673
1684 668
1726 672
1765 679
1802 693
1835 715
1861 747
1855 779
1820 762
1782 751
1742 744
1701 740
1658 741
1617 747
1579 756
1542 770
1254 694
1245 651
1207 628
1166 616
1122 610
1075 612
1033 624
996 646
962 677
933 713
911 751
892 789
934 779
970 752
1006 724
1043 700
1082 682
1126 675
1170 681
1210 696
