260 286
260 301
261 317
261 332
263 348
265 363
269 379
273 393
279 408
287 420
295 433
307 445
319 454
332 461
348 467
362 472
377 477
393 481
407 484
423 485
438 484
455 483
469 481
484 477
500 472
514 466
527 460
541 451
554 441
564 431
575 419
584 407
591 392
596 378
600 364
602 348
604 333
605 316
604 300
603 286
603 269
400 232
392 242
384 253
381 266
387 279
400 284
414 288
426 292
440 292
453 289
466 286
480 282
489 274
491 261
484 248
474 238
464 228
351 344
358 332
370 324
383 317
397 314
412 313
427 315
443 316
457 313
473 313
487 316
500 321
512 330
524 340
525 355
516 367
505 378
492 385
478 390
464 393
450 395
434 395
420 392
405 389
391 385
379 379
367 369
357 357
357 346
367 337
378 333
390 330
402 328
415 329
427 330
440 332
453 332
466 331
479 332
491 333
503 336
514 341
518 352
509 362
498 367
486 369
474 370
461 373
449 374
436 374
423 374
410 373
398 372
386 369
376 362
366 356
482 215
486 210
490 207
495 204
501 202
506 201
512 200
518 200
524 201
529 203
534 207
534 213
529 216
523 217
518 218
512 218
506 217
499 217
493 217
487 217
384 210
379 206
374 203
368 201
362 200
356 199
349 200
343 201
338 204
332 207
327 210
332 213
338 215
344 217
350 218
356 219
363 219
369 219
375 217
381 215
488 164
492 156
499 151
508 148
516 147
526 148
534 150
542 154
550 158
557 162
564 169
561 173
553 168
546 163
538 160
529 158
520 157
512 159
504 163
496 167
368 150
360 147
351 146
342 145
333 147
325 149
318 154
311 160
305 167
300 175
296 182
303 176
310 171
317 165
324 160
332 156
341 155
350 156
359 157
368 158
