303 425
305 443
308 460
310 478
314 496
323 511
332 527
340 542
349 558
358 574
367 589
377 604
386 618
395 635
404 650
416 665
430 676
446 680
465 682
483 680
500 675
516 667
531 659
546 648
560 636
575 626
590 615
602 602
612 588
621 572
630 555
638 540
645 523
651 506
655 488
659 472
663 454
666 437
669 418
667 400
662 382
349 466
347 477
343 486
346 496
355 503
364 509
374 514
385 513
395 511
405 509
415 505
423 497
429 488
432 477
426 468
417 462
408 456
361 544
371 542
382 540
393 542
403 539
413 536
424 535
435 534
446 534
457 535
468 535
480 536
484 544
475 550
466 557
458 564
449 571
440 577
432 583
423 589
413 594
404 597
393 597
384 591
377 582
374 573
371 563
366 553
369 559
377 561
386 561
394 561
403 560
411 559
419 557
427 555
434 553
443 552
451 551
459 550
467 547
474 544
481 540
474 543
466 546
459 548
451 550
443 552
434 553
427 555
419 557
411 559
403 560
394 560
385 560
377 561
424 375
427 368
432 362
439 358
446 354
453 352
461 351
469 352
477 353
484 354
492 356
490 363
484 368
477 371
470 375
463 377
455 378
447 378
439 379
431 379
355 385
353 380
349 376
344 373
338 373
332 373
326 373
321 374
316 376
312 381
310 386
313 391
317 395
322 398
327 400
332 399
338 397
343 395
348 393
353 390
380 333
392 320
406 311
420 305
435 299
451 295
468 293
485 293
502 295
518 300
531 309
520 314
504 311
487 309
470 311
453 314
438 319
423 325
409 333
395 341
322 343
317 340
313 338
308 336
303 334
298 332
293 332
288 332
283 334
279 337
276 341
279 345
284 345
289 344
294 344
300 344
305 345
311 345
316 346
321 346
