489 544
489 563
489 582
491 602
494 623
498 642
504 662
511 681
522 697
536 712
548 725
561 741
570 759
583 774
601 784
619 794
637 800
658 798
676 795
696 789
715 780
732 773
750 762
765 750
783 738
798 724
810 710
824 695
838 682
855 670
870 658
884 644
897 629
906 610
916 593
927 575
936 558
941 538
937 519
934 500
933 479
551 531
553 545
562 556
576 560
590 558
604 556
618 551
631 546
645 543
660 540
673 540
687 535
691 521
688 507
680 495
669 487
656 478
585 631
592 622
601 616
610 610
619 606
630 604
641 604
652 604
663 602
673 600
684 601
694 603
704 606
714 609
725 611
724 619
715 623
705 626
695 629
684 631
673 632
662 633
651 633
640 634
629 635
618 635
607 633
596 632
597 627
606 624
614 622
623 620
632 618
641 617
651 617
660 616
670 615
679 614
688 613
698 613
707 612
717 612
726 612
717 613
708 614
698 614
689 614
679 615
670 616
661 617
652 618
642 620
633 620
624 622
615 624
606 626
679 429
684 422
689 415
695 409
702 405
709 402
717 400
726 400
734 401
742 403
748 408
751 415
744 419
737 422
729 425
721 427
713 428
705 429
696 427
688 428
568 441
565 435
559 432
552 431
545 432
539 434
533 436
527 439
521 444
518 450
516 457
519 463
525 466
532 466
539 464
546 463
552 461
558 458
564 454
568 448
626 370
642 356
661 351
682 348
703 348
723 350
743 354
761 361
779 370
795 383
806 399
790 407
772 400
754 392
735 387
714 386
692 386
671 387
651 390
630 390
558 399
554 391
545 389
536 390
527 392
519 396
511 400
504 406
497 412
490 419
486 427
487 436
496 436
504 430
511 425
519 421
527 418
536 414
543 410
551 406
