700 938
702 965
706 994
710 1023
716 1051
723 1079
732 1106
745 1133
759 1158
776 1181
793 1204
810 1228
829 1250
848 1272
865 1293
885 1316
907 1334
932 1349
960 1358
989 1363
1016 1364
1045 1360
1075 1352
1100 1341
1126 1329
1152 1315
1176 1297
1198 1278
1218 1260
1238 1240
1259 1216
1278 1196
1296 1175
1311 1149
1323 1122
1333 1095
1340 1068
1347 1037
1351 1009
1356 981
1361 952
947 912
928 927
910 949
906 974
910 1001
930 1017
957 1023
983 1024
1008 1029
1033 1022
1060 1021
1086 1014
1101 992
1100 965
1087 944
1066 926
1055 902
852 1084
876 1077
901 1073
927 1069
954 1069
981 1070
1008 1071
1035 1070
1062 1070
1088 1073
1114 1075
1141 1076
1165 1083
1158 1106
1142 1127
1123 1146
1102 1162
1082 1178
1059 1189
1035 1196
1009 1199
982 1199
958 1192
936 1181
915 1166
895 1148
878 1128
865 1106
871 1086
895 1085
917 1090
938 1094
960 1100
982 1104
1005 1106
1028 1107
1052 1105
1074 1102
1096 1098
1118 1093
1139 1087
1161 1084
1150 1101
1131 1113
1112 1124
1093 1134
1073 1143
1052 1150
1030 1154
1007 1156
985 1153
963 1149
942 1143
922 1134
904 1120
887 1103
1092 816
1102 809
1111 801
1121 797
1132 794
1144 792
1156 792
1169 793
1180 794
1192 796
1201 803
1195 812
1184 817
1173 820
1162 823
1151 824
1138 825
1126 823
1115 821
1104 818
908 806
906 796
899 787
890 780
881 776
870 773
859 772
847 773
836 775
827 780
818 788
813 798
822 803
832 809
842 812
853 814
865 814
876 812
886 810
897 808
1064 755
1081 739
1100 729
1120 721
1140 715
1161 711
1184 710
1207 712
1228 717
1248 726
1264 741
1256 757
1234 753
1212 750
1189 749
1166 750
1144 753
1122 756
1102 763
1082 769
941 747
933 728
915 715
896 706
877 699
856 693
834 690
811 691
791 695
772 706
757 723
747 742
769 740
790 735
812 732
835 731
857 733
879 736
900 741
919 749
