580 785
582 809
585 832
590 857
595 881
601 906
609 928
618 952
630 974
644 994
659 1014
673 1031
691 1049
710 1066
727 1086
742 1103
762 1119
783 1129
809 1134
832 1136
856 1132
881 1126
905 1119
928 1113
951 1104
975 1095
994 1080
1011 1063
1029 1047
1048 1030
1066 1013
1081 994
1094 974
1106 950
1116 928
1123 905
1129 881
1134 856
1136 832
1138 807
1140 782
778 765
769 781
756 799
749 818
751 838
768 848
788 856
809 858
830 859
848 860
871 858
889 852
904 836
907 816
898 798
886 782
873 765
702 916
720 909
740 905
762 904
783 903
805 903
826 904
848 905
869 904
891 904
912 906
934 907
953 911
955 932
941 948
926 964
910 976
892 986
874 994
855 1000
834 1003
813 1003
793 998
775 990
758 979
741 965
726 950
713 933
721 918
738 921
756 923
772 930
791 931
809 932
828 934
846 932
864 929
882 927
899 923
916 920
935 918
953 916
940 926
925 936
910 945
895 954
879 961
863 968
847 973
829 976
811 973
794 968
778 963
762 955
748 943
734 931
901 678
908 669
917 663
926 658
936 654
946 651
957 650
967 651
978 653
988 656
996 663
995 673
985 678
976 682
966 684
955 685
944 685
933 683
922 683
911 682
749 670
741 662
733 656
724 651
713 649
703 648
692 648
681 650
672 654
663 660
655 667
664 671
673 676
682 681
693 683
704 682
714 681
724 679
735 678
746 679
867 624
881 611
896 602
912 595
928 590
946 587
964 584
982 583
1001 584
1017 590
1031 602
1024 616
1006 615
987 613
968 612
951 615
934 619
917 624
900 628
883 632
764 613
759 599
743 591
728 584
712 579
695 575
677 574
659 574
642 578
627 587
615 601
604 615
622 614
640 611
657 609
675 608
694 608
712 609
729 611
747 615
