334 414
333 427
333 441
335 455
340 469
345 482
350 496
355 509
361 522
368 535
376 546
387 556
398 564
411 572
423 578
436 584
448 590
462 597
475 602
488 606
502 610
516 613
530 615
545 617
558 617
572 612
582 602
590 590
597 577
603 565
610 552
615 539
621 526
627 513
633 501
638 487
644 474
650 460
655 448
659 433
661 419
534 390
529 402
522 414
516 426
514 439
518 452
531 457
544 457
557 457
572 457
585 458
594 449
601 436
597 423
591 411
587 399
581 386
501 518
508 512
515 509
523 506
530 502
537 498
545 496
553 493
560 490
568 488
577 487
584 489
591 495
595 502
591 510
589 518
587 526
583 533
577 539
570 543
561 544
553 542
545 541
537 539
529 535
522 531
515 526
509 521
510 515
515 513
520 512
526 510
531 509
536 508
542 508
548 509
554 509
559 509
565 509
570 508
576 507
582 508
587 509
584 511
579 512
573 512
567 512
561 512
555 512
550 512
544 512
538 512
533 512
527 512
521 513
516 514
590 356
593 352
598 350
603 348
609 347
614 346
619 345
625 345
630 347
635 350
637 355
635 360
631 364
626 366
620 367
615 366
610 364
604 363
599 361
594 360
501 350
500 346
497 343
493 341
488 340
483 340
478 340
474 341
470 343
466 346
462 349
465 353
469 356
473 358
477 359
482 359
487 359
491 358
496 357
500 355
582 322
584 313
590 306
596 300
603 294
611 290
618 286
626 283
636 283
644 286
649 293
650 301
645 308
638 303
629 303
621 305
613 309
606 313
598 317
590 320
507 312
501 307
494 302
487 299
479 296
471 294
463 293
454 294
446 295
438 298
434 304
441 309
450 309
457 307
466 306
475 306
483 307
490 311
497 315
504 318
