42 292
31 316
27 344
25 370
22 400
20 426
21 454
21 482
23 510
27 537
30 564
32 592
38 620
53 644
70 666
89 687
109 706
133 720
156 731
183 738
211 740
239 746
267 744
296 742
321 738
347 723
372 714
397 703
418 687
441 670
464 654
486 636
506 616
527 596
544 575
562 554
577 531
589 507
596 478
602 452
609 423
131 211
114 227
98 246
95 269
98 294
110 316
133 321
158 323
183 326
206 329
231 333
255 336
275 323
281 299
277 274
272 250
266 225
73 435
86 423
97 410
109 396
126 394
143 397
161 397
179 399
194 405
209 413
224 420
239 427
254 434
270 442
285 449
294 463
278 468
260 467
242 465
225 464
207 462
190 461
172 459
154 458
137 456
120 453
104 449
87 445
85 429
96 421
110 417
124 419
138 421
153 423
167 425
181 426
195 429
209 432
222 436
235 440
249 444
262 447
275 451
264 449
251 445
237 441
224 438
211 434
197 430
183 428
169 426
155 424
141 422
126 421
111 420
96 421
333 207
341 197
351 188
361 181
372 176
384 173
398 173
410 175
421 180
431 188
439 199
445 209
436 217
423 217
410 216
396 216
383 216
370 214
358 212
346 209
193 179
187 175
180 173
172 171
165 170
156 170
149 171
142 174
136 179
133 186
131 193
134 200
141 203
149 204
156 203
163 200
170 197
177 194
183 189
190 185
280 119
294 99
318 92
343 88
370 88
396 91
420 96
443 105
464 117
484 133
500 153
496 175
473 168
451 157
427 150
403 145
378 141
351 141
325 140
300 135
191 132
195 120
184 110
172 104
158 101
144 100
130 101
117 106
108 117
103 129
101 143
102 158
103 172
105 161
110 148
121 139
134 135
148 134
163 135
178 135
