422 574
424 592
427 609
430 627
434 643
439 661
443 678
447 695
454 713
460 730
469 744
478 760
487 775
498 788
510 802
527 810
543 814
561 812
580 811
597 810
615 807
632 803
649 797
665 790
683 783
697 775
714 766
730 760
745 751
760 740
774 729
786 716
796 701
805 686
813 669
820 652
825 636
828 619
833 601
836 584
836 565
514 531
506 546
499 560
491 576
483 591
479 607
492 619
508 618
527 618
542 619
560 620
578 619
585 604
583 587
579 571
574 555
567 538
475 669
480 659
487 650
497 646
507 650
519 649
530 647
541 650
551 654
561 659
571 664
580 670
589 677
598 685
600 695
590 700
580 705
570 709
560 712
550 716
538 718
527 719
515 717
505 713
495 708
486 701
480 691
477 681
485 690
491 686
497 682
503 679
510 677
517 675
525 675
532 676
539 677
547 678
554 678
561 679
568 681
575 683
582 684
578 686
571 684
564 683
557 683
549 682
542 682
534 682
527 681
519 681
512 681
505 682
498 685
492 688
588 501
592 495
599 489
606 486
614 484
622 483
630 484
639 485
647 486
654 489
661 492
660 499
652 502
644 503
636 505
628 506
620 507
611 507
603 507
595 505
506 505
504 500
500 496
495 494
490 492
485 490
479 490
474 491
469 492
464 495
461 499
457 504
462 507
468 508
473 509
478 510
484 509
490 509
496 509
501 507
554 443
562 431
575 426
590 423
604 422
620 421
635 421
650 423
664 427
676 433
688 443
687 456
672 455
656 454
641 454
626 454
611 455
595 457
580 456
565 454
495 451
491 443
485 435
477 430
469 426
459 425
450 427
442 430
434 437
430 445
429 454
428 464
426 473
433 469
441 463
448 457
457 455
467 454
477 454
487 453
