262 272
266 283
271 295
277 307
283 318
289 330
297 342
305 351
314 360
324 369
334 377
345 386
355 393
366 400
377 408
387 417
396 425
405 433
416 441
428 446
440 449
454 448
466 444
478 439
488 431
497 422
506 411
513 401
520 390
528 379
536 370
544 359
552 349
559 337
564 325
568 313
570 300
572 287
574 275
576 262
579 248
406 264
401 274
395 285
391 297
391 309
401 317
412 320
424 325
434 329
447 326
458 322
469 317
481 313
487 303
484 291
478 280
472 269
373 347
384 349
396 351
407 352
420 352
432 352
443 354
454 351
464 345
474 340
486 338
498 337
509 336
510 348
505 358
498 367
489 376
480 384
470 390
460 394
449 396
437 395
425 393
414 390
405 384
396 375
388 366
380 357
377 349
386 350
395 352
404 354
413 356
423 358
432 359
442 360
451 359
460 357
469 354
477 350
486 346
494 342
497 347
489 353
481 359
473 363
465 367
456 369
447 371
437 371
427 371
418 369
409 366
401 362
393 357
385 353
476 213
481 208
486 202
492 198
498 193
504 190
511 188
519 187
526 189
532 191
538 196
539 203
534 208
528 211
521 212
513 213
506 214
498 214
491 213
484 214
373 216
366 210
360 206
353 201
345 198
337 198
328 199
320 201
313 205
306 209
300 215
307 221
314 224
322 226
330 227
339 227
347 226
356 225
364 224
372 223
468 176
471 165
481 158
490 152
501 147
512 144
523 142
535 143
545 147
555 153
564 162
567 171
557 167
546 164
535 161
523 160
512 163
500 165
490 170
480 175
376 175
365 166
353 161
340 157
327 154
313 153
300 151
286 154
275 160
264 168
254 178
268 178
280 173
293 170
307 171
320 174
332 178
345 181
358 184
372 186
