186 488
190 509
193 530
196 550
199 571
203 592
211 611
221 629
232 648
245 665
259 682
271 698
283 714
299 731
313 744
331 759
348 769
368 779
387 785
408 791
428 797
448 802
470 804
490 802
512 801
532 795
551 787
562 770
570 749
580 732
590 711
598 692
606 674
615 654
622 635
634 615
642 597
650 577
651 556
650 535
653 513
477 533
468 542
467 556
468 570
476 580
489 587
503 589
517 589
530 589
544 589
558 587
572 583
583 577
589 564
590 550
587 536
584 522
426 670
437 663
450 660
463 656
476 653
487 646
499 642
513 643
527 645
539 648
551 642
565 642
579 644
590 652
587 665
582 677
575 688
564 697
551 700
538 702
525 704
511 702
499 698
487 694
474 689
462 685
450 681
437 677
433 668
443 667
454 668
464 665
474 664
486 664
497 664
507 663
518 662
529 662
540 661
550 660
561 659
571 658
579 656
570 659
559 660
549 662
539 665
529 668
519 669
508 669
497 668
487 667
476 666
465 667
455 668
443 668
553 449
560 451
567 452
573 456
579 460
585 463
591 466
597 468
605 468
612 469
615 474
608 477
601 477
595 475
588 472
582 469
577 464
571 460
566 456
559 452
436 452
429 459
420 464
410 467
401 471
392 474
382 473
371 471
361 469
351 467
343 462
352 467
362 469
371 471
382 472
392 474
401 471
410 467
419 463
428 459
543 398
551 387
561 381
573 377
585 374
597 372
611 372
624 372
636 376
645 385
650 396
639 398
627 396
615 398
602 401
591 404
578 407
568 414
556 416
545 410
489 400
473 384
454 376
432 372
410 371
387 371
365 373
343 376
323 382
305 392
287 405
308 401
328 393
348 388
371 387
393 390
413 396
433 402
453 407
474 412
