183 276
183 293
185 311
187 330
189 347
191 365
193 382
196 399
205 415
215 429
228 443
240 456
252 469
265 482
280 493
296 501
312 508
329 514
346 519
363 523
381 524
399 524
418 525
435 524
453 522
470 518
487 511
502 504
519 496
535 488
551 478
565 467
576 454
587 439
595 424
602 407
606 389
610 372
613 354
614 336
617 318
334 329
327 339
322 350
324 362
332 369
343 375
356 376
367 378
379 379
392 378
404 379
416 380
427 375
436 367
440 356
437 344
433 332
306 438
313 430
321 424
331 419
341 417
351 415
362 415
374 415
385 415
396 415
406 418
416 421
425 426
434 431
443 437
446 444
435 446
425 448
414 449
403 449
392 448
382 445
371 444
360 444
349 443
338 442
328 440
317 439
319 431
328 432
336 432
345 432
354 432
363 431
372 431
381 432
389 432
398 433
406 434
415 434
424 435
432 436
441 437
432 437
423 436
414 437
405 436
397 436
388 436
379 436
370 435
362 435
353 434
345 433
336 433
327 433
447 259
454 251
461 243
469 237
477 232
487 230
497 229
507 230
516 234
524 240
531 248
532 258
524 265
515 268
505 270
495 271
484 271
474 269
464 267
455 264
326 244
319 237
313 230
305 226
296 224
287 223
277 223
268 226
260 230
253 237
246 244
253 251
261 256
269 259
278 260
288 260
298 260
307 258
316 256
324 253
445 201
459 196
476 193
493 192
510 191
528 191
545 192
561 196
575 203
588 214
598 227
583 224
567 219
551 215
535 213
517 212
500 213
483 214
466 215
449 217
333 208
324 195
312 186
298 179
283 175
269 172
254 168
238 166
224 172
212 183
205 196
200 210
215 207
229 203
245 201
261 200
277 202
292 206
306 210
321 214
