504 677
504 698
507 719
513 741
518 762
523 784
529 805
538 827
541 847
549 868
555 889
561 910
573 930
577 951
589 968
606 983
625 995
645 1005
667 1009
689 1007
711 1003
732 996
753 991
774 983
794 974
813 964
834 953
853 943
872 930
888 916
906 903
921 889
938 872
950 855
961 836
970 816
979 794
987 773
994 752
999 730
1002 708
614 682
608 698
603 714
601 732
604 749
615 763
628 774
645 778
663 777
680 776
697 775
715 770
722 754
725 738
726 721
727 703
721 685
587 808
602 809
617 812
632 816
646 821
661 824
676 827
692 830
707 832
723 834
738 836
752 842
759 855
747 866
735 878
723 887
709 894
695 899
680 902
664 902
649 900
634 896
621 890
608 881
598 869
592 855
589 840
588 824
588 811
598 820
608 826
619 831
630 836
642 840
653 842
666 844
678 846
691 847
704 848
717 848
730 848
743 848
744 855
732 857
720 859
707 861
695 862
682 864
669 864
657 863
645 860
634 855
624 848
614 840
605 831
597 821
746 615
753 605
762 597
773 591
784 587
796 585
808 585
820 589
830 594
840 602
849 611
852 622
841 626
830 629
817 629
804 629
792 628
780 626
768 623
757 618
639 596
638 587
633 579
626 571
618 566
609 562
600 559
590 558
580 559
571 563
564 570
560 578
564 587
571 593
580 597
590 599
600 599
610 598
620 598
630 599
717 566
720 549
736 544
753 542
771 541
790 541
808 540
826 541
844 543
861 547
876 552
877 564
859 564
841 565
823 567
805 568
787 569
769 570
750 571
732 571
619 546
614 538
606 530
597 525
588 520
578 516
569 512
559 508
550 505
539 504
530 511
537 520
547 524
557 526
567 529
576 534
584 541
593 546
602 551
612 554
