347 512
351 524
356 538
361 553
366 566
373 579
380 591
389 603
399 614
408 624
418 635
429 645
441 653
454 661
467 668
479 674
492 680
507 684
521 687
535 689
549 690
564 689
579 685
591 679
602 670
611 659
621 648
630 636
639 624
646 613
654 599
661 587
669 574
675 561
680 547
685 534
688 521
691 506
691 492
687 478
683 463
489 478
484 488
480 500
482 511
492 519
503 524
514 528
527 529
539 528
550 526
562 523
574 519
584 513
590 502
590 490
585 479
577 471
443 559
459 559
475 558
491 557
506 555
521 552
537 551
553 549
568 546
583 543
599 542
615 541
630 543
627 557
620 570
612 583
602 596
590 606
577 614
563 620
547 621
531 620
516 618
502 612
489 604
477 594
465 583
454 571
450 562
462 565
475 566
487 569
500 570
513 572
526 570
539 569
552 569
564 566
576 563
588 559
599 555
611 551
611 560
601 568
591 576
580 581
568 585
557 589
545 591
531 591
518 589
506 587
495 583
484 577
472 572
461 567
574 405
577 399
581 394
586 389
592 386
598 383
605 381
612 380
619 381
626 382
632 385
634 392
629 397
623 401
617 403
610 404
602 404
595 404
588 404
580 404
471 411
464 408
457 406
449 405
441 404
433 404
426 406
419 408
412 411
405 414
398 417
406 419
414 420
422 420
430 420
438 420
446 420
454 419
462 419
469 417
556 379
559 370
567 366
576 363
586 361
595 358
605 357
615 355
625 356
635 357
644 361
644 368
633 368
623 369
613 370
603 372
594 374
585 376
575 379
566 381
490 383
480 377
469 375
457 374
446 373
433 373
422 374
410 375
399 377
388 382
379 389
391 391
402 393
414 392
427 392
439 393
451 393
463 393
475 394
487 393
