73 564
72 583
74 603
76 622
79 641
84 661
91 679
100 696
110 715
122 731
133 747
143 764
154 780
166 796
180 809
196 821
214 832
230 841
250 846
268 849
289 853
309 853
328 852
347 845
363 836
381 827
400 819
418 811
433 800
449 786
464 773
477 758
488 741
499 725
508 708
516 691
522 671
526 653
530 632
534 613
540 594
261 573
257 586
252 600
258 614
267 624
279 633
293 639
305 646
320 651
333 647
346 637
359 631
372 623
378 610
376 595
375 580
376 565
202 675
219 676
235 677
251 676
268 677
283 679
298 683
313 686
329 688
345 689
361 690
376 693
391 696
406 700
393 707
379 713
366 720
352 727
338 732
322 734
306 733
291 729
277 724
263 719
249 713
236 705
223 697
210 688
214 679
226 684
238 688
250 691
263 694
275 698
287 701
300 704
314 704
328 704
341 702
355 702
369 702
383 701
395 698
383 700
369 701
355 702
341 702
328 703
314 704
300 703
288 701
275 697
263 694
250 690
238 687
226 683
391 494
399 486
408 481
418 477
428 475
439 474
449 476
459 479
468 484
476 491
484 499
483 509
473 511
461 511
451 510
441 508
431 504
422 500
412 497
402 495
260 460
253 453
245 447
237 442
229 439
219 438
209 437
200 438
190 440
182 442
173 446
181 452
189 457
197 461
206 463
216 465
226 465
236 465
246 466
255 467
399 467
406 454
418 447
432 443
446 442
461 442
476 444
490 446
504 449
516 455
527 465
528 477
515 474
501 472
487 469
473 466
458 464
443 463
428 464
413 464
279 420
270 408
257 399
244 393
229 390
214 387
198 385
182 385
167 387
152 391
137 395
150 405
164 408
180 410
196 411
211 414
225 418
239 423
254 427
269 430
