351 494
351 509
351 523
354 537
360 551
366 563
374 577
381 588
390 601
398 612
409 623
420 631
434 637
447 643
462 648
475 653
488 659
501 664
515 669
530 672
545 673
559 675
573 672
587 668
600 663
613 655
623 644
632 633
639 620
647 608
656 596
661 583
667 569
671 555
674 541
676 526
677 511
678 497
678 482
677 467
676 453
495 471
486 479
478 488
475 500
484 510
496 514
508 516
521 518
534 518
546 516
559 512
570 508
581 501
586 490
579 480
568 472
558 463
457 564
466 559
476 555
487 553
498 552
510 551
521 552
533 554
543 551
554 548
564 545
575 543
587 542
598 543
599 553
590 560
581 566
571 572
561 576
551 580
541 583
530 585
518 585
507 584
497 581
487 577
476 574
466 570
470 562
479 561
489 561
499 560
509 560
518 561
528 561
537 560
547 558
556 557
565 555
574 553
583 550
591 547
597 545
589 550
581 553
572 556
563 558
555 560
546 562
537 564
527 565
517 565
508 564
498 564
488 564
478 564
550 405
555 399
560 395
566 390
571 386
578 383
584 382
592 382
598 385
604 387
609 393
610 399
605 403
599 406
592 408
585 409
578 409
571 409
564 407
557 407
466 413
463 408
457 405
452 403
446 403
440 404
434 405
429 409
425 413
421 418
418 423
422 428
427 432
433 433
439 433
445 431
450 429
455 426
460 423
465 419
539 368
547 360
557 356
568 352
578 349
590 348
602 348
613 350
623 355
632 361
642 367
640 376
629 374
617 373
606 372
594 372
582 373
571 375
560 377
548 375
484 378
479 367
468 362
455 362
442 364
430 367
418 370
406 375
396 383
389 393
384 404
379 416
392 415
403 408
413 401
424 396
436 392
448 389
462 389
474 387
