97 418
100 428
105 439
110 449
116 460
121 469
128 480
134 489
143 498
151 505
161 512
170 518
181 524
191 528
201 533
213 538
224 542
235 546
246 549
257 551
269 552
281 551
292 549
303 545
313 539
321 532
328 522
334 512
337 501
344 492
350 481
355 471
360 460
363 450
366 438
368 426
369 415
370 404
371 392
371 380
370 368
242 392
243 401
241 410
239 419
241 428
248 432
258 433
267 432
277 430
285 427
293 422
301 417
307 410
306 401
301 393
296 386
289 378
236 483
242 479
249 474
255 468
262 464
269 461
277 459
285 458
293 454
300 451
308 449
315 451
323 453
325 461
324 469
322 476
318 483
313 490
307 496
300 500
292 503
284 504
276 505
268 504
260 502
253 499
246 495
239 490
247 483
251 480
255 477
260 474
265 473
270 472
276 472
281 471
286 470
291 468
295 466
300 464
305 462
310 461
312 465
310 470
305 473
301 476
297 479
292 482
288 484
283 486
278 487
273 487
267 487
261 487
256 486
251 485
292 331
294 326
298 322
302 319
307 317
312 315
317 314
322 314
327 316
332 317
336 319
337 325
332 328
328 330
323 331
318 333
313 333
307 334
302 334
297 333
200 344
195 341
190 340
185 338
180 339
174 340
170 342
165 345
161 348
157 352
154 356
159 358
165 358
170 358
176 358
181 357
186 355
191 354
195 352
200 350
289 306
289 297
293 290
300 286
307 283
315 280
323 279
332 278
341 278
349 280
354 286
356 294
349 293
342 289
333 288
325 290
318 293
310 294
303 298
296 303
224 306
213 301
199 301
186 301
173 302
161 303
149 306
138 311
128 320
120 330
120 343
131 338
142 331
152 325
164 321
176 320
190 319
202 320
215 322
226 318
