106 344
110 361
115 378
120 395
127 411
135 429
143 445
152 460
162 475
173 489
184 502
195 516
206 531
218 547
229 560
241 571
258 579
276 582
294 581
311 577
329 572
346 566
362 558
377 549
393 538
408 529
422 518
435 506
448 492
458 477
468 462
478 447
487 432
497 416
504 400
509 384
512 366
515 347
515 329
514 311
512 293
210 328
205 342
201 357
197 371
200 386
211 396
225 402
239 405
256 402
269 397
283 392
297 385
309 376
314 362
310 348
301 334
293 321
201 452
210 441
221 433
233 428
247 427
261 427
274 422
286 419
301 419
314 421
328 422
342 424
354 428
355 442
348 454
341 466
332 476
321 485
309 491
297 495
284 499
271 502
257 503
244 501
232 495
221 486
213 475
206 463
205 452
214 449
225 447
235 446
246 446
258 446
269 447
279 446
290 443
300 441
310 439
321 438
331 437
342 436
347 440
337 444
328 447
318 450
308 453
298 455
287 457
277 460
267 461
256 462
245 462
234 461
224 458
214 456
305 254
309 248
315 243
322 239
329 235
336 233
344 232
352 232
360 233
367 235
373 239
373 247
366 250
359 252
352 254
344 256
336 256
328 256
320 257
312 256
189 256
186 251
181 248
176 248
170 248
164 249
158 251
153 252
148 254
143 257
141 262
146 264
151 266
156 268
162 269
168 270
173 269
179 267
184 265
189 262
256 208
270 198
285 193
302 190
320 188
338 187
356 187
374 189
391 192
407 197
419 208
403 214
385 215
367 214
349 215
331 216
313 218
296 221
280 225
262 224
193 228
186 219
176 215
166 213
155 212
144 211
132 211
122 213
111 216
102 220
94 228
99 237
109 240
120 239
130 237
141 235
152 235
164 235
174 237
186 236
