434 534
434 552
434 571
436 589
439 608
441 625
442 645
445 662
453 680
462 696
470 713
478 730
487 745
499 760
512 773
528 784
544 794
560 801
577 808
596 813
614 816
632 814
650 806
664 797
680 785
694 773
707 759
719 745
730 731
740 715
750 700
764 687
771 670
779 653
786 635
792 617
797 599
800 582
804 563
806 544
808 525
573 574
570 588
561 600
554 613
554 628
562 639
575 644
591 647
605 649
620 647
635 645
649 640
661 633
665 619
661 605
653 592
649 577
533 701
544 698
555 695
566 693
577 692
589 693
601 693
613 694
624 693
636 691
648 691
660 692
671 694
681 698
682 709
672 714
661 718
651 721
640 724
629 726
618 728
606 728
595 726
584 723
573 720
563 716
553 712
543 708
550 705
558 706
567 706
575 707
583 708
591 709
599 709
607 709
616 709
624 709
632 708
640 708
649 707
656 706
659 706
651 708
644 710
636 712
628 713
620 714
613 715
604 715
596 715
588 713
581 712
573 710
565 709
558 708
659 491
666 482
674 474
683 467
691 461
701 456
711 454
722 454
733 456
742 460
750 469
751 479
743 487
734 492
724 495
713 497
702 497
691 496
681 493
670 492
544 486
541 476
534 468
525 463
516 459
506 458
495 458
486 461
477 466
469 473
461 480
467 488
474 496
482 503
491 506
502 506
512 504
522 502
531 499
540 494
647 454
654 441
667 434
680 429
695 425
709 422
724 419
739 417
755 417
770 417
785 420
780 429
765 432
750 434
735 437
720 439
705 442
691 445
677 450
663 453
563 435
554 428
543 426
531 425
519 424
508 423
495 423
484 424
473 428
463 433
457 443
466 450
477 448
489 446
501 446
513 445
524 444
536 444
548 446
560 446
