131 193
135 203
140 215
145 225
151 236
155 247
160 258
168 268
176 276
185 284
194 292
205 298
216 303
226 308
238 312
250 315
261 318
273 322
284 323
296 324
309 323
320 323
333 321
344 317
355 313
364 305
370 294
374 283
380 272
385 262
390 251
394 239
397 227
400 216
401 204
402 192
404 180
405 168
406 155
407 144
406 131
282 145
279 156
276 167
274 178
275 190
284 196
296 197
308 194
318 192
331 190
342 187
352 183
357 172
355 162
346 154
337 147
328 138
257 240
265 237
274 235
283 232
291 229
299 225
307 222
316 220
326 220
334 216
343 214
353 214
362 216
370 219
368 228
366 237
361 245
354 250
346 254
337 255
328 257
318 257
308 257
299 255
291 252
282 250
274 247
266 243
261 239
269 239
277 238
285 237
293 237
300 235
308 234
316 234
324 234
332 233
339 231
345 228
353 227
361 226
367 225
360 227
352 227
345 229
338 231
331 233
323 234
315 234
307 235
300 236
292 237
285 238
277 239
269 240
332 99
333 94
336 90
338 85
342 81
346 78
351 75
355 73
361 73
366 74
370 78
371 83
370 88
367 92
362 94
357 96
352 97
347 98
342 100
337 101
254 111
253 105
251 101
247 97
242 94
236 94
231 95
226 98
221 100
217 104
213 108
209 112
214 114
219 116
224 118
230 118
235 119
241 118
246 117
251 115
315 45
319 38
326 33
333 29
340 26
347 24
356 23
364 25
370 29
375 35
378 42
377 49
373 42
366 38
358 38
350 39
343 43
336 46
329 49
321 50
272 45
260 41
247 39
233 39
220 41
207 44
196 50
185 57
175 67
168 78
161 89
172 82
183 74
194 67
206 61
219 59
232 58
246 58
260 57
273 58
