115 307
116 325
117 343
119 360
121 378
125 397
130 414
136 431
142 447
151 463
162 477
175 490
188 502
203 515
217 526
232 534
248 542
265 549
283 555
300 559
318 564
336 567
353 568
372 568
390 565
408 562
425 557
442 551
457 542
473 530
486 519
498 506
510 491
520 476
530 460
537 445
542 427
545 409
547 392
551 374
553 355
327 296
314 308
301 319
293 335
292 353
301 367
318 369
336 366
352 367
371 370
388 376
404 382
418 375
423 357
418 340
411 324
403 308
276 444
287 442
297 438
306 431
315 424
325 418
335 415
347 416
357 421
368 419
379 420
389 424
399 430
407 438
413 448
415 458
405 462
395 465
384 468
373 470
361 470
349 469
338 468
326 468
315 465
304 462
294 458
285 452
291 448
299 447
308 446
316 445
324 445
333 445
341 445
350 445
359 445
367 445
375 446
383 447
390 450
397 454
405 457
398 453
390 450
383 446
375 445
367 445
358 444
350 445
341 445
333 444
324 444
315 444
307 445
299 446
416 267
421 258
429 252
438 248
448 244
458 242
469 242
479 244
488 248
496 254
501 263
501 274
493 280
483 284
473 286
463 286
452 285
443 282
434 278
424 275
297 244
291 236
283 229
274 224
265 222
254 221
244 221
234 223
225 227
217 233
211 241
219 247
228 252
236 256
245 260
256 261
266 261
276 259
286 257
295 254
420 199
433 189
449 186
466 185
483 186
500 189
514 195
527 205
538 218
545 233
549 248
545 262
535 249
525 236
512 225
498 218
482 215
466 211
449 209
433 210
310 187
306 171
291 163
276 158
259 154
242 152
224 152
207 153
191 158
177 168
168 182
162 197
177 191
192 184
207 179
225 178
242 180
259 182
276 185
292 189
