328 378
332 397
334 418
336 439
339 457
342 478
346 498
351 519
358 540
367 557
379 575
391 591
403 608
413 625
424 643
435 661
450 677
463 690
481 704
500 713
520 717
539 716
559 709
578 699
595 689
612 676
627 664
642 649
655 632
667 617
681 600
693 584
705 566
715 549
725 530
735 512
742 493
747 473
752 452
755 433
756 411
538 396
522 407
506 420
495 436
491 456
503 474
520 485
539 492
558 495
580 497
601 495
619 489
635 477
641 456
634 438
625 419
615 400
460 551
475 550
488 545
501 541
514 537
528 535
542 538
555 542
569 544
582 540
596 538
611 539
623 543
635 550
631 562
620 571
609 581
597 589
585 596
572 600
558 602
544 602
530 598
518 593
506 586
494 578
483 570
471 561
466 550
477 553
488 555
501 555
512 556
524 558
536 558
548 558
560 558
572 559
584 560
596 560
608 560
620 559
631 558
619 559
607 559
595 560
583 560
572 559
560 558
548 557
536 557
524 556
513 555
501 554
489 554
477 553
635 325
639 316
647 309
656 304
666 300
676 297
687 296
697 298
706 303
715 309
722 318
726 327
718 333
708 337
697 337
686 336
676 334
666 330
657 326
646 327
500 305
501 296
493 288
486 280
478 274
469 270
459 268
448 270
439 273
430 277
421 282
413 287
421 292
430 297
439 301
448 304
458 306
469 306
479 304
490 304
655 274
661 262
672 253
685 249
699 246
713 244
727 244
742 245
755 249
765 259
771 271
771 286
760 286
750 276
737 273
723 275
709 277
695 278
680 279
667 281
523 243
508 228
491 220
472 213
455 205
437 197
418 191
397 191
379 198
362 211
351 227
369 221
389 218
409 221
427 228
445 236
463 243
482 249
501 254
519 261
