1060 1503
1066 1543
1074 1588
1083 1633
1093 1676
1103 1720
1114 1762
1129 1809
1147 1849
1172 1888
1201 1920
1237 1950
1273 1973
1311 1995
1354 2016
1394 2036
1434 2054
1478 2070
1522 2080
1564 2085
1608 2087
1657 2088
1701 2083
1746 2075
1787 2065
1830 2049
1868 2027
1901 1996
1932 1963
1962 1928
1990 1892
2014 1857
2038 1816
2058 1779
2076 1736
2092 1692
2105 1651
2115 1605
2123 1564
2130 1517
2136 1471
1560 1468
1534 1490
1518 1522
1512 1554
1521 1589
1549 1605
1585 1612
1620 1616
1656 1617
1691 1617
1722 1612
1758 1603
1790 1593
1820 1573
1824 1541
1805 1509
1778 1487
1434 1754
1461 1736
1492 1728
1524 1719
1556 1715
1592 1714
1627 1715
1660 1710
1693 1705
1726 1702
1761 1703
1793 1709
1823 1721
1850 1741
1839 1770
1818 1797
1796 1823
1769 1841
1739 1852
1705 1856
1672 1853
1639 1848
1606 1842
1574 1836
1544 1826
1517 1804
1489 1788
1461 1773
1461 1756
1488 1758
1514 1755
1542 1754
1570 1754
1596 1759
1622 1764
1648 1768
1675 1770
1702 1767
1728 1763
1753 1757
1779 1752
1805 1747
1829 1750
1801 1749
1775 1753
1750 1760
1724 1765
1698 1769
1672 1773
1644 1771
1619 1765
1594 1759
1568 1755
1539 1755
1513 1759
1486 1761
1771 1296
1778 1277
1794 1263
1810 1251
1828 1241
1847 1236
1868 1233
1889 1232
1910 1234
1928 1241
1945 1253
1954 1271
1937 1282
1917 1287
1897 1291
1876 1292
1854 1291
1833 1289
1812 1290
1792 1293
1452 1267
1439 1254
1423 1248
1406 1245
1388 1244
1370 1244
1353 1246
1335 1248
1318 1251
1303 1257
1289 1270
1305 1277
1321 1282
1339 1282
1357 1283
1375 1284
1394 1284
1412 1285
1430 1285
1448 1283
1712 1138
1744 1117
1784 1119
1822 1111
1859 1103
1896 1095
1934 1087
1975 1087
2009 1102
2041 1122
2062 1154
2026 1159
1987 1156
1949 1163
1911 1171
1870 1170
1831 1174
1792 1180
1754 1186
1718 1176
1561 1165
1527 1130
1487 1108
1443 1095
1398 1086
1353 1076
1304 1074
1259 1083
1218 1102
1181 1133
1153 1171
1197 1158
1243 1151
1291 1147
1339 1150
1385 1159
1430 1169
1475 1180
1517 1196
1562 1207
