556 786
555 806
556 828
558 848
561 869
566 888
574 908
585 926
598 941
613 955
632 968
650 976
669 984
688 994
705 1005
723 1017
740 1027
762 1033
782 1040
802 1044
823 1043
843 1039
862 1034
882 1026
902 1019
921 1011
940 1004
960 998
980 990
999 981
1018 971
1035 958
1049 943
1062 927
1072 909
1081 890
1090 871
1098 852
1105 832
1110 812
1115 790
769 778
756 790
744 802
736 817
745 832
762 841
777 847
796 849
813 850
833 850
851 849
867 845
884 838
891 822
888 804
878 789
866 776
714 923
726 918
738 911
750 905
763 900
777 899
791 900
806 899
820 898
834 899
848 901
860 906
872 913
884 921
894 929
882 936
870 940
857 944
843 947
830 950
817 954
803 955
788 954
775 951
763 945
751 939
738 934
726 929
730 919
740 918
750 915
759 912
769 910
780 910
790 911
800 913
810 914
821 914
832 914
842 916
851 919
861 922
870 925
865 928
855 927
845 925
834 924
824 924
813 924
802 923
792 922
782 920
772 918
761 917
751 918
740 919
891 700
900 693
910 691
920 689
931 688
943 688
954 689
964 690
975 692
985 695
991 703
982 709
972 713
963 717
952 718
941 717
930 715
920 712
909 710
900 705
727 702
727 693
720 690
712 688
704 687
696 686
688 686
680 687
672 688
665 690
658 694
661 701
667 706
674 709
682 711
690 712
698 712
706 712
713 709
720 706
876 641
886 626
902 619
920 615
938 613
957 611
976 611
995 613
1013 616
1030 621
1045 630
1042 643
1023 642
1004 643
985 643
966 642
947 641
928 643
910 645
892 648
750 651
749 632
732 623
714 617
696 612
676 610
656 608
636 607
616 608
598 615
582 626
571 642
591 640
611 640
632 640
652 638
672 639
693 639
712 643
731 646
