600 769
597 793
595 814
593 838
591 863
590 887
591 909
596 934
604 956
614 978
626 998
639 1017
657 1032
677 1044
699 1053
722 1063
741 1078
759 1093
778 1105
802 1114
824 1120
847 1122
871 1121
893 1116
918 1110
941 1104
964 1097
985 1088
1007 1078
1027 1066
1047 1053
1067 1041
1087 1027
1106 1016
1126 1002
1144 987
1155 966
1164 942
1173 920
1178 897
1182 874
843 808
841 830
830 849
818 869
816 891
832 908
853 916
875 924
898 928
918 929
943 928
964 922
980 906
977 883
971 862
967 839
965 815
749 961
767 960
785 961
803 963
821 964
838 966
856 967
874 969
891 971
908 974
925 977
942 981
958 986
973 993
977 1006
961 1010
944 1013
927 1016
909 1017
891 1017
873 1014
856 1011
839 1008
823 1004
807 997
793 989
778 981
763 972
768 963
784 964
799 966
814 968
829 971
843 974
858 978
872 982
887 984
903 985
919 985
934 987
949 990
963 994
977 999
961 998
946 997
930 996
914 995
898 994
883 993
868 990
854 986
839 983
825 979
811 975
796 971
782 967
982 783
989 774
1000 768
1010 763
1021 760
1032 758
1045 759
1055 763
1066 767
1076 773
1085 781
1086 793
1075 796
1063 798
1051 798
1038 797
1026 796
1015 794
1003 792
992 789
819 752
814 744
807 736
798 731
789 728
778 727
767 727
757 729
748 732
739 736
730 741
738 748
746 753
755 757
765 760
775 762
785 764
796 764
806 763
816 762
974 722
986 706
1006 703
1027 704
1047 706
1067 709
1086 713
1105 718
1123 723
1140 732
1156 745
1144 758
1125 753
1107 747
1089 741
1070 736
1051 732
1032 727
1013 723
994 720
841 702
840 682
822 672
802 666
780 662
758 660
735 659
712 661
691 665
672 674
654 686
637 700
660 702
683 702
705 700
727 699
751 699
773 700
796 701
818 702
