445 536
447 555
448 577
449 596
450 617
451 637
454 657
463 677
471 696
478 713
487 733
495 751
504 770
513 788
525 804
538 819
556 832
574 835
595 840
615 843
635 843
656 844
676 843
696 836
715 830
733 819
745 804
760 788
774 773
786 759
801 744
815 729
829 715
838 695
845 676
852 658
859 638
866 619
872 599
878 579
884 559
632 489
615 498
598 508
594 529
592 550
606 562
625 570
646 578
665 584
685 585
706 582
725 577
744 569
752 551
747 532
739 513
723 498
544 625
558 616
575 613
593 612
610 613
627 615
645 616
662 617
679 620
695 623
712 626
728 630
744 634
759 641
772 652
760 661
743 663
725 662
708 660
690 660
673 659
656 657
639 653
622 651
605 648
589 645
574 639
559 631
578 626
591 625
605 626
617 628
630 630
643 632
656 634
669 636
681 638
694 640
706 643
719 644
732 646
745 648
758 649
745 648
732 647
719 645
706 644
693 642
680 640
667 638
655 636
642 634
630 631
617 629
604 627
591 625
758 443
766 439
773 434
781 430
788 427
797 425
806 423
815 424
823 426
831 430
837 437
837 446
829 450
820 451
811 451
802 450
793 450
784 448
776 446
766 446
621 411
611 405
599 400
588 396
576 393
564 391
551 390
538 390
525 390
512 393
504 403
514 410
525 416
537 419
549 421
561 423
574 424
588 423
601 423
613 421
738 403
742 386
758 381
775 378
794 378
813 377
831 377
849 378
866 383
882 389
896 402
891 416
876 410
860 404
841 403
824 406
806 409
789 412
771 413
752 413
621 376
609 362
595 351
581 342
566 335
549 331
532 329
515 332
500 339
486 348
472 359
490 358
507 355
525 357
541 361
557 365
573 370
588 377
603 385
619 390
