217 834
222 853
228 874
233 895
238 916
246 935
258 955
270 972
281 989
295 1005
312 1020
329 1033
346 1044
366 1053
385 1060
407 1067
428 1074
448 1080
468 1086
488 1091
509 1095
530 1098
552 1099
573 1099
594 1098
616 1096
636 1087
654 1078
675 1071
694 1062
712 1050
728 1035
742 1021
757 1003
766 986
776 967
784 946
789 925
792 905
794 883
796 861
521 834
511 847
502 863
498 879
504 896
518 908
534 913
553 914
571 915
589 917
607 917
623 911
639 902
647 887
644 869
636 854
624 838
481 990
492 981
503 973
516 968
528 963
540 957
554 954
567 957
582 958
595 955
608 958
618 969
629 979
638 990
645 1002
636 1013
626 1023
614 1031
602 1035
587 1036
573 1034
560 1031
546 1032
531 1031
518 1027
506 1021
495 1013
486 1002
494 995
502 989
511 985
520 983
529 982
539 979
548 978
558 978
567 981
577 982
588 982
597 983
606 988
614 993
622 997
622 1002
613 1001
603 999
594 997
584 996
575 994
565 993
555 993
544 993
534 994
524 994
514 994
504 995
635 760
638 747
644 736
654 728
666 722
678 718
691 717
705 719
717 723
728 730
735 741
738 753
732 765
722 773
710 777
696 779
683 778
670 776
657 773
645 769
474 743
466 734
458 725
448 719
437 717
425 716
414 718
403 722
394 728
385 736
378 746
387 754
397 759
407 764
418 766
430 767
442 767
454 765
464 762
474 755
673 689
684 680
696 676
709 673
722 671
737 671
750 672
762 677
774 683
785 692
792 704
790 715
778 710
766 706
753 702
740 699
726 698
712 698
698 697
684 696
497 664
485 657
472 653
459 651
445 650
430 650
417 652
404 655
391 660
380 666
369 677
382 682
396 681
409 678
422 675
435 672
449 671
463 672
477 674
492 674
