406 504
405 539
403 578
412 616
425 649
437 686
449 721
459 756
477 789
501 820
524 848
546 879
561 914
566 952
591 981
626 994
661 1006
697 1020
733 1025
770 1030
807 1035
843 1025
878 1009
908 988
939 962
965 938
996 915
1026 891
1052 864
1078 839
1106 814
1135 787
1160 760
1175 726
1183 690
1196 653
1210 617
1219 582
1226 545
1234 509
1244 470
525 437
509 458
497 479
494 506
495 532
511 553
533 567
557 571
584 575
610 571
636 568
660 560
678 543
682 516
670 494
651 475
634 454
530 705
535 684
554 672
577 670
600 668
623 667
646 665
669 664
693 665
715 668
738 671
759 676
780 682
794 699
778 716
761 732
746 750
731 768
713 780
692 787
671 792
648 793
624 794
602 788
583 778
569 760
558 741
543 723
551 719
564 708
581 709
598 708
614 706
631 706
648 707
665 709
682 709
699 709
716 709
733 710
750 709
767 708
764 720
751 729
736 736
722 741
706 745
690 748
674 751
657 751
641 749
626 745
611 741
594 739
578 736
565 726
727 373
735 359
741 345
746 331
754 317
766 306
782 303
797 306
812 310
826 317
840 324
853 332
850 347
836 353
820 356
805 358
789 361
774 365
759 369
743 372
559 376
553 367
545 361
536 357
527 354
517 352
506 352
496 355
488 361
482 369
480 379
480 389
486 398
497 399
507 398
517 396
527 394
536 391
546 388
555 384
659 235
688 226
719 223
750 219
783 217
814 221
844 227
874 234
902 244
928 260
927 283
896 278
864 275
834 269
805 261
773 260
744 268
716 280
688 288
665 265
520 292
514 279
502 271
488 269
472 269
458 271
444 274
431 278
418 285
408 296
403 309
404 324
418 322
430 315
443 310
456 306
471 305
486 303
500 305
515 304
