541 530
546 551
552 573
556 594
561 615
567 635
574 657
582 677
592 696
603 715
615 733
627 752
641 769
656 785
674 799
691 810
711 821
732 830
753 838
772 844
794 847
815 846
837 840
857 830
877 819
895 807
911 793
926 777
941 760
954 743
966 725
978 705
988 686
997 667
1004 646
1010 625
1015 604
1019 582
1024 561
1027 539
1031 515
733 523
719 535
709 549
707 567
708 585
718 599
735 607
753 612
771 612
789 610
807 605
822 598
838 588
845 573
841 554
835 537
827 520
678 682
691 679
706 680
720 678
734 675
747 672
761 669
776 669
791 668
805 665
819 663
834 663
849 664
863 667
858 679
846 687
835 696
823 705
810 711
797 714
783 717
768 718
754 716
740 712
727 708
714 703
702 697
689 691
698 684
710 683
722 684
734 683
746 682
758 681
770 682
782 683
795 682
806 679
817 676
828 674
840 672
852 671
861 670
850 673
838 674
826 676
816 680
804 683
793 685
782 687
769 688
757 689
745 690
733 690
721 689
709 687
833 407
839 398
848 392
858 388
870 388
881 389
891 391
902 392
913 393
925 394
935 396
931 404
921 406
910 408
900 410
888 411
877 411
866 412
855 410
845 407
682 409
679 402
672 400
665 399
657 397
650 396
642 395
634 395
626 396
619 398
612 402
618 407
625 411
632 414
639 416
646 418
654 418
662 418
670 417
677 415
813 357
829 350
846 346
863 341
880 337
898 333
916 330
934 332
951 337
967 345
983 352
966 352
950 347
932 344
914 346
898 352
881 358
865 363
847 367
829 365
734 357
718 351
701 346
684 340
667 335
649 331
631 328
612 328
595 334
579 343
564 352
578 364
597 362
614 357
633 355
651 358
668 363
686 366
705 368
724 367
