564 866
572 886
580 908
589 929
600 950
612 970
627 989
642 1007
659 1023
676 1039
695 1052
715 1063
737 1071
760 1077
783 1083
806 1089
830 1094
853 1095
877 1093
898 1088
921 1082
944 1077
967 1069
985 1057
1003 1041
1020 1023
1035 1005
1047 987
1060 968
1070 946
1078 923
1085 900
1090 879
1094 855
1094 832
1092 808
1089 785
1084 763
1079 739
1076 717
1072 692
750 777
746 795
742 814
745 834
752 852
770 859
788 859
809 856
827 851
845 845
863 838
880 826
891 811
891 792
882 775
870 759
858 743
726 936
745 926
766 919
787 913
807 905
827 896
848 887
868 880
889 872
909 865
930 857
950 850
973 847
971 868
963 889
956 909
946 929
934 948
919 965
901 981
882 992
861 998
838 1000
815 997
794 991
774 983
754 972
737 955
737 936
755 932
774 929
793 926
811 923
829 919
847 913
864 907
881 900
897 892
914 883
930 874
945 864
962 858
954 874
946 891
939 908
926 922
910 933
895 945
879 955
862 961
844 965
824 966
805 966
786 962
769 956
752 948
851 656
856 649
860 640
867 633
875 628
883 623
892 621
902 620
911 621
920 624
929 628
929 637
922 643
913 647
905 650
896 653
887 654
877 655
868 657
859 660
697 703
689 699
681 697
673 696
664 696
656 699
648 702
641 708
635 714
631 722
628 729
636 733
644 734
653 734
662 733
670 730
677 726
684 722
691 717
698 711
803 611
810 595
823 581
839 571
855 563
871 556
888 551
906 548
926 548
944 550
962 554
958 567
940 571
922 574
905 578
887 583
871 590
855 597
838 605
822 611
717 642
699 637
681 634
661 635
641 635
622 638
605 645
589 654
573 665
558 678
550 694
569 693
588 690
606 685
624 680
642 675
660 672
679 669
697 665
716 661
