334 323
330 337
329 350
329 363
330 377
331 392
333 405
336 419
340 432
347 445
354 456
362 468
370 478
379 489
391 498
403 505
416 508
430 509
443 509
458 509
471 508
485 506
500 504
513 501
527 498
539 496
553 491
565 484
576 476
586 466
595 455
604 444
611 432
615 420
618 406
620 392
623 378
624 365
625 351
626 336
625 322
402 302
399 311
394 321
392 331
395 341
403 347
414 347
423 346
434 344
444 343
455 344
465 344
472 338
474 328
468 319
461 312
453 304
385 397
389 389
396 382
404 378
413 376
422 378
431 379
440 379
450 379
459 380
467 382
476 384
484 387
492 391
499 396
493 403
485 406
477 409
469 411
460 414
452 416
442 417
433 417
423 416
415 414
406 412
398 408
390 404
388 399
395 397
403 396
410 396
418 396
426 397
434 396
442 396
450 395
458 395
465 396
473 396
481 396
489 397
496 398
489 397
481 397
473 396
465 396
457 397
450 397
442 398
434 398
426 398
418 397
411 396
403 396
395 397
493 263
496 258
501 256
506 254
511 253
517 252
522 253
528 254
533 255
538 257
542 261
541 265
536 267
531 268
525 269
519 269
514 268
508 267
503 266
498 265
415 263
411 260
407 258
403 256
399 255
394 255
390 255
385 255
381 257
377 259
373 261
376 265
380 266
384 267
389 267
393 267
398 267
403 267
407 267
412 267
479 205
489 201
501 198
513 198
525 199
536 200
547 204
557 209
566 217
575 226
578 233
568 227
559 220
548 215
537 212
525 212
514 216
503 217
491 219
479 218
405 217
403 211
397 208
390 207
383 207
377 207
370 209
364 211
359 215
354 220
351 226
349 233
355 231
360 226
366 222
372 220
379 220
386 220
393 221
400 222
