481 1145
491 1196
504 1248
518 1304
530 1356
547 1408
566 1464
583 1516
606 1567
632 1611
664 1658
702 1701
739 1742
770 1784
807 1828
844 1866
892 1896
949 1908
1002 1912
1057 1913
1115 1917
1167 1907
1217 1889
1271 1873
1324 1850
1376 1831
1425 1810
1473 1785
1522 1755
1564 1725
1609 1686
1644 1646
1672 1601
1697 1548
1716 1498
1732 1446
1752 1391
1769 1341
1785 1290
1799 1232
1805 1176
1143 1125
1110 1150
1083 1184
1056 1223
1043 1261
1060 1303
1100 1312
1146 1317
1189 1319
1235 1324
1277 1331
1322 1340
1362 1324
1380 1285
1370 1241
1355 1199
1339 1157
992 1536
1016 1521
1040 1506
1065 1490
1088 1474
1115 1465
1144 1461
1174 1458
1203 1461
1230 1468
1255 1483
1276 1505
1292 1529
1307 1553
1314 1581
1291 1597
1267 1616
1244 1633
1219 1646
1192 1655
1163 1658
1135 1652
1108 1644
1081 1635
1056 1624
1030 1611
1008 1590
997 1564
1046 1537
1058 1525
1072 1516
1086 1511
1100 1505
1115 1499
1129 1492
1145 1493
1160 1498
1175 1501
1192 1501
1209 1499
1224 1502
1237 1513
1247 1525
1253 1540
1240 1549
1223 1550
1207 1548
1191 1545
1176 1541
1159 1541
1142 1540
1126 1537
1110 1535
1094 1533
1078 1531
1060 1531
1387 1031
1397 1011
1415 996
1436 988
1460 985
1485 985
1508 989
1529 995
1549 1006
1568 1019
1586 1037
1577 1057
1558 1069
1537 1076
1513 1079
1490 1077
1467 1072
1446 1065
1426 1055
1406 1044
1039 987
1023 967
1002 953
981 941
957 934
931 931
904 931
880 936
857 945
835 955
814 969
834 986
855 1000
876 1012
899 1019
925 1022
951 1021
977 1018
1002 1015
1026 1008
1407 851
1432 820
1467 807
1508 807
1546 814
1583 823
1618 838
1650 858
1681 883
1703 914
1717 949
1715 987
1679 975
1649 948
1617 927
1583 911
1547 900
1509 893
1470 889
1432 881
1106 797
1102 755
1062 736
1021 723
977 714
931 712
885 717
842 726
801 740
763 762
729 796
703 832
748 837
793 831
837 823
879 812
923 803
968 797
1015 797
1061 802
