180 273
175 291
170 309
166 328
164 348
165 367
166 387
169 406
174 427
181 444
190 461
201 478
214 492
228 507
240 521
251 536
265 550
281 562
300 570
317 574
337 578
356 578
377 578
395 577
415 573
434 567
451 558
466 547
482 535
499 524
515 513
531 502
546 490
560 475
570 459
580 443
589 425
596 408
603 388
605 369
606 349
335 305
324 314
315 326
313 342
323 353
337 358
353 362
367 366
382 371
397 373
413 376
429 377
444 374
457 366
461 353
455 338
450 323
259 412
275 413
291 416
307 418
322 420
338 423
354 425
370 427
386 428
401 432
417 434
433 436
449 438
463 443
459 455
445 459
430 464
415 468
400 471
384 472
367 471
352 469
337 465
323 458
309 450
296 443
283 434
270 424
274 418
287 420
299 425
311 429
323 434
336 437
349 440
362 442
375 444
389 444
403 446
417 446
431 446
445 446
459 447
445 447
430 447
416 447
402 446
389 445
375 444
361 444
347 442
335 439
323 434
311 430
298 427
286 422
462 244
470 235
480 229
490 224
500 220
511 218
522 220
533 222
543 227
552 234
559 243
560 254
549 257
538 258
527 260
515 260
503 260
492 258
481 256
471 252
344 216
339 208
332 200
325 195
316 192
307 189
297 189
287 189
278 191
269 195
261 199
268 206
275 212
283 217
292 221
301 224
310 226
320 226
330 226
339 224
456 170
466 156
481 149
497 147
515 147
532 148
548 152
563 157
577 165
590 177
600 191
593 201
580 190
566 180
551 174
535 172
518 175
502 179
486 182
469 181
364 148
357 135
343 126
330 119
316 112
302 106
286 104
270 105
255 108
240 111
224 113
236 125
250 130
266 129
282 130
298 133
312 138
326 144
339 153
353 160
