89 579
95 599
102 622
110 644
115 664
122 686
131 708
139 728
149 749
157 771
167 792
179 811
195 829
211 844
227 862
240 878
257 894
276 908
296 918
319 921
341 920
363 918
387 916
409 911
429 902
446 886
460 868
472 849
482 828
490 805
499 786
509 764
518 743
527 722
535 701
543 681
549 659
555 636
561 614
564 591
568 568
325 541
316 553
307 569
301 585
310 599
322 611
336 620
352 626
368 634
384 635
398 624
410 611
422 599
436 590
440 575
432 560
422 544
233 695
250 678
272 672
295 667
319 666
343 665
368 665
392 664
416 662
440 660
462 666
480 684
474 706
467 727
459 748
450 769
437 788
419 804
398 813
376 819
352 820
329 817
309 808
290 794
274 776
261 757
249 737
240 717
247 701
262 692
280 688
300 688
320 687
339 687
359 688
378 687
397 684
415 681
434 678
452 681
462 697
454 713
446 729
437 745
425 760
410 771
394 779
376 785
357 786
339 784
321 779
305 771
290 762
275 748
264 733
254 718
427 471
433 464
440 458
448 453
455 449
464 447
473 446
482 447
490 449
498 452
505 458
505 467
497 471
489 473
480 474
470 473
462 471
453 469
445 468
436 470
280 461
274 455
267 451
260 448
252 446
243 446
235 448
228 451
221 456
216 462
211 469
218 474
225 477
232 480
241 480
249 480
257 478
265 477
272 473
279 470
408 422
416 408
429 396
443 389
458 384
474 380
491 379
508 379
523 384
536 395
543 409
545 426
530 424
515 419
500 414
483 413
467 415
452 420
437 426
422 431
335 412
328 393
309 383
290 376
269 373
246 372
224 373
204 378
185 388
169 403
157 421
152 442
171 434
190 426
211 421
231 415
252 413
275 414
296 417
317 422
