1045 1218
1048 1258
1058 1301
1077 1340
1095 1381
1111 1420
1133 1458
1156 1491
1181 1528
1209 1559
1245 1589
1271 1622
1303 1648
1336 1680
1364 1715
1393 1746
1426 1769
1468 1782
1511 1786
1555 1795
1596 1802
1642 1796
1683 1787
1725 1771
1761 1753
1797 1731
1829 1700
1859 1665
1888 1634
1915 1600
1938 1562
1961 1530
1993 1498
2024 1468
2050 1435
2069 1395
2083 1354
2089 1310
2096 1269
2104 1225
2112 1180
1409 1285
1391 1314
1375 1345
1383 1379
1406 1409
1441 1417
1476 1423
1510 1430
1549 1430
1584 1422
1620 1414
1650 1401
1688 1390
1704 1359
1704 1323
1687 1295
1657 1270
1363 1497
1398 1491
1435 1491
1472 1492
1509 1491
1546 1489
1581 1485
1618 1482
1654 1481
1690 1477
1725 1472
1761 1469
1797 1472
1781 1502
1762 1531
1739 1559
1712 1585
1684 1607
1654 1624
1622 1634
1587 1641
1552 1637
1517 1630
1484 1622
1454 1605
1427 1581
1400 1556
1377 1528
1380 1506
1409 1511
1441 1510
1472 1513
1504 1515
1534 1520
1565 1522
1595 1516
1623 1509
1652 1502
1682 1496
1710 1488
1738 1479
1767 1472
1762 1497
1738 1518
1714 1536
1688 1552
1661 1562
1632 1569
1602 1574
1572 1579
1540 1579
1510 1574
1483 1565
1456 1552
1430 1539
1404 1524
1669 1093
1677 1071
1694 1052
1714 1036
1735 1024
1758 1017
1782 1014
1808 1016
1832 1021
1854 1028
1875 1039
1877 1064
1858 1082
1837 1095
1815 1103
1791 1108
1766 1110
1740 1111
1714 1110
1689 1108
1378 1079
1367 1060
1349 1046
1329 1036
1308 1031
1285 1029
1261 1029
1238 1033
1218 1040
1199 1052
1183 1070
1200 1087
1218 1102
1238 1112
1260 1117
1283 1118
1306 1116
1329 1112
1351 1108
1371 1100
1607 1000
1629 966
1665 951
1702 940
1741 930
1780 922
1820 917
1863 916
1904 920
1942 931
1977 950
1964 981
1922 980
1881 975
1839 973
1797 975
1756 981
1720 993
1683 1006
1643 1013
1389 1006
1370 975
1337 957
1302 942
1267 931
1228 926
1189 921
1149 923
1110 929
1076 942
1046 969
1040 1007
1078 1014
1115 1007
1154 1002
1194 999
1233 995
1274 994
1312 1000
1349 1008
