592 814
589 837
584 863
587 889
587 914
593 939
604 962
612 986
621 1009
633 1034
647 1053
665 1072
681 1090
698 1109
717 1128
738 1141
761 1152
786 1162
810 1166
836 1169
860 1169
888 1165
911 1163
938 1157
960 1148
983 1136
1004 1121
1026 1104
1044 1089
1066 1074
1086 1059
1102 1041
1116 1018
1127 994
1134 972
1140 946
1144 920
1147 895
1151 870
1152 845
1152 818
779 796
766 808
760 826
754 844
762 859
779 868
797 873
814 878
833 883
852 881
870 876
887 870
904 863
920 852
925 836
917 819
901 807
695 928
716 914
740 909
767 908
792 912
817 915
844 915
870 914
897 914
922 917
947 920
971 927
992 939
987 963
972 983
953 1003
934 1021
913 1033
890 1040
864 1043
838 1044
812 1043
787 1039
765 1028
745 1014
728 994
716 973
705 951
706 941
723 929
744 926
765 930
785 934
806 938
828 940
850 939
872 938
894 937
915 938
937 939
959 941
978 947
973 966
956 979
938 988
919 996
900 1002
879 1005
857 1005
834 1005
813 1003
793 997
774 991
756 982
739 969
722 956
925 731
933 724
941 717
950 712
959 708
968 704
978 703
989 703
999 705
1008 708
1017 714
1018 725
1008 729
999 731
988 732
977 732
967 732
956 732
946 730
936 731
770 715
762 708
755 701
746 696
738 692
729 689
719 688
708 689
699 691
690 694
682 700
691 705
700 708
709 711
719 712
728 714
738 715
748 716
758 718
767 721
917 660
928 644
947 639
966 636
986 634
1006 632
1026 631
1046 634
1063 641
1079 652
1089 669
1073 673
1055 667
1036 663
1015 663
996 667
978 672
959 676
941 682
922 678
781 653
768 640
754 630
740 620
725 612
709 607
692 604
674 603
657 607
643 615
633 629
651 629
669 631
686 634
703 638
718 644
733 652
748 660
763 669
781 671
