316 430
313 444
313 459
315 474
317 490
321 504
324 519
327 535
329 550
330 564
333 580
339 594
349 605
361 614
376 619
391 622
406 623
421 623
437 620
452 617
466 615
481 614
498 614
513 616
529 618
542 619
558 619
574 615
585 607
594 594
600 579
603 565
604 549
606 534
610 519
615 505
619 489
622 474
623 459
624 444
623 428
443 413
437 422
432 430
430 441
434 450
443 457
452 459
463 462
474 462
483 462
494 461
504 457
509 448
513 438
510 428
506 418
499 410
411 519
416 512
423 506
430 501
438 496
446 493
453 489
462 488
471 487
480 488
489 490
496 493
504 497
511 503
518 510
524 517
518 523
509 525
500 524
491 523
483 522
474 521
465 520
455 520
446 521
437 521
428 522
419 522
414 519
422 517
429 515
436 512
443 509
451 508
459 508
467 507
475 506
484 507
491 509
498 512
505 515
512 518
519 520
512 517
505 514
498 511
491 509
483 507
475 506
467 506
458 506
450 507
443 508
436 511
429 514
422 517
507 386
510 380
514 375
519 371
524 367
530 365
537 364
543 364
549 366
555 370
559 375
561 381
560 388
554 389
547 389
540 390
533 389
527 389
520 388
513 387
420 372
419 367
415 362
410 359
404 358
398 358
392 358
387 359
382 362
377 366
374 371
372 376
377 379
383 380
389 379
395 379
401 378
407 378
413 379
419 378
494 344
497 333
507 328
517 323
528 320
540 319
552 320
563 323
573 328
582 336
589 346
590 353
580 347
571 341
560 336
549 334
538 336
526 339
516 342
505 346
450 325
439 320
428 315
416 313
403 312
391 314
379 318
368 322
358 329
351 339
346 350
356 343
366 336
377 332
390 331
402 332
414 335
425 339
438 340
449 337
