427 1379
436 1422
441 1466
441 1510
447 1555
459 1601
477 1641
502 1679
532 1714
564 1745
597 1777
630 1809
662 1839
694 1871
726 1906
758 1936
794 1965
833 1989
872 2008
915 2022
959 2026
1003 2026
1049 2019
1092 2008
1131 1987
1163 1951
1182 1911
1197 1870
1216 1825
1240 1787
1264 1749
1290 1712
1314 1673
1337 1636
1356 1593
1368 1552
1381 1508
1393 1466
1400 1422
1405 1376
1401 1328
890 1373
880 1400
870 1432
880 1460
906 1478
937 1491
969 1495
999 1500
1032 1508
1062 1513
1091 1503
1122 1492
1150 1480
1160 1450
1159 1418
1146 1388
1128 1360
738 1609
776 1601
818 1599
860 1599
900 1602
940 1607
980 1612
1019 1619
1058 1613
1095 1603
1137 1601
1179 1601
1195 1635
1179 1670
1161 1704
1142 1738
1118 1770
1086 1793
1050 1806
1010 1811
969 1808
931 1799
895 1787
861 1768
835 1737
811 1705
785 1673
760 1642
757 1615
791 1614
823 1619
857 1621
889 1626
920 1634
952 1641
983 1648
1016 1652
1051 1652
1083 1647
1114 1639
1145 1632
1176 1624
1153 1647
1133 1673
1107 1692
1078 1706
1050 1720
1019 1727
985 1729
952 1725
921 1716
892 1705
864 1691
836 1674
809 1657
783 1637
1100 1191
1105 1173
1120 1158
1137 1149
1154 1142
1172 1136
1191 1131
1211 1130
1231 1133
1249 1138
1266 1147
1269 1166
1257 1182
1240 1192
1221 1196
1201 1198
1181 1196
1161 1194
1141 1193
1120 1193
867 1171
853 1157
839 1145
823 1137
805 1133
785 1134
767 1138
751 1144
735 1152
719 1162
703 1171
719 1180
735 1188
752 1195
769 1199
788 1200
807 1199
825 1196
843 1191
861 1187
1076 1100
1081 1066
1101 1039
1128 1017
1157 1001
1188 990
1222 984
1257 982
1292 983
1324 992
1351 1013
1362 1042
1327 1043
1293 1047
1260 1055
1228 1064
1198 1076
1167 1087
1137 1099
1106 1111
962 1099
960 1051
924 1021
884 1001
842 986
797 977
750 972
701 974
657 984
617 1006
581 1036
550 1072
597 1067
642 1058
689 1054
738 1053
784 1059
828 1070
871 1083
913 1098
