690 947
692 977
694 1008
698 1038
707 1067
720 1095
734 1122
748 1149
764 1178
779 1202
797 1230
813 1254
833 1277
858 1298
882 1314
911 1329
938 1343
967 1351
998 1355
1029 1354
1059 1353
1089 1345
1116 1332
1142 1314
1167 1293
1189 1271
1208 1250
1230 1225
1249 1203
1268 1179
1284 1152
1297 1125
1309 1095
1319 1067
1327 1037
1335 1007
1341 975
1338 944
1334 916
1334 886
1334 852
931 887
916 905
901 923
894 944
898 967
913 986
934 998
955 1006
979 1005
1002 1002
1025 994
1045 981
1062 963
1072 944
1065 921
1049 904
1029 890
823 1054
851 1048
880 1053
909 1057
939 1060
970 1059
1001 1059
1030 1055
1058 1049
1086 1042
1115 1038
1144 1034
1172 1037
1164 1064
1152 1089
1134 1113
1112 1134
1087 1149
1061 1159
1033 1166
1005 1171
976 1175
946 1172
920 1163
895 1147
873 1126
853 1103
836 1079
841 1062
867 1062
891 1066
915 1072
939 1076
964 1078
990 1077
1015 1074
1039 1068
1062 1062
1085 1057
1108 1050
1132 1044
1155 1044
1143 1064
1127 1084
1107 1099
1086 1110
1064 1120
1041 1127
1017 1130
992 1133
967 1134
943 1129
921 1121
899 1111
879 1096
860 1080
1060 782
1065 773
1073 768
1081 764
1091 762
1101 760
1111 758
1121 758
1131 758
1142 759
1149 765
1148 775
1140 781
1131 783
1121 785
1111 786
1100 786
1090 786
1080 785
1070 784
857 790
852 782
844 779
834 778
825 778
815 779
805 780
796 781
787 784
780 789
774 797
781 803
790 806
799 808
809 808
819 807
828 806
838 805
847 804
855 799
1038 737
1051 719
1069 704
1090 695
1111 690
1134 687
1157 685
1180 681
1204 680
1226 684
1246 694
1232 705
1208 705
1185 707
1163 712
1143 719
1122 726
1100 732
1079 738
1058 744
896 761
892 741
873 726
851 718
828 714
804 711
780 707
757 703
732 703
710 713
696 732
690 754
710 743
731 734
756 734
779 738
802 745
825 749
849 751
873 756
