183 788
194 825
206 862
217 903
224 941
231 983
239 1022
250 1061
263 1100
279 1139
297 1175
321 1209
346 1238
378 1266
410 1291
443 1315
476 1336
510 1359
545 1380
579 1399
616 1416
658 1424
697 1427
738 1421
775 1412
812 1390
841 1362
867 1332
892 1301
916 1268
943 1239
974 1209
997 1175
1019 1142
1041 1107
1059 1070
1075 1035
1091 998
1106 959
1117 921
1129 879
748 908
727 934
701 960
681 991
690 1026
718 1052
750 1066
786 1076
820 1083
857 1086
891 1072
918 1048
945 1022
940 987
925 951
912 919
901 882
589 1169
616 1170
642 1174
669 1176
696 1175
723 1173
750 1175
776 1178
802 1175
827 1169
855 1168
882 1169
908 1172
917 1195
901 1216
882 1235
861 1252
840 1267
816 1275
789 1278
762 1276
736 1272
713 1264
690 1252
669 1238
647 1223
626 1207
606 1189
612 1180
633 1185
655 1188
677 1190
699 1192
720 1195
742 1198
764 1200
786 1202
808 1200
830 1198
851 1195
872 1191
893 1186
912 1182
891 1187
871 1192
850 1196
829 1200
807 1203
785 1205
763 1203
741 1200
719 1198
698 1194
676 1191
654 1189
633 1185
910 740
914 721
925 704
941 690
958 680
977 673
997 670
1017 672
1037 677
1055 685
1071 699
1079 716
1068 733
1052 745
1033 750
1011 751
991 749
971 743
952 739
930 739
690 714
672 699
654 686
635 675
613 670
590 670
568 673
547 679
526 687
507 696
489 709
507 722
527 731
547 737
569 742
592 743
614 740
635 734
658 731
681 730
951 615
964 592
986 577
1010 566
1034 556
1058 547
1082 538
1108 533
1133 540
1154 557
1172 578
1170 604
1148 588
1125 577
1097 579
1072 587
1048 597
1025 607
1000 615
975 623
738 580
707 553
671 538
634 526
596 516
556 511
515 515
477 525
441 538
407 558
376 587
417 582
456 575
496 570
538 570
578 577
616 585
654 597
690 611
730 616
