283 370
283 388
286 406
291 425
297 443
304 462
311 479
317 497
325 516
332 533
340 550
349 567
361 581
375 594
391 603
410 610
430 612
448 611
467 614
486 618
505 618
523 613
543 611
561 608
580 604
599 600
617 594
633 585
646 572
656 555
663 538
669 520
676 500
681 482
683 465
684 446
685 426
688 407
691 389
692 370
692 349
428 328
419 338
412 349
410 364
415 376
428 381
442 382
457 380
471 377
484 377
498 380
512 378
524 371
528 358
524 345
515 335
502 327
411 457
417 447
427 441
437 436
448 433
460 431
472 431
484 432
497 432
508 434
518 439
529 444
539 449
548 457
546 468
537 477
527 483
516 487
505 490
494 492
483 495
471 497
459 497
448 495
437 491
427 486
418 479
412 469
413 468
421 465
429 463
438 462
447 462
456 461
465 461
474 460
483 459
492 459
501 459
510 458
518 460
527 460
536 461
529 461
520 460
511 460
501 460
492 460
483 461
474 461
465 461
456 461
447 463
439 464
429 464
421 466
528 264
535 259
542 254
550 250
558 247
566 245
575 243
584 243
593 244
601 248
608 254
606 262
598 266
590 268
581 269
572 270
562 269
553 268
544 267
535 268
407 265
401 263
394 261
387 260
380 259
372 259
365 260
358 261
352 263
346 268
343 274
350 276
357 276
364 276
372 275
379 275
386 274
393 273
400 273
407 271
511 169
522 157
536 151
552 148
569 147
585 147
601 150
616 155
629 162
642 173
651 186
643 191
630 181
617 173
602 168
585 168
570 172
555 176
539 178
523 180
407 177
404 163
391 157
376 155
361 157
348 162
335 168
323 178
312 189
303 201
296 214
291 227
306 227
317 216
325 203
336 192
348 185
362 181
377 179
391 176
