953 1023
956 1068
958 1109
961 1155
967 1200
975 1246
984 1291
995 1333
1006 1375
1018 1419
1042 1456
1068 1492
1099 1528
1131 1558
1168 1585
1205 1610
1242 1635
1284 1658
1327 1672
1368 1681
1414 1690
1458 1692
1503 1687
1542 1668
1583 1648
1627 1631
1665 1606
1701 1580
1736 1554
1768 1521
1804 1494
1829 1459
1850 1418
1869 1375
1881 1335
1886 1290
1888 1243
1890 1198
1895 1153
1899 1107
1901 1062
1415 1146
1395 1174
1375 1200
1350 1225
1341 1257
1361 1285
1392 1298
1427 1298
1461 1296
1493 1293
1530 1291
1563 1288
1595 1272
1603 1241
1591 1211
1562 1187
1535 1165
1303 1430
1325 1424
1350 1425
1373 1422
1396 1417
1416 1408
1441 1408
1465 1410
1489 1410
1514 1411
1538 1413
1561 1417
1584 1420
1606 1426
1607 1447
1587 1458
1566 1466
1545 1474
1523 1481
1500 1485
1476 1486
1452 1484
1428 1483
1404 1481
1382 1474
1362 1464
1341 1457
1321 1445
1313 1427
1335 1426
1356 1427
1377 1429
1398 1432
1419 1434
1439 1436
1461 1437
1483 1437
1505 1437
1526 1437
1547 1435
1568 1433
1589 1431
1607 1434
1586 1436
1565 1437
1543 1438
1522 1439
1501 1442
1480 1444
1459 1443
1438 1440
1418 1437
1397 1435
1376 1433
1355 1431
1334 1429
1581 1015
1591 997
1607 983
1625 973
1644 965
1664 960
1684 957
1706 958
1727 962
1745 971
1762 984
1761 1006
1744 1018
1725 1026
1705 1030
1684 1032
1662 1033
1640 1032
1619 1030
1598 1027
1331 1025
1319 1011
1304 1001
1288 994
1271 990
1252 988
1234 989
1216 994
1200 1001
1185 1009
1169 1019
1182 1033
1197 1042
1213 1048
1231 1052
1250 1053
1268 1051
1286 1048
1304 1045
1321 1040
1581 922
1590 895
1613 875
1639 863
1667 856
1697 853
1727 852
1758 853
1788 857
1814 868
1837 888
1839 910
1812 901
1783 896
1753 892
1722 892
1692 894
1662 897
1634 903
1607 912
1350 913
1320 892
1287 881
1251 875
1215 868
1178 865
1140 868
1107 879
1076 898
1047 921
1018 944
1052 954
1087 946
1120 934
1156 927
1194 925
1232 927
1268 932
1304 938
1341 942
