828 1093
830 1124
833 1161
841 1194
853 1226
867 1257
878 1290
885 1323
896 1355
906 1387
919 1422
934 1450
956 1478
985 1499
1013 1512
1047 1527
1075 1543
1109 1550
1142 1556
1177 1558
1213 1559
1246 1550
1274 1535
1306 1521
1340 1511
1373 1505
1406 1495
1435 1477
1461 1455
1481 1427
1499 1395
1509 1366
1522 1331
1533 1300
1536 1265
1538 1233
1540 1198
1545 1164
1552 1128
1555 1094
1562 1060
1099 989
1088 1022
1079 1052
1062 1085
1054 1117
1070 1149
1102 1156
1138 1156
1171 1154
1206 1152
1242 1149
1270 1134
1273 1098
1261 1066
1241 1039
1221 1010
1207 977
988 1235
1018 1236
1047 1233
1075 1228
1105 1228
1134 1232
1164 1233
1192 1229
1222 1226
1252 1225
1282 1225
1312 1226
1342 1228
1356 1249
1335 1271
1312 1290
1288 1305
1263 1317
1237 1325
1209 1331
1179 1333
1149 1334
1120 1331
1091 1327
1065 1318
1042 1302
1019 1282
1001 1260
1029 1246
1051 1250
1074 1253
1097 1256
1120 1257
1143 1261
1165 1264
1189 1263
1210 1258
1232 1253
1254 1248
1277 1244
1300 1242
1323 1240
1333 1251
1313 1260
1292 1267
1270 1271
1248 1276
1226 1281
1204 1284
1180 1286
1156 1286
1133 1284
1111 1280
1088 1277
1066 1272
1047 1261
1252 917
1265 910
1277 902
1288 893
1301 885
1314 879
1328 876
1344 876
1358 878
1372 883
1383 892
1383 908
1371 915
1357 919
1342 921
1327 920
1312 919
1297 917
1282 916
1267 918
1040 918
1039 907
1030 900
1020 897
1009 894
997 894
986 896
976 899
966 902
956 907
948 915
942 924
952 927
963 929
974 930
986 930
997 928
1008 926
1019 925
1030 923
1231 821
1236 797
1258 788
1282 782
1305 776
1329 771
1353 766
1379 765
1404 768
1427 776
1448 787
1443 804
1417 803
1391 802
1366 805
1341 808
1317 813
1294 820
1273 831
1250 838
1068 829
1051 810
1029 801
1006 795
982 790
957 787
932 785
907 788
885 797
866 813
852 833
874 825
897 819
922 817
947 820
971 824
994 830
1017 837
1040 845
1063 850
