326 359
327 371
329 383
332 396
335 408
339 421
342 433
346 445
351 455
357 466
365 477
372 487
380 497
388 506
398 514
409 522
419 528
429 535
441 540
453 543
466 542
479 540
491 536
502 531
514 526
524 519
534 511
542 503
552 493
560 484
568 474
575 464
581 453
586 442
591 430
595 418
598 406
602 393
605 381
609 369
611 356
442 339
434 348
426 356
419 366
421 377
429 385
440 388
452 390
464 391
475 390
487 388
498 385
507 377
509 366
501 356
493 348
484 339
401 437
405 426
413 417
424 412
435 410
448 410
459 412
472 411
483 409
495 409
506 412
517 417
527 423
534 433
531 444
525 454
517 463
508 472
498 478
487 482
476 485
463 485
451 484
440 480
431 474
421 466
413 457
407 447
406 436
415 435
423 433
432 432
441 432
450 433
459 433
467 432
476 431
485 432
494 431
503 431
511 432
520 434
518 441
511 444
503 448
496 451
488 453
479 454
470 455
461 455
452 455
444 453
437 450
429 446
422 443
414 439
503 288
509 284
514 280
521 277
527 274
534 273
541 272
548 273
555 274
561 276
567 281
564 287
558 291
551 293
545 295
537 295
530 294
523 293
516 291
509 291
425 285
419 282
413 278
407 276
401 274
394 273
388 272
381 272
375 275
369 278
364 283
369 289
375 291
381 294
388 294
395 294
402 294
409 293
415 292
422 291
498 259
503 251
512 246
521 243
531 240
540 237
549 234
559 233
569 235
578 240
586 247
588 255
578 255
568 253
557 252
547 252
537 253
527 255
517 258
508 260
425 258
419 250
412 243
404 238
396 233
387 229
378 227
368 226
358 228
350 233
342 240
337 248
347 247
357 247
367 248
377 249
387 251
397 252
406 253
416 255
