1502 1115
1518 1165
1535 1215
1555 1262
1579 1306
1614 1346
1651 1385
1688 1419
1727 1452
1770 1485
1815 1514
1854 1550
1884 1590
1919 1628
1961 1663
2006 1682
2059 1693
2112 1695
2164 1690
2215 1676
2263 1656
2307 1626
2349 1601
2394 1569
2442 1549
2489 1529
2535 1504
2580 1475
2619 1436
2652 1401
2682 1360
2713 1313
2735 1264
2751 1219
2770 1166
2784 1119
2801 1068
2820 1017
2834 969
2844 916
2852 863
1862 1064
1857 1117
1849 1169
1834 1222
1824 1273
1859 1310
1910 1322
1966 1334
2016 1336
2071 1328
2125 1317
2176 1300
2197 1257
2192 1199
2171 1150
2157 1098
2140 1046
1891 1434
1913 1415
1937 1406
1966 1408
1991 1417
2017 1423
2044 1419
2072 1415
2101 1415
2128 1418
2155 1423
2183 1427
2210 1431
2238 1435
2224 1454
2203 1474
2184 1495
2162 1511
2137 1522
2110 1526
2082 1530
2053 1529
2026 1525
2000 1519
1976 1507
1953 1492
1931 1474
1913 1452
1910 1440
1931 1443
1954 1442
1977 1442
1997 1447
2018 1451
2041 1452
2063 1450
2085 1449
2108 1449
2131 1449
2153 1451
2174 1447
2196 1443
2217 1440
2196 1442
2175 1446
2154 1449
2131 1449
2109 1447
2086 1446
2063 1447
2041 1449
2019 1450
1998 1447
1978 1441
1955 1441
1932 1442
2168 949
2182 927
2196 904
2217 884
2240 872
2266 867
2295 866
2322 868
2350 869
2378 872
2402 883
2405 910
2382 923
2358 933
2332 940
2306 944
2277 945
2249 943
2222 941
2195 945
1810 916
1794 900
1775 891
1756 885
1735 880
1715 876
1693 873
1671 872
1650 876
1630 884
1613 895
1630 910
1647 922
1666 930
1687 934
1709 936
1731 935
1753 933
1775 932
1798 933
2004 790
2058 761
2125 759
2190 752
2256 749
2321 743
2385 737
2451 740
2512 756
2568 781
2620 816
2558 826
2491 825
2425 821
2358 821
2292 825
2227 831
2159 831
2095 838
2031 845
1837 808
1801 779
1760 766
1719 754
1677 742
1632 737
1584 737
1540 744
1500 759
1464 785
1433 820
1472 837
1513 823
1556 814
1603 816
1647 824
1690 833
1734 842
1777 850
1823 847
