70 385
66 402
63 419
59 438
60 456
63 475
65 492
70 511
78 528
87 544
98 559
108 574
121 588
133 600
147 614
161 626
174 638
190 649
204 660
219 672
234 680
252 686
270 688
290 689
307 687
323 679
339 668
354 657
367 644
378 630
390 615
403 602
415 588
427 573
436 557
443 540
449 524
457 506
465 490
472 474
480 455
298 415
288 427
276 439
264 450
258 466
267 478
283 484
298 485
315 488
332 489
348 491
365 490
378 480
375 464
370 450
364 433
359 417
214 537
227 535
241 536
255 537
269 537
282 539
295 542
309 542
323 540
336 538
350 539
364 540
376 546
382 557
377 569
369 580
358 588
346 592
332 593
318 593
304 592
291 590
279 586
267 580
256 572
246 564
236 554
226 544
225 539
235 541
244 543
254 545
264 547
273 550
283 552
293 554
303 555
313 554
324 554
335 554
345 553
355 552
366 551
355 552
345 554
335 554
324 555
314 555
303 555
293 554
283 552
273 550
263 548
253 546
244 544
234 541
379 351
385 344
392 339
400 334
408 330
416 328
426 328
434 330
442 334
449 338
455 346
456 354
449 360
441 361
431 361
422 361
413 360
404 357
396 355
387 354
259 320
255 313
249 307
242 303
235 301
227 300
219 301
211 303
204 306
198 311
192 317
198 322
204 328
211 331
218 334
227 335
235 335
243 334
251 333
257 327
383 318
390 308
400 300
412 297
425 295
437 294
451 295
463 297
473 303
480 313
483 325
484 339
478 330
470 321
459 316
447 314
434 313
421 314
408 315
395 316
300 289
288 278
274 272
259 269
243 268
227 266
210 267
194 269
179 273
165 278
151 284
168 284
184 283
200 282
217 282
234 283
249 285
264 288
278 294
293 299
