384 506
381 521
380 537
380 553
381 568
383 583
385 598
389 614
395 628
404 643
413 655
423 667
433 679
445 689
457 699
469 709
483 717
497 723
512 728
527 732
543 734
558 733
574 731
589 727
605 722
619 716
632 708
646 698
657 688
668 677
679 665
689 653
699 641
706 627
713 613
719 598
723 583
726 568
726 552
725 537
722 520
527 498
517 506
507 515
504 527
510 538
519 546
531 550
545 552
557 551
571 553
583 553
595 550
608 544
615 535
616 522
608 512
600 502
474 598
484 590
497 587
509 583
521 580
535 580
549 581
561 584
574 586
588 586
601 588
613 592
626 595
631 607
625 618
617 629
607 638
596 644
584 649
571 651
558 652
544 652
531 650
519 645
508 638
497 630
487 620
479 610
476 599
486 595
497 596
509 597
520 596
531 597
543 598
554 599
565 599
577 599
588 599
600 599
612 599
623 599
620 607
611 613
601 617
591 621
581 623
569 624
558 624
546 624
535 623
524 621
514 618
504 614
494 609
485 604
616 447
622 444
627 438
633 434
639 431
646 429
653 427
661 427
667 429
674 432
679 437
680 444
674 448
667 450
660 451
653 451
645 451
638 450
630 450
623 449
508 437
502 433
497 429
491 425
485 422
478 421
470 421
463 421
457 423
451 426
446 432
451 437
457 441
463 443
470 444
477 444
484 444
492 444
499 444
506 443
593 399
601 393
609 389
617 385
626 383
635 382
645 381
655 381
664 383
673 385
680 391
679 400
670 401
660 402
650 402
640 402
631 403
621 403
611 403
602 403
522 398
523 385
510 379
497 375
483 370
469 368
454 370
441 375
429 383
418 393
407 404
399 416
412 409
424 402
437 396
450 392
465 391
479 393
493 398
507 400
