316 452
319 465
322 479
327 493
330 507
335 520
339 533
345 546
350 559
356 573
363 586
371 597
379 608
388 619
400 628
413 631
428 633
442 633
456 633
470 633
485 632
499 631
512 626
525 621
539 615
551 607
561 597
571 587
581 577
592 567
600 556
607 544
613 530
618 517
622 503
625 490
628 476
629 462
630 447
630 433
629 418
406 411
398 418
391 427
391 437
398 446
408 448
419 448
431 449
442 449
453 449
463 449
475 449
487 448
495 442
495 432
488 422
480 414
366 502
373 491
384 482
397 479
411 476
425 476
440 477
453 479
466 483
480 486
492 489
505 494
516 502
527 512
523 524
512 535
500 541
488 545
475 550
463 554
449 558
435 558
421 556
408 552
396 546
385 539
374 528
368 516
375 499
385 497
396 496
406 493
418 493
429 493
440 494
451 496
462 497
472 500
483 502
494 502
505 503
515 506
512 515
502 520
493 524
483 527
473 531
462 533
451 532
440 531
428 531
417 530
407 527
397 523
389 515
380 508
496 379
500 377
504 375
509 374
513 374
518 374
523 374
528 375
532 376
536 378
539 382
537 385
532 386
528 386
523 385
518 385
514 384
509 383
505 381
501 380
417 370
412 368
408 366
403 365
398 364
393 363
387 363
382 364
377 366
373 369
370 373
375 376
380 376
385 377
391 377
396 376
401 375
406 375
411 376
416 375
484 351
487 341
497 334
507 329
518 326
529 323
541 324
551 328
561 335
569 344
576 353
581 364
570 365
560 361
550 355
540 350
528 348
517 350
506 353
495 355
424 336
420 327
413 320
405 315
396 313
386 313
377 316
369 322
363 329
357 337
352 345
351 355
359 353
366 346
373 339
382 336
392 336
402 338
411 341
419 344
