967 1342
971 1380
984 1417
996 1456
1009 1494
1023 1533
1038 1569
1053 1609
1067 1644
1085 1682
1105 1714
1131 1744
1159 1773
1192 1800
1226 1822
1260 1841
1297 1860
1334 1873
1374 1876
1412 1879
1455 1874
1490 1863
1527 1848
1566 1830
1600 1811
1637 1790
1668 1771
1703 1748
1738 1727
1770 1703
1800 1676
1819 1640
1834 1602
1843 1564
1854 1525
1857 1484
1861 1448
1861 1408
1869 1365
1872 1325
1877 1285
1254 1212
1251 1253
1236 1292
1217 1330
1212 1370
1237 1401
1279 1404
1321 1408
1366 1409
1406 1401
1445 1390
1488 1378
1518 1353
1511 1310
1491 1275
1474 1234
1462 1194
1183 1561
1202 1533
1225 1507
1251 1484
1279 1468
1314 1466
1348 1464
1380 1456
1414 1453
1447 1458
1478 1467
1508 1480
1536 1495
1564 1513
1579 1541
1557 1568
1530 1588
1502 1604
1473 1619
1444 1633
1414 1644
1381 1651
1348 1655
1313 1654
1280 1650
1249 1639
1224 1615
1205 1587
1206 1562
1232 1564
1258 1561
1283 1557
1308 1554
1334 1552
1360 1550
1385 1547
1410 1543
1435 1540
1461 1538
1488 1538
1514 1538
1540 1535
1564 1529
1540 1533
1514 1536
1488 1537
1461 1537
1435 1539
1410 1542
1385 1546
1359 1549
1334 1551
1308 1554
1283 1556
1258 1561
1232 1563
1499 1128
1514 1119
1529 1110
1544 1102
1560 1095
1577 1090
1595 1087
1614 1087
1631 1091
1647 1097
1663 1105
1664 1121
1647 1125
1630 1129
1611 1131
1593 1131
1574 1130
1555 1130
1536 1129
1517 1129
1217 1165
1216 1153
1205 1145
1193 1140
1180 1137
1166 1136
1153 1137
1139 1140
1127 1144
1116 1152
1106 1162
1096 1173
1109 1176
1122 1178
1137 1178
1151 1177
1164 1175
1178 1173
1191 1170
1204 1168
1412 1008
1441 991
1471 978
1504 969
1538 964
1575 963
1610 967
1644 972
1674 985
1702 1007
1722 1035
1703 1049
1674 1032
1643 1021
1608 1017
1572 1018
1537 1022
1504 1031
1471 1038
1436 1034
1252 1059
1237 1034
1211 1023
1183 1016
1153 1015
1123 1018
1094 1023
1067 1033
1042 1047
1020 1068
1004 1093
1006 1123
1030 1105
1053 1087
1079 1074
1106 1066
1135 1060
1165 1058
1196 1061
1224 1066
