265 360
266 372
267 385
267 396
269 409
272 421
276 432
280 444
285 455
291 465
299 474
308 483
318 492
328 498
338 505
348 511
360 518
369 523
381 528
394 530
405 532
418 531
430 530
441 526
452 521
463 515
472 507
480 497
487 487
494 477
502 468
508 457
512 446
515 434
518 421
520 409
523 398
526 387
530 375
533 362
536 350
347 367
342 373
337 381
334 389
336 398
342 405
350 407
359 408
368 408
377 408
386 408
395 408
404 405
405 397
402 388
397 380
391 373
321 442
328 438
335 434
343 433
351 433
359 435
367 436
375 437
383 438
391 440
399 441
407 442
415 444
422 447
422 455
416 459
408 462
401 465
393 466
385 467
376 467
368 467
359 466
352 464
344 462
337 460
330 456
324 449
325 446
332 447
339 449
345 451
351 453
357 454
364 455
371 454
377 453
384 453
391 454
398 454
404 455
411 455
418 454
413 454
406 454
399 454
392 453
385 453
378 453
371 453
364 454
357 453
351 452
345 450
339 449
332 447
419 331
424 328
428 326
433 325
438 324
443 324
448 324
453 325
458 326
462 328
467 330
465 333
460 333
455 333
450 332
445 332
439 332
435 331
430 330
425 330
338 323
334 320
330 318
325 317
320 316
315 316
310 316
305 317
301 318
297 320
293 323
297 324
302 325
306 326
311 327
316 327
321 327
326 327
331 327
336 327
406 292
412 283
423 282
434 283
444 283
455 285
465 286
475 289
484 292
493 297
502 304
495 309
484 307
474 306
464 305
453 304
442 303
432 302
421 301
410 301
335 299
332 292
328 286
322 282
315 280
307 279
299 280
292 282
286 285
280 290
275 296
273 303
279 300
286 298
293 295
300 292
307 292
315 293
321 296
328 300
