280 313
285 330
289 347
294 364
300 381
308 397
317 413
327 428
336 443
348 457
361 468
375 481
390 490
405 499
419 509
436 515
453 524
468 530
487 534
505 536
522 536
539 532
556 525
571 517
586 505
600 494
613 483
627 471
641 460
654 447
665 434
672 417
676 400
680 382
683 365
683 346
683 328
686 311
688 293
689 275
690 256
461 308
456 320
450 333
445 347
451 360
464 365
477 365
491 366
507 366
520 364
534 360
548 354
556 343
552 329
543 319
532 310
522 298
435 433
444 426
453 421
463 415
472 409
482 406
493 407
505 406
516 404
527 402
538 404
548 408
558 411
568 415
573 423
564 431
555 439
546 445
537 450
527 454
516 456
505 459
494 460
482 459
472 456
463 451
454 444
445 437
442 431
451 429
460 428
469 427
478 426
487 425
497 425
506 423
515 423
524 422
533 421
543 420
552 420
561 419
570 418
561 419
552 420
543 421
534 422
524 422
515 423
506 424
497 425
488 426
478 426
469 427
460 428
451 429
531 244
536 238
542 233
549 228
555 223
562 221
570 220
579 220
586 221
594 224
600 228
598 235
591 239
584 242
577 245
570 246
562 247
553 247
546 246
538 247
424 259
422 253
417 250
411 247
405 245
398 244
391 245
385 246
379 249
373 253
369 258
366 264
372 265
379 267
385 268
392 267
399 267
406 266
412 264
419 263
520 208
524 195
536 188
549 183
562 180
575 177
589 175
604 174
618 174
632 177
644 184
647 196
635 201
620 202
606 202
591 203
576 203
562 206
548 207
534 209
425 219
413 213
400 210
387 208
373 207
359 209
346 212
334 217
322 223
312 233
305 244
318 249
332 248
343 240
354 233
367 229
380 226
394 227
407 230
421 231
