180 454
180 466
183 477
190 488
197 498
204 508
210 518
216 528
222 541
227 551
233 562
239 572
243 584
246 595
253 606
262 615
274 619
285 619
298 617
309 614
321 610
332 605
343 600
355 597
367 593
378 589
389 583
400 577
409 569
416 559
423 549
427 537
431 525
433 514
436 501
438 489
439 476
441 465
443 453
445 440
443 428
198 443
196 451
198 461
204 469
211 476
219 480
229 481
238 478
247 474
256 473
266 473
274 470
281 463
286 455
284 445
280 438
273 429
228 524
228 514
235 509
244 510
252 507
259 503
268 502
278 501
287 501
296 501
305 501
315 501
323 504
328 511
321 518
315 524
307 529
300 532
292 536
284 540
276 544
268 547
260 550
252 552
243 553
236 549
234 540
234 531
234 533
238 527
243 524
249 521
256 519
262 517
269 516
275 515
282 514
288 513
295 512
302 511
308 510
315 510
322 509
317 512
311 514
305 516
298 517
292 519
285 521
279 522
273 524
266 525
260 526
253 528
247 530
241 532
281 367
284 361
287 355
292 350
298 346
303 343
309 341
316 340
322 338
330 339
335 341
336 348
333 354
327 358
321 361
315 362
308 364
302 364
295 365
288 366
219 372
215 369
211 368
206 368
201 370
197 372
193 375
190 378
186 381
184 385
186 390
190 392
194 393
199 393
204 392
209 392
213 390
215 386
217 382
219 377
248 330
250 319
255 310
264 304
273 299
284 296
293 293
304 290
314 288
326 288
336 291
336 298
325 299
313 300
303 302
293 307
284 312
276 319
267 326
258 332
199 345
195 342
190 340
184 341
179 343
173 344
168 345
163 346
158 349
154 353
150 357
156 358
161 358
167 357
172 356
178 355
183 353
188 352
194 353
199 351
