365 408
371 419
375 431
378 444
382 456
385 469
389 482
393 493
397 506
403 517
409 529
416 541
423 552
429 562
437 572
446 581
455 591
463 601
473 611
486 612
499 616
511 617
524 616
538 614
550 612
563 610
575 606
586 599
594 588
601 578
610 568
617 557
618 543
622 531
626 518
629 506
634 494
637 482
642 470
645 457
649 443
527 414
522 424
516 432
509 441
507 453
510 463
518 470
528 473
539 474
551 475
561 475
573 475
580 468
581 457
578 446
577 436
573 425
482 513
490 513
498 513
506 513
514 513
522 514
529 515
536 517
544 518
551 519
559 520
567 520
574 522
580 526
577 532
571 537
564 541
557 542
549 542
542 541
534 540
527 538
520 535
513 533
507 530
500 527
494 522
488 517
489 515
495 516
501 517
506 518
512 519
518 520
524 521
530 522
536 522
542 522
548 523
554 524
560 525
566 526
572 526
566 525
560 525
554 524
548 523
542 522
536 522
530 521
524 520
518 519
512 519
507 518
501 517
495 515
581 386
585 383
589 381
594 380
599 379
604 379
609 380
613 381
618 383
621 387
623 391
620 395
616 398
611 399
606 399
601 398
597 397
592 395
588 393
584 390
506 372
503 368
499 366
495 364
490 363
485 362
480 362
475 362
471 363
467 366
469 370
471 375
474 378
479 380
483 382
488 382
493 382
498 381
502 379
506 377
574 369
580 362
588 358
597 354
606 352
615 350
624 349
634 349
643 352
651 358
655 366
652 374
643 375
634 372
624 371
614 372
605 373
596 375
587 378
577 378
536 351
531 338
520 330
507 324
495 319
482 315
468 314
454 315
440 319
428 325
419 336
416 349
428 344
440 338
454 336
468 337
482 339
495 343
508 346
521 351
