593 760
591 783
590 809
589 832
591 857
592 883
597 906
606 931
616 953
626 978
632 1000
636 1024
646 1048
660 1067
669 1090
680 1114
692 1136
710 1151
735 1161
758 1167
781 1168
808 1169
832 1165
856 1160
881 1156
905 1150
929 1140
950 1127
969 1114
990 1099
1009 1084
1027 1067
1043 1047
1057 1027
1071 1007
1084 985
1097 964
1110 943
1123 922
1135 901
1146 876
789 810
773 818
755 830
744 844
745 864
755 879
768 894
784 907
801 912
821 914
841 911
860 906
878 901
893 890
897 870
893 852
885 832
692 930
712 929
730 933
749 935
767 940
784 947
801 953
820 955
840 956
859 958
877 963
894 970
910 979
909 998
895 1013
881 1025
864 1033
846 1037
826 1037
806 1035
788 1032
770 1028
753 1021
737 1011
723 997
712 981
704 965
698 948
701 944
715 950
729 957
743 962
757 967
771 972
785 977
800 981
815 985
830 989
846 990
862 990
878 988
894 987
909 986
894 988
878 990
861 990
845 991
830 989
814 986
800 982
785 977
771 973
756 969
742 963
728 958
714 953
926 744
936 735
947 729
958 724
970 720
984 719
997 720
1009 724
1020 730
1030 738
1038 749
1034 761
1023 765
1010 768
997 769
984 769
971 766
960 760
950 752
938 747
776 698
770 687
761 678
751 671
740 665
729 663
716 662
704 664
693 668
682 673
673 681
681 691
691 699
701 704
712 709
724 712
736 713
749 713
761 712
773 709
929 663
943 649
962 647
981 649
999 651
1017 655
1035 659
1053 663
1070 669
1086 677
1100 690
1089 700
1072 695
1055 690
1038 684
1020 680
1001 678
982 676
963 676
944 674
779 618
767 608
754 600
740 594
726 589
712 585
696 582
680 582
665 586
651 592
638 600
652 605
668 607
684 608
699 610
714 614
728 620
742 625
756 629
772 630
