975 996
963 1030
952 1065
943 1101
937 1137
934 1174
933 1211
934 1248
936 1285
938 1324
945 1360
957 1395
972 1428
982 1466
994 1501
1010 1532
1036 1563
1063 1584
1092 1609
1123 1633
1148 1660
1180 1673
1216 1678
1256 1680
1291 1682
1331 1686
1366 1689
1403 1686
1437 1674
1467 1648
1495 1623
1524 1598
1550 1573
1574 1547
1600 1517
1622 1489
1647 1459
1670 1432
1696 1403
1721 1377
1746 1347
1400 1100
1382 1128
1362 1159
1341 1190
1325 1223
1334 1257
1364 1273
1397 1286
1428 1309
1461 1318
1496 1325
1533 1323
1556 1295
1551 1261
1543 1225
1549 1188
1555 1152
1181 1338
1206 1344
1231 1349
1255 1356
1280 1362
1306 1365
1331 1371
1355 1378
1378 1386
1402 1394
1424 1406
1446 1420
1467 1435
1489 1449
1492 1472
1467 1479
1442 1484
1416 1487
1389 1485
1364 1479
1341 1470
1318 1458
1297 1444
1276 1428
1256 1411
1235 1393
1215 1377
1194 1359
1202 1347
1223 1353
1243 1364
1263 1374
1285 1380
1307 1386
1327 1395
1348 1402
1369 1410
1390 1418
1411 1427
1431 1436
1451 1446
1472 1456
1492 1464
1469 1462
1447 1458
1426 1450
1405 1442
1383 1436
1363 1428
1342 1419
1322 1410
1301 1400
1282 1389
1263 1375
1242 1366
1221 1359
1603 1079
1618 1075
1634 1074
1651 1074
1667 1076
1683 1079
1697 1083
1711 1089
1724 1099
1733 1112
1738 1126
1728 1138
1712 1137
1696 1134
1682 1129
1669 1121
1656 1112
1643 1103
1630 1096
1616 1089
1354 958
1347 948
1338 941
1328 934
1318 930
1308 926
1297 924
1285 922
1273 923
1262 926
1252 930
1261 938
1270 945
1280 951
1290 955
1300 959
1311 962
1323 963
1334 965
1346 966
1618 1013
1631 991
1653 978
1678 972
1705 970
1733 970
1758 975
1781 986
1802 1002
1822 1022
1835 1044
1833 1071
1807 1065
1794 1043
1773 1026
1750 1017
1724 1012
1697 1011
1670 1013
1644 1016
1462 930
1475 891
1451 855
1417 826
1380 804
1340 793
1296 789
1252 794
1211 804
1171 817
1133 834
1097 858
1133 880
1178 876
1219 866
1263 860
1309 860
1351 869
1389 888
1423 916
