1040 1137
1044 1178
1048 1220
1054 1265
1064 1306
1079 1344
1095 1383
1117 1423
1140 1455
1160 1494
1182 1533
1209 1568
1231 1601
1250 1641
1269 1678
1290 1715
1321 1747
1360 1766
1401 1776
1443 1780
1484 1777
1530 1776
1572 1764
1607 1748
1646 1722
1678 1697
1714 1669
1746 1642
1772 1612
1801 1575
1824 1541
1847 1503
1867 1469
1888 1428
1905 1388
1918 1347
1929 1307
1935 1265
1942 1224
1946 1180
1946 1135
1322 1068
1303 1093
1286 1124
1283 1155
1297 1187
1324 1205
1357 1218
1388 1230
1420 1239
1454 1235
1486 1225
1517 1217
1550 1210
1580 1191
1593 1162
1592 1127
1580 1095
1229 1299
1268 1296
1306 1293
1345 1295
1380 1305
1416 1313
1456 1313
1496 1313
1535 1316
1573 1318
1613 1319
1651 1324
1684 1336
1662 1366
1636 1395
1606 1419
1575 1441
1542 1456
1509 1469
1474 1479
1436 1484
1398 1482
1364 1468
1332 1451
1302 1427
1278 1397
1258 1366
1241 1333
1244 1313
1273 1319
1300 1329
1326 1339
1355 1345
1384 1351
1412 1357
1443 1359
1474 1359
1505 1358
1536 1356
1566 1353
1596 1349
1625 1345
1627 1361
1601 1373
1575 1384
1548 1394
1519 1400
1489 1403
1458 1403
1427 1401
1396 1398
1367 1393
1340 1385
1315 1369
1292 1349
1269 1327
1551 876
1568 860
1587 851
1607 844
1628 837
1649 834
1672 832
1694 836
1714 842
1733 852
1751 867
1742 886
1723 896
1701 901
1679 903
1656 901
1634 898
1613 892
1593 886
1571 882
1327 867
1314 856
1300 847
1286 840
1271 834
1255 831
1238 829
1221 828
1204 830
1190 837
1180 851
1189 864
1202 876
1216 883
1233 886
1250 886
1266 883
1282 880
1299 878
1315 876
1513 770
1530 734
1569 724
1611 722
1652 717
1695 714
1736 718
1774 729
1810 746
1836 777
1854 813
1834 835
1807 804
1772 783
1735 772
1694 767
1652 772
1617 789
1579 800
1538 803
1363 761
1351 728
1321 706
1287 695
1251 689
1214 684
1177 689
1144 701
1113 721
1086 749
1066 780
1067 818
1099 805
1129 782
1161 767
1198 761
1237 762
1271 772
1304 786
1341 790
