126 514
128 536
129 558
131 580
137 602
143 622
150 645
158 666
167 685
177 707
188 726
201 745
213 763
226 782
240 800
255 817
271 831
290 843
311 851
331 859
355 864
376 865
399 864
421 857
441 848
461 838
481 826
499 816
519 803
537 789
554 775
572 762
589 747
606 732
620 715
631 696
639 674
651 655
661 635
669 615
679 593
298 518
286 535
272 555
263 575
258 597
272 614
292 627
309 639
332 648
354 642
376 639
399 637
418 625
424 605
421 583
412 560
401 539
243 688
262 687
279 684
298 684
315 688
333 690
349 694
366 699
383 702
401 703
419 705
437 707
452 716
445 731
433 746
419 756
404 764
388 771
372 776
354 779
336 778
319 774
303 768
287 760
273 750
260 736
251 721
247 705
251 694
263 703
276 709
289 715
302 720
315 725
330 728
345 730
360 730
375 729
391 728
406 727
421 726
435 723
448 717
434 720
421 725
405 726
390 727
375 728
360 729
345 729
330 726
317 721
304 715
291 709
277 706
264 700
446 451
452 441
461 433
471 427
481 422
493 421
504 422
515 425
525 429
535 435
543 444
547 454
537 459
526 461
514 462
502 462
490 461
480 457
469 455
457 453
283 412
280 403
273 395
264 388
255 383
246 380
235 380
225 382
216 385
207 389
198 393
203 402
212 408
221 412
230 417
239 420
249 422
259 424
270 424
279 421
440 380
447 362
463 352
480 347
499 343
519 341
539 342
558 345
574 353
589 367
601 382
597 392
582 380
566 369
548 364
529 362
510 365
493 372
476 379
458 385
292 341
281 327
267 317
252 308
236 302
219 298
201 298
183 301
168 308
154 320
144 334
159 327
175 319
192 317
211 317
227 321
243 329
257 339
271 350
287 356
