346 394
343 409
341 423
338 437
336 453
334 468
333 483
332 497
333 512
335 527
339 542
344 555
353 568
361 580
370 592
381 603
392 614
402 624
414 633
427 641
439 648
455 649
469 646
483 641
497 636
510 629
523 621
535 612
547 603
559 594
572 585
584 577
595 567
605 556
612 542
617 528
622 514
626 501
631 486
636 472
640 457
469 437
461 447
451 456
445 466
445 479
455 488
466 494
477 500
488 506
502 506
514 505
527 505
540 502
539 489
536 477
529 466
526 453
410 521
420 515
432 514
444 514
456 514
468 516
477 522
488 526
500 527
511 529
522 532
532 536
541 543
543 555
536 564
527 572
518 580
508 584
496 584
484 585
472 583
461 580
451 575
442 569
433 561
425 552
419 542
415 532
418 525
427 523
437 523
446 525
454 528
463 532
471 536
479 540
488 542
498 543
508 543
518 543
527 545
535 550
533 559
525 563
516 567
507 568
497 568
487 568
478 567
469 564
460 560
452 556
444 551
436 546
429 541
423 533
552 407
555 403
559 399
564 397
569 396
575 395
581 396
586 397
591 399
596 401
600 405
602 410
596 411
590 411
585 412
579 412
573 411
568 411
562 410
557 409
470 379
468 375
464 371
460 367
456 365
451 363
446 361
441 360
436 360
431 362
428 366
432 371
435 374
440 378
444 380
448 382
453 383
458 384
464 384
469 384
558 372
562 366
568 364
574 363
581 362
588 363
595 364
601 366
606 370
611 375
616 380
616 386
609 386
603 384
597 381
590 380
583 380
576 379
570 378
564 375
490 347
485 339
477 333
468 328
459 324
450 321
440 320
429 320
419 321
410 324
400 326
407 334
416 337
426 338
436 340
445 343
455 346
464 348
474 351
483 353
