829 1542
839 1585
852 1633
865 1675
880 1724
894 1766
911 1815
929 1858
952 1896
981 1934
1012 1970
1047 2006
1083 2036
1121 2060
1166 2082
1207 2102
1249 2123
1290 2146
1338 2165
1384 2176
1431 2182
1478 2187
1526 2184
1572 2173
1614 2151
1649 2121
1683 2089
1722 2058
1753 2024
1782 1986
1810 1946
1833 1905
1853 1863
1870 1819
1885 1772
1897 1728
1905 1681
1915 1633
1924 1587
1934 1539
1940 1492
1452 1467
1426 1492
1403 1524
1389 1557
1397 1595
1428 1616
1466 1624
1503 1626
1543 1631
1580 1631
1618 1637
1654 1631
1672 1599
1667 1560
1652 1524
1638 1490
1620 1454
1303 1834
1327 1809
1354 1788
1382 1771
1412 1758
1443 1750
1478 1749
1508 1760
1543 1761
1575 1753
1610 1754
1640 1766
1667 1787
1685 1815
1685 1850
1670 1879
1650 1906
1624 1929
1595 1944
1564 1954
1531 1959
1496 1957
1463 1952
1432 1942
1403 1927
1376 1909
1350 1885
1325 1861
1329 1838
1352 1832
1374 1825
1396 1817
1418 1811
1442 1807
1467 1806
1492 1807
1518 1807
1543 1806
1569 1806
1593 1808
1615 1815
1636 1825
1661 1828
1642 1834
1620 1841
1598 1848
1574 1852
1550 1855
1525 1857
1500 1856
1475 1855
1450 1854
1425 1852
1401 1848
1378 1843
1353 1842
1613 1302
1624 1281
1642 1263
1663 1252
1684 1242
1706 1236
1729 1230
1754 1228
1778 1232
1800 1240
1814 1259
1813 1285
1801 1305
1780 1317
1757 1322
1732 1323
1707 1320
1682 1318
1658 1315
1634 1312
1342 1279
1334 1259
1316 1247
1295 1241
1273 1238
1249 1238
1228 1244
1208 1253
1189 1263
1170 1276
1154 1293
1171 1308
1190 1319
1210 1326
1233 1329
1256 1330
1278 1326
1300 1322
1321 1316
1339 1302
1647 1178
1656 1152
1680 1134
1705 1123
1734 1117
1762 1113
1791 1108
1821 1109
1850 1115
1876 1125
1899 1143
1904 1171
1875 1173
1850 1162
1820 1160
1790 1161
1761 1165
1732 1168
1703 1173
1676 1182
1407 1160
1370 1135
1329 1124
1286 1117
1242 1112
1197 1107
1152 1106
1110 1117
1071 1134
1034 1155
1003 1189
1045 1179
1087 1170
1131 1165
1178 1164
1223 1168
1266 1175
1308 1183
1351 1191
1395 1196
