1069 1153
1074 1199
1081 1246
1092 1294
1106 1337
1116 1386
1130 1430
1146 1478
1167 1521
1183 1567
1199 1610
1220 1656
1244 1699
1265 1741
1291 1784
1326 1812
1369 1829
1418 1841
1466 1846
1514 1842
1563 1833
1605 1818
1651 1796
1691 1769
1730 1746
1774 1719
1814 1690
1850 1659
1884 1630
1921 1598
1960 1565
1996 1535
2031 1504
2057 1460
2071 1413
2078 1370
2085 1320
2093 1275
2090 1223
2089 1175
2084 1126
1302 1126
1280 1157
1253 1187
1226 1224
1233 1260
1266 1283
1306 1301
1346 1306
1386 1304
1429 1306
1470 1303
1510 1294
1537 1265
1541 1223
1530 1185
1507 1150
1484 1112
1232 1421
1262 1405
1297 1410
1333 1414
1369 1418
1404 1422
1440 1418
1475 1413
1512 1411
1550 1411
1586 1415
1619 1424
1646 1448
1630 1478
1608 1507
1582 1533
1554 1557
1524 1573
1492 1585
1458 1593
1422 1598
1385 1597
1352 1588
1322 1570
1297 1543
1277 1514
1262 1483
1248 1452
1242 1420
1272 1424
1299 1436
1329 1440
1358 1447
1388 1452
1419 1448
1450 1447
1482 1445
1513 1443
1546 1443
1575 1437
1607 1435
1636 1442
1611 1461
1586 1477
1560 1490
1531 1497
1502 1505
1474 1514
1446 1522
1414 1524
1385 1518
1357 1509
1330 1498
1303 1485
1278 1469
1255 1447
1564 948
1580 939
1595 926
1612 918
1629 913
1648 910
1668 910
1687 913
1705 918
1721 926
1736 938
1732 955
1714 959
1696 963
1677 966
1657 964
1638 962
1620 959
1602 954
1583 950
1292 954
1287 940
1274 931
1259 924
1245 919
1229 917
1212 918
1195 919
1180 922
1165 929
1153 941
1146 955
1161 961
1176 964
1194 964
1210 963
1228 963
1244 962
1260 959
1277 957
1490 849
1510 817
1542 799
1577 786
1614 778
1654 777
1693 780
1731 786
1766 798
1797 820
1823 849
1813 875
1779 860
1744 848
1707 841
1668 840
1631 848
1595 858
1558 866
1521 872
1293 875
1277 856
1259 837
1239 822
1217 813
1193 809
1169 806
1144 809
1122 818
1101 830
1083 847
1077 871
1102 870
1125 863
1150 860
1175 862
1199 866
1223 870
1247 875
1270 881
