363 575
363 593
366 613
369 632
372 650
377 670
382 690
389 707
397 725
408 742
419 757
432 773
445 786
459 802
472 817
485 829
502 842
518 851
537 856
557 858
577 855
595 849
613 841
630 831
645 818
658 805
672 790
686 776
700 762
712 747
722 730
733 712
739 696
745 677
750 658
753 638
755 618
757 598
759 579
760 560
762 539
502 591
495 604
487 617
483 632
485 647
499 651
515 655
530 658
544 659
560 658
575 655
589 650
604 642
609 629
606 614
595 603
584 590
458 700
473 694
491 692
507 689
524 687
542 686
560 685
577 684
594 687
612 688
629 689
647 690
654 705
650 720
641 735
628 747
614 757
600 767
585 772
569 777
552 779
534 777
518 774
502 768
489 758
476 745
468 731
461 716
470 708
483 707
496 708
509 707
522 706
536 706
549 705
562 704
575 703
588 701
601 702
615 702
628 701
636 709
626 718
617 727
606 734
595 740
584 745
572 748
559 749
546 748
534 746
522 742
511 738
500 732
489 725
479 718
601 519
607 512
613 506
619 500
626 495
634 492
642 491
651 491
659 493
666 496
674 499
675 507
668 511
660 515
653 518
645 519
636 519
627 518
619 518
610 518
483 514
478 509
472 505
466 501
460 498
453 496
446 496
439 498
432 500
426 504
421 508
425 514
431 518
437 521
443 524
451 524
458 524
465 523
472 521
478 519
586 471
589 459
600 455
612 451
624 447
636 444
648 440
660 436
673 435
685 436
697 442
697 453
684 454
670 455
658 458
646 461
634 465
622 469
610 471
598 474
501 472
494 462
484 456
472 451
461 448
449 444
437 440
425 437
412 437
400 440
392 450
389 462
402 462
415 461
428 463
440 466
452 470
464 473
476 475
489 475
