670 946
678 971
686 995
697 1021
707 1045
716 1069
724 1097
731 1123
741 1146
755 1171
766 1193
780 1217
797 1238
815 1256
839 1272
863 1281
889 1286
915 1283
942 1278
969 1274
995 1267
1019 1260
1044 1249
1067 1236
1092 1221
1116 1210
1139 1199
1164 1186
1186 1172
1207 1157
1230 1141
1247 1121
1258 1097
1264 1071
1265 1044
1266 1018
1267 992
1270 963
1273 937
1275 910
1273 883
792 856
786 875
779 895
773 915
767 934
772 955
789 963
811 964
830 963
851 960
872 957
893 953
912 945
925 931
928 910
915 893
899 879
778 1088
783 1072
787 1056
795 1041
809 1031
825 1025
841 1022
859 1021
877 1020
894 1022
911 1024
928 1026
945 1029
962 1033
976 1041
972 1057
957 1065
942 1072
927 1078
913 1087
899 1097
884 1104
869 1110
853 1116
837 1119
820 1117
805 1109
790 1101
796 1088
805 1079
815 1071
826 1067
838 1064
849 1061
861 1059
873 1056
886 1055
898 1054
911 1053
924 1052
936 1050
948 1047
961 1047
949 1050
937 1051
924 1052
912 1054
899 1055
886 1055
874 1057
863 1062
853 1069
840 1070
827 1070
816 1075
806 1081
939 759
944 749
951 739
960 731
971 727
983 726
995 727
1006 729
1018 731
1028 736
1037 743
1029 752
1019 759
1009 763
997 766
987 769
976 773
964 775
952 775
941 771
784 800
778 794
771 792
763 790
755 789
747 790
738 791
731 792
724 795
719 802
717 809
721 816
728 820
736 820
744 818
751 816
759 814
767 812
775 811
782 808
879 699
896 681
916 670
937 661
958 652
980 646
1004 645
1028 645
1052 649
1073 656
1092 668
1078 674
1056 668
1032 667
1008 668
984 671
963 678
942 688
922 698
901 705
791 721
784 708
771 701
756 697
740 696
725 699
710 703
696 709
684 718
674 730
667 744
663 758
676 752
688 741
701 732
715 728
731 727
747 729
763 730
779 729
