623 1018
597 1077
579 1147
565 1222
554 1290
548 1358
539 1434
536 1502
533 1574
523 1642
521 1713
526 1788
541 1855
574 1922
612 1977
671 2014
741 2024
814 2026
886 2029
956 2036
1031 2051
1096 2066
1166 2086
1233 2099
1303 2112
1376 2128
1447 2138
1517 2139
1585 2130
1655 2106
1720 2075
1775 2035
1823 1979
1856 1916
1883 1853
1913 1786
1950 1723
1973 1660
1990 1587
2013 1517
2034 1449
1064 978
1026 1023
990 1068
956 1114
927 1165
942 1224
994 1244
1056 1245
1113 1256
1175 1266
1228 1280
1289 1291
1350 1293
1381 1244
1379 1187
1375 1130
1373 1065
815 1483
836 1440
876 1410
918 1387
961 1367
1012 1364
1057 1380
1103 1393
1154 1396
1201 1408
1240 1439
1278 1474
1318 1505
1357 1535
1395 1571
1368 1611
1325 1631
1280 1646
1235 1662
1187 1670
1136 1667
1086 1663
1038 1653
993 1639
949 1619
907 1596
868 1565
836 1526
829 1493
871 1491
913 1488
956 1488
996 1494
1038 1497
1076 1507
1114 1518
1153 1526
1191 1537
1228 1551
1264 1564
1302 1576
1339 1588
1377 1599
1339 1590
1301 1578
1263 1569
1226 1555
1190 1540
1151 1531
1113 1520
1074 1512
1035 1503
996 1494
955 1491
912 1490
871 1495
1449 942
1477 926
1505 908
1533 891
1562 877
1593 868
1628 870
1658 883
1685 902
1708 928
1725 956
1741 985
1710 992
1676 987
1644 981
1613 972
1581 963
1549 956
1516 951
1482 946
1090 861
1077 836
1063 812
1043 790
1019 774
991 767
961 767
934 776
909 788
885 804
865 827
847 850
876 853
906 856
935 860
963 864
992 869
1021 873
1048 880
1077 885
1405 668
1437 614
1498 601
1559 613
1616 635
1672 660
1728 682
1784 708
1836 743
1884 789
1916 842
1909 889
1865 841
1816 797
1764 762
1706 742
1644 731
1580 725
1518 713
1461 692
1201 659
1198 602
1153 561
1099 545
1039 542
981 551
927 567
877 593
830 629
786 672
750 719
721 767
768 735
814 698
861 663
912 637
969 628
1027 635
1084 645
1140 657
