390 519
390 532
393 548
395 563
397 578
399 592
403 606
408 620
414 634
421 647
428 660
437 673
445 686
452 698
458 712
466 725
476 737
488 746
500 753
514 757
530 761
543 764
558 761
572 754
585 748
598 739
608 730
620 721
633 711
645 702
655 693
668 684
679 674
690 664
700 652
709 640
716 627
723 614
730 602
735 587
741 573
521 548
515 559
507 570
501 580
502 593
511 602
522 608
535 612
548 615
561 613
574 609
585 604
596 595
597 582
593 570
586 559
580 547
469 634
481 633
492 635
502 639
512 644
522 646
532 652
543 652
555 652
566 653
577 655
589 656
600 657
608 664
599 671
590 678
581 683
570 687
559 689
547 689
536 688
525 686
515 682
505 677
496 671
489 662
482 652
476 643
476 637
484 641
493 645
501 650
509 655
517 659
526 662
535 665
545 666
555 666
565 666
575 665
584 664
594 662
604 661
594 663
585 664
575 665
565 666
555 666
545 666
535 665
526 663
517 660
509 655
501 650
493 646
484 642
623 485
630 479
636 475
644 471
651 469
660 468
668 469
676 471
683 474
690 478
696 485
691 491
684 496
677 498
669 500
661 498
653 496
645 494
638 491
630 488
507 464
504 458
500 452
495 447
489 444
483 442
476 441
469 441
463 442
456 445
451 449
455 455
459 460
464 464
470 467
477 469
484 469
491 469
498 470
505 470
609 456
616 444
629 440
643 438
658 439
672 440
686 441
699 444
712 450
723 457
734 466
728 474
715 470
703 465
690 460
677 457
663 456
649 457
635 459
621 462
542 442
534 430
523 421
511 412
499 403
486 395
474 389
459 386
444 387
431 392
420 402
434 400
449 402
463 406
475 415
486 424
498 433
510 441
523 449
536 453
