111 351
111 365
111 379
113 394
114 407
116 422
118 436
119 450
123 464
132 475
139 486
149 497
159 507
170 517
182 525
194 532
207 539
220 543
234 547
248 549
263 550
277 549
291 545
304 541
317 534
330 526
340 517
348 506
356 493
367 484
380 479
391 470
394 457
395 442
396 428
397 414
397 400
397 385
397 371
397 357
398 341
224 361
216 369
210 378
206 388
208 400
217 406
228 408
238 410
250 412
260 411
271 409
282 405
292 401
298 392
295 382
289 371
283 362
189 446
198 445
207 447
216 449
225 451
234 453
242 457
252 457
260 453
269 450
278 449
288 448
297 447
306 450
306 459
298 465
289 468
281 471
272 474
263 476
254 477
244 478
234 477
225 477
216 474
209 468
202 460
196 453
201 450
208 453
215 454
222 456
229 458
236 460
244 461
251 462
259 461
267 460
274 459
281 457
288 454
295 453
303 452
295 454
288 456
281 457
274 459
266 460
259 462
251 462
244 462
236 461
229 459
222 457
215 455
208 453
297 326
302 322
306 317
311 313
317 309
322 307
328 305
335 305
341 308
346 310
350 315
351 322
347 327
342 329
335 330
329 331
322 330
315 330
309 329
303 327
201 328
198 323
194 318
190 314
185 311
179 309
173 309
167 309
161 311
156 314
154 319
154 325
156 331
162 333
167 334
173 335
179 336
185 335
191 333
196 330
279 304
285 297
292 294
300 292
308 290
316 289
324 287
332 286
340 284
349 285
356 289
351 291
343 290
335 291
326 293
318 294
311 297
303 299
295 301
288 304
205 302
205 296
198 292
191 290
183 289
175 289
167 291
159 292
152 294
145 298
140 304
138 311
145 309
152 306
159 303
166 302
174 300
182 299
190 299
198 300
