783 1037
785 1068
789 1100
793 1135
792 1168
795 1200
810 1231
823 1259
840 1288
858 1317
871 1347
889 1374
915 1395
931 1423
948 1453
969 1480
996 1496
1030 1502
1062 1509
1095 1513
1126 1512
1160 1506
1192 1498
1225 1490
1254 1480
1288 1467
1318 1457
1348 1446
1377 1427
1405 1408
1432 1390
1460 1374
1490 1358
1508 1332
1521 1301
1525 1269
1523 1236
1531 1203
1539 1170
1543 1138
1544 1103
983 1067
965 1088
947 1111
930 1136
919 1164
937 1185
963 1194
993 1201
1021 1202
1051 1202
1080 1200
1108 1193
1133 1176
1139 1148
1123 1123
1104 1102
1084 1078
887 1276
904 1265
923 1261
944 1260
965 1258
985 1255
1006 1253
1026 1255
1044 1261
1062 1270
1080 1278
1098 1285
1116 1293
1134 1301
1133 1322
1118 1336
1101 1347
1082 1353
1062 1356
1041 1359
1020 1359
1000 1356
981 1349
965 1338
948 1327
930 1318
913 1308
900 1292
906 1284
921 1286
937 1287
953 1289
968 1291
984 1292
1000 1294
1016 1293
1031 1291
1048 1291
1063 1294
1077 1297
1092 1300
1107 1303
1122 1306
1108 1306
1092 1304
1077 1302
1062 1300
1046 1299
1030 1299
1013 1299
997 1298
981 1298
965 1297
950 1296
933 1296
918 1293
1137 957
1145 943
1156 931
1169 922
1183 916
1199 913
1215 912
1232 913
1247 915
1261 922
1273 934
1270 949
1257 958
1243 965
1229 969
1213 972
1197 974
1180 974
1164 972
1150 966
947 951
947 937
942 925
931 916
919 911
906 908
892 910
880 913
867 917
856 923
845 932
836 942
846 951
857 959
869 965
882 967
897 967
911 966
924 964
936 960
1079 848
1094 823
1121 816
1151 814
1182 812
1212 814
1240 819
1266 830
1291 844
1315 860
1338 878
1332 897
1305 890
1278 882
1251 873
1224 865
1195 861
1164 861
1134 862
1104 860
987 875
989 850
974 831
954 817
933 808
910 802
886 798
861 797
839 804
819 818
802 836
789 856
799 877
824 876
845 867
867 860
892 859
916 864
939 867
962 873
