401 541
403 558
405 577
408 596
412 614
417 632
424 650
431 667
438 684
448 701
459 717
470 730
485 743
500 754
516 764
529 778
542 792
555 803
573 811
592 815
610 820
629 823
647 827
666 828
684 823
699 812
711 798
721 783
731 767
743 753
756 740
769 724
779 709
789 693
797 677
805 659
811 642
818 622
823 605
827 587
832 568
613 576
605 585
599 597
599 610
607 620
620 624
633 627
646 630
659 632
673 633
686 633
698 629
708 621
717 611
719 598
715 585
710 572
549 665
564 662
581 660
596 657
611 653
628 653
645 653
662 654
679 653
696 652
712 654
728 657
742 662
738 676
729 689
719 702
707 714
694 722
679 728
665 733
649 736
633 734
618 729
604 721
591 713
578 703
566 692
555 680
550 666
564 667
578 667
592 669
605 670
619 671
633 673
647 674
661 674
675 673
688 670
702 669
716 668
729 666
723 675
712 684
701 690
689 696
676 700
663 702
648 701
635 700
621 698
609 694
597 689
585 684
573 680
561 674
710 489
715 482
721 476
728 473
735 470
743 468
751 468
760 468
768 469
775 471
782 476
781 484
774 489
767 491
759 491
750 492
742 493
734 493
725 493
717 494
589 492
586 486
580 482
573 479
566 477
558 476
550 476
543 477
535 479
529 482
522 486
526 492
533 496
540 497
547 499
554 501
562 501
570 501
578 500
585 499
703 447
709 436
719 429
730 425
742 422
754 420
767 420
780 419
793 419
805 422
817 424
812 435
801 439
789 440
776 441
764 443
751 444
739 447
727 449
715 450
612 444
610 428
595 423
578 420
562 418
544 418
528 420
512 424
496 428
481 433
466 441
457 455
475 454
493 454
510 452
526 450
544 449
561 448
579 448
596 449
