522 746
524 768
526 791
528 813
533 836
539 857
550 879
561 897
573 916
587 936
600 952
616 969
634 984
653 997
670 1009
690 1021
710 1033
731 1043
752 1051
773 1059
793 1066
817 1071
840 1071
863 1066
884 1058
902 1047
920 1033
937 1018
953 1001
969 984
984 968
1000 952
1015 934
1029 916
1043 897
1054 880
1065 860
1074 839
1080 815
1083 794
1085 770
808 759
793 772
779 785
771 803
779 821
796 832
814 840
833 844
854 848
874 850
892 845
911 839
931 834
944 820
944 800
938 781
926 764
734 902
749 894
767 892
784 891
802 888
819 885
837 885
854 886
873 887
891 888
909 888
928 888
945 891
951 905
940 919
929 933
916 946
902 957
887 965
870 969
853 970
835 969
818 965
803 957
789 947
775 938
760 927
747 915
744 907
756 902
769 900
783 899
797 899
811 899
826 899
840 899
854 899
869 899
883 899
897 899
912 899
926 899
929 905
917 910
904 913
891 916
878 918
865 920
851 922
837 922
823 922
809 921
795 920
782 917
769 915
756 911
936 664
941 655
950 649
959 645
968 643
978 641
989 640
1000 640
1010 640
1020 642
1030 645
1028 653
1018 653
1007 653
997 654
987 656
976 658
966 659
956 661
946 663
772 652
767 646
760 643
753 642
745 640
738 639
730 639
722 639
714 639
706 640
699 641
705 644
712 646
720 647
727 648
735 650
742 651
750 652
757 653
765 654
921 600
927 587
938 575
951 566
964 560
980 558
995 556
1012 556
1027 558
1041 563
1054 571
1061 584
1045 586
1030 588
1014 589
998 591
983 594
968 596
952 597
936 599
843 597
836 574
818 556
797 544
774 537
750 533
726 529
701 532
679 540
658 552
639 568
623 587
647 582
672 584
697 586
723 586
748 588
773 590
797 595
820 600
