948 959
949 998
949 1039
953 1077
956 1117
958 1161
959 1198
964 1240
972 1279
982 1318
996 1358
1013 1393
1037 1426
1066 1455
1097 1482
1130 1506
1164 1525
1201 1540
1240 1548
1283 1552
1322 1552
1361 1551
1404 1544
1442 1534
1480 1521
1518 1510
1557 1498
1597 1482
1631 1463
1663 1439
1693 1413
1722 1384
1749 1353
1773 1319
1792 1284
1807 1248
1823 1209
1836 1170
1843 1133
1852 1093
1863 1051
1233 935
1222 961
1210 988
1202 1018
1203 1046
1219 1070
1245 1085
1271 1077
1302 1080
1330 1085
1359 1085
1390 1090
1418 1085
1435 1061
1437 1031
1431 1002
1414 977
1134 1252
1148 1229
1172 1217
1196 1203
1220 1190
1248 1186
1275 1192
1301 1200
1328 1194
1355 1200
1381 1208
1405 1221
1427 1240
1448 1261
1466 1283
1463 1310
1438 1320
1412 1328
1385 1333
1356 1336
1328 1338
1298 1339
1270 1334
1244 1327
1218 1318
1193 1309
1170 1293
1148 1276
1152 1257
1170 1250
1190 1247
1209 1244
1228 1239
1247 1235
1268 1233
1288 1234
1308 1237
1328 1239
1348 1242
1366 1248
1384 1256
1401 1266
1418 1276
1415 1283
1395 1281
1374 1279
1353 1279
1333 1278
1312 1277
1292 1274
1272 1271
1253 1268
1233 1265
1212 1263
1193 1260
1172 1259
1476 825
1493 813
1511 802
1529 794
1549 789
1570 786
1592 785
1614 787
1632 794
1649 808
1661 825
1659 846
1640 853
1619 856
1597 853
1577 849
1556 845
1537 840
1516 835
1496 830
1248 795
1244 778
1234 765
1220 753
1206 745
1190 740
1172 740
1155 743
1139 748
1124 756
1111 768
1103 782
1116 794
1131 802
1147 807
1164 810
1181 808
1199 807
1216 805
1234 803
1439 678
1476 660
1518 652
1563 653
1606 657
1651 659
1693 666
1731 681
1766 706
1791 741
1802 781
1770 753
1736 726
1700 705
1659 695
1616 699
1573 704
1529 708
1487 716
1445 721
1285 715
1290 681
1267 654
1238 638
1207 627
1174 619
1140 613
1105 616
1072 623
1043 639
1021 666
1011 698
1037 673
1065 655
1098 647
1133 650
1165 660
1194 677
1223 692
1254 703
