186 1053
196 1089
201 1132
203 1169
204 1211
211 1253
224 1291
244 1326
271 1357
301 1385
331 1411
364 1434
399 1458
434 1479
470 1497
508 1509
546 1519
585 1528
628 1530
666 1533
707 1537
748 1533
789 1523
829 1514
869 1504
906 1495
945 1482
985 1468
1022 1453
1057 1434
1090 1409
1116 1382
1144 1350
1170 1318
1198 1289
1218 1256
1236 1218
1252 1180
1262 1142
1274 1104
1290 1062
576 945
552 969
528 997
515 1027
516 1061
539 1088
574 1100
608 1100
642 1095
678 1090
711 1093
748 1092
780 1077
796 1047
788 1015
771 981
753 950
472 1268
496 1252
523 1243
547 1225
570 1202
595 1189
627 1188
658 1190
689 1191
717 1199
743 1212
768 1228
794 1238
825 1241
852 1252
833 1274
807 1286
780 1297
753 1306
725 1314
696 1319
666 1323
635 1326
605 1324
577 1316
551 1303
525 1290
499 1277
487 1269
506 1265
526 1261
546 1257
567 1254
589 1254
610 1253
630 1249
651 1247
671 1251
691 1256
710 1260
730 1266
750 1270
771 1272
755 1275
733 1276
712 1277
690 1276
669 1275
647 1275
630 1264
610 1259
590 1256
568 1257
548 1260
527 1263
507 1266
806 816
817 795
833 776
853 762
874 753
897 748
921 745
945 747
968 754
989 764
1008 780
1008 805
989 819
967 827
946 835
922 840
898 838
874 835
850 830
828 823
522 823
507 808
491 798
472 793
452 791
432 792
412 796
394 801
377 809
361 820
347 836
363 847
380 858
398 863
418 865
439 864
458 862
477 857
494 848
511 838
712 646
748 617
787 595
829 583
877 580
923 585
966 595
1008 609
1048 627
1087 648
1117 683
1097 720
1053 710
1014 688
974 672
931 660
885 656
838 659
792 663
749 673
547 678
542 640
512 618
476 611
437 613
400 619
365 628
332 643
301 663
272 689
251 720
238 753
272 765
300 738
330 716
363 700
398 690
435 685
474 685
513 688
