605 816
607 840
607 863
608 890
612 914
618 938
627 963
638 984
653 1005
667 1024
683 1045
697 1063
714 1084
730 1101
751 1117
770 1131
792 1146
813 1158
836 1168
860 1175
885 1181
910 1181
933 1178
959 1169
981 1158
1002 1145
1023 1132
1043 1116
1060 1100
1077 1081
1093 1061
1110 1043
1126 1024
1142 1004
1155 984
1168 962
1179 938
1188 917
1197 893
1203 868
1208 842
898 818
892 840
886 863
878 883
873 906
885 926
906 930
930 929
953 933
977 934
998 936
1021 932
1031 912
1030 890
1022 868
1014 846
1012 822
824 1014
836 999
852 987
869 982
888 978
906 976
926 975
946 976
965 978
985 979
1002 985
1017 998
1024 1015
1016 1031
1008 1048
997 1063
982 1074
965 1083
949 1091
931 1096
913 1100
895 1104
876 1102
859 1096
843 1086
832 1070
828 1052
825 1033
843 1016
853 1009
865 1007
877 1006
890 1006
903 1007
915 1008
927 1009
939 1007
951 1005
964 1004
976 1005
988 1007
998 1013
997 1023
986 1028
975 1032
964 1035
952 1037
940 1039
928 1041
916 1043
904 1044
892 1043
880 1042
868 1040
857 1036
848 1027
1046 750
1050 745
1056 742
1063 740
1070 739
1078 740
1085 740
1092 740
1099 742
1106 745
1112 749
1106 754
1100 757
1094 759
1087 760
1079 760
1072 759
1065 758
1058 756
1051 754
878 735
876 728
869 724
862 722
854 720
846 719
838 719
830 719
822 720
814 721
807 723
811 729
817 734
824 738
831 740
839 740
847 741
856 741
863 740
871 739
1035 693
1038 677
1053 669
1070 668
1087 667
1105 666
1123 667
1140 668
1158 666
1174 670
1187 680
1192 695
1175 697
1157 697
1139 697
1122 695
1104 695
1086 696
1069 696
1051 696
914 669
896 655
875 648
854 643
832 638
810 634
786 632
763 634
741 639
721 647
704 664
727 664
750 662
774 661
797 664
818 669
839 675
861 681
882 687
905 689
