317 375
320 387
323 399
326 411
329 423
332 436
335 448
341 459
349 470
357 478
365 489
374 497
383 506
394 514
405 520
415 526
427 532
438 538
450 542
462 546
474 548
487 548
499 547
513 546
524 542
535 535
544 527
552 517
560 506
566 496
572 485
579 474
585 462
590 451
594 439
597 427
600 415
603 402
603 390
603 377
603 364
450 348
445 356
442 366
440 376
442 385
450 393
459 395
469 395
479 394
490 393
499 390
509 387
516 380
516 370
512 361
506 353
500 344
401 450
405 437
415 426
427 419
439 414
453 411
468 410
482 409
496 405
509 402
524 401
537 405
549 412
558 423
554 437
551 450
546 463
539 475
527 482
515 488
501 491
487 493
472 493
459 489
447 481
436 473
424 466
412 459
414 445
422 441
431 438
440 436
449 435
459 435
469 435
479 434
489 433
498 431
508 429
517 428
527 428
537 429
538 437
531 444
523 450
515 455
506 458
497 460
488 461
478 460
468 459
459 457
450 455
440 453
431 451
422 449
506 302
511 298
515 294
520 291
525 289
531 287
536 287
542 287
548 287
554 289
558 293
556 298
551 302
546 304
541 306
535 307
529 306
524 305
518 304
512 304
423 305
418 302
413 299
408 297
402 296
396 296
391 298
386 300
381 303
376 307
372 310
377 312
382 313
388 314
394 315
400 315
406 315
411 314
416 312
422 310
498 269
501 260
510 254
519 250
529 247
540 246
551 245
561 247
571 251
580 257
586 265
589 275
581 270
572 264
561 262
550 262
539 263
529 265
518 267
509 270
431 269
422 265
412 264
402 263
392 263
382 263
372 264
363 267
355 272
348 280
344 288
353 286
362 282
370 278
380 277
390 277
401 277
411 278
421 279
431 278
