1118 1076
1120 1121
1121 1165
1122 1215
1126 1259
1132 1303
1143 1353
1155 1395
1174 1437
1198 1478
1224 1517
1249 1554
1281 1590
1304 1628
1333 1668
1364 1701
1401 1723
1447 1739
1494 1751
1540 1758
1585 1762
1630 1764
1675 1758
1721 1738
1756 1712
1791 1681
1823 1647
1851 1612
1881 1572
1909 1536
1933 1498
1958 1456
1980 1416
2000 1375
2017 1333
2032 1289
2044 1245
2053 1198
2057 1149
2056 1105
2053 1056
1491 1011
1463 1028
1446 1057
1435 1093
1449 1123
1481 1133
1518 1141
1550 1142
1586 1142
1621 1138
1656 1138
1690 1139
1726 1135
1754 1116
1750 1083
1731 1051
1705 1028
1374 1287
1410 1276
1448 1267
1486 1259
1523 1249
1562 1243
1601 1237
1643 1237
1683 1240
1721 1248
1758 1258
1797 1265
1834 1275
1838 1314
1819 1348
1792 1378
1760 1403
1727 1423
1692 1438
1655 1448
1614 1449
1572 1448
1533 1443
1497 1431
1463 1413
1432 1387
1405 1357
1385 1324
1392 1301
1424 1297
1456 1293
1489 1296
1522 1296
1556 1297
1590 1297
1623 1295
1655 1291
1687 1287
1721 1286
1754 1287
1787 1289
1819 1294
1802 1320
1776 1341
1749 1356
1721 1369
1689 1374
1658 1380
1625 1383
1591 1383
1558 1381
1527 1376
1496 1369
1467 1359
1439 1345
1413 1326
1742 864
1755 859
1768 851
1780 842
1794 838
1810 837
1825 838
1841 840
1855 843
1869 848
1882 856
1877 870
1864 876
1848 878
1833 877
1818 874
1803 871
1788 869
1772 868
1756 867
1444 856
1440 843
1427 834
1414 828
1399 825
1383 825
1367 826
1352 829
1338 833
1324 840
1312 849
1304 862
1318 865
1334 867
1350 866
1366 865
1382 864
1398 863
1414 861
1429 859
1662 723
1694 711
1726 701
1758 690
1793 685
1828 689
1862 697
1893 711
1923 730
1951 752
1976 779
1963 801
1933 786
1902 772
1869 762
1833 758
1797 757
1759 757
1722 756
1687 751
1524 750
1507 717
1471 700
1433 690
1391 687
1350 690
1311 700
1276 716
1243 739
1215 770
1195 804
1179 840
1214 821
1246 798
1282 781
1321 772
1361 766
1402 764
1445 765
1488 764
