830 1193
835 1227
842 1261
850 1294
860 1331
863 1365
878 1399
901 1425
924 1453
951 1478
979 1497
1004 1524
1030 1549
1059 1567
1092 1579
1126 1592
1160 1606
1192 1616
1229 1624
1263 1629
1297 1630
1335 1629
1369 1621
1402 1606
1434 1589
1462 1571
1491 1548
1513 1522
1535 1491
1553 1462
1570 1429
1586 1396
1600 1367
1611 1331
1619 1295
1627 1262
1633 1227
1637 1192
1641 1157
1647 1122
1654 1084
1260 1173
1245 1193
1226 1216
1214 1240
1208 1269
1229 1285
1258 1290
1285 1293
1313 1289
1343 1289
1368 1286
1399 1285
1424 1276
1447 1259
1447 1233
1436 1206
1417 1183
1194 1426
1205 1406
1224 1391
1243 1377
1262 1363
1281 1349
1303 1342
1328 1341
1352 1339
1376 1341
1398 1348
1418 1358
1438 1372
1452 1391
1460 1412
1452 1434
1441 1454
1426 1473
1407 1487
1385 1493
1361 1497
1337 1499
1312 1497
1290 1493
1268 1486
1246 1478
1228 1462
1210 1444
1213 1422
1227 1415
1242 1412
1256 1407
1271 1403
1286 1399
1300 1394
1315 1391
1332 1391
1348 1393
1365 1393
1381 1394
1396 1397
1410 1402
1417 1414
1403 1421
1390 1427
1376 1434
1361 1438
1346 1441
1332 1447
1317 1451
1301 1449
1285 1447
1270 1444
1255 1440
1241 1435
1227 1429
1409 1022
1415 1008
1422 993
1434 980
1448 972
1464 968
1480 965
1498 965
1514 969
1529 975
1542 984
1547 1000
1534 1012
1520 1022
1505 1028
1490 1032
1473 1035
1456 1035
1440 1031
1424 1028
1179 1022
1169 1014
1159 1004
1148 997
1136 992
1123 991
1109 991
1096 993
1084 997
1073 1005
1062 1013
1073 1022
1083 1031
1094 1038
1106 1042
1119 1043
1133 1042
1146 1039
1158 1036
1170 1032
1383 920
1397 898
1420 885
1443 876
1469 871
1495 867
1523 866
1549 869
1573 877
1594 894
1608 915
1607 937
1584 926
1559 918
1534 914
1507 911
1480 913
1455 919
1430 925
1405 932
1237 937
1232 905
1205 884
1173 873
1140 867
1103 867
1068 869
1035 877
1004 889
975 906
951 932
936 962
966 950
997 938
1029 929
1062 921
1098 920
1134 923
1169 925
1203 931
