518 619
520 640
522 662
525 682
529 703
535 724
542 744
549 764
556 786
563 805
569 826
575 847
584 866
596 886
609 902
625 917
641 931
658 944
676 955
696 963
717 970
736 978
758 984
779 986
798 976
815 964
833 952
850 939
867 924
880 909
893 889
901 870
907 849
911 828
916 807
921 787
927 765
933 745
939 724
945 703
950 681
756 667
748 678
741 690
740 704
748 716
761 720
774 721
788 722
804 724
816 726
832 726
845 725
857 716
860 702
858 689
852 676
843 664
699 804
711 803
721 798
732 796
744 797
754 800
765 803
777 805
788 806
799 808
811 810
822 811
833 814
843 820
852 828
842 834
831 836
819 835
807 835
795 834
783 833
772 832
761 829
750 827
738 825
728 822
717 819
708 812
710 810
720 809
730 810
740 810
750 812
759 814
768 816
777 818
786 821
796 822
805 823
815 822
825 822
834 824
843 828
835 824
826 822
816 823
806 824
796 824
786 822
777 820
768 817
759 815
750 813
740 813
730 811
720 810
862 601
866 596
871 593
876 590
881 588
887 587
893 587
899 588
904 591
909 595
913 599
912 605
907 608
902 610
895 610
890 608
884 606
879 604
874 601
868 601
741 580
737 573
730 568
723 563
716 561
708 559
700 558
691 559
683 561
676 564
669 568
676 573
683 577
690 581
697 584
705 586
713 588
721 589
730 589
738 587
845 545
855 537
868 535
881 535
894 537
907 539
919 542
931 545
942 552
952 562
958 573
952 581
941 573
931 565
920 559
908 555
895 553
882 552
869 552
856 551
785 536
780 518
761 506
741 498
720 493
697 491
677 498
658 510
640 522
623 539
610 557
599 576
618 565
637 553
656 543
675 534
696 528
719 525
741 528
762 533
