735 989
747 1019
759 1050
762 1084
768 1118
778 1149
789 1183
800 1215
811 1248
824 1276
842 1306
861 1335
878 1363
901 1389
925 1410
953 1430
985 1444
1017 1453
1051 1462
1082 1457
1116 1452
1150 1442
1179 1428
1209 1414
1241 1395
1267 1377
1294 1353
1316 1328
1336 1303
1354 1271
1372 1244
1387 1214
1396 1181
1400 1147
1402 1115
1405 1081
1407 1046
1408 1011
1407 979
1403 944
1393 911
989 999
980 1019
968 1041
961 1066
968 1088
990 1095
1014 1090
1039 1086
1063 1084
1086 1082
1112 1082
1135 1082
1158 1071
1164 1049
1157 1026
1141 1006
1120 991
961 1227
970 1210
986 1199
1003 1191
1020 1182
1039 1178
1059 1177
1079 1175
1100 1174
1120 1177
1139 1180
1158 1183
1177 1188
1195 1196
1204 1212
1189 1226
1173 1238
1157 1250
1141 1260
1124 1268
1105 1273
1085 1275
1065 1276
1045 1273
1027 1268
1009 1261
992 1252
976 1242
962 1228
977 1224
994 1224
1011 1222
1027 1220
1045 1220
1061 1223
1078 1223
1095 1222
1111 1220
1128 1217
1145 1216
1161 1213
1178 1211
1194 1209
1181 1214
1164 1215
1147 1216
1130 1217
1114 1219
1097 1222
1082 1226
1065 1229
1048 1228
1031 1227
1014 1228
996 1228
979 1228
1149 859
1153 849
1162 840
1172 835
1182 830
1192 826
1204 825
1216 826
1227 828
1237 833
1246 841
1251 850
1241 854
1230 857
1219 860
1208 861
1196 862
1184 861
1172 860
1160 861
946 884
944 873
934 866
924 861
913 858
900 858
888 858
877 862
867 867
857 874
848 882
844 893
854 898
866 900
878 900
890 900
902 898
914 896
925 893
935 889
1037 774
1049 748
1079 743
1109 739
1140 738
1172 737
1203 738
1233 743
1262 748
1291 756
1315 774
1303 800
1273 804
1244 797
1213 795
1182 796
1151 799
1121 802
1089 801
1059 798
1014 786
991 764
960 758
928 760
898 766
869 774
842 787
815 802
791 823
777 850
770 879
777 909
804 898
825 873
849 852
876 839
905 830
934 822
964 816
994 810
