332 433
331 445
332 458
334 471
334 484
334 496
337 509
342 521
346 533
350 546
354 558
360 570
363 583
368 593
374 604
385 612
397 619
408 624
421 627
434 627
446 626
458 622
471 618
483 613
495 608
506 602
516 595
527 588
539 581
549 573
558 564
568 556
577 547
586 538
593 528
599 516
604 504
609 491
613 479
616 467
619 454
378 415
375 424
370 435
366 444
366 454
372 463
383 466
392 469
403 469
413 470
425 471
435 473
445 469
448 459
444 450
440 439
437 429
362 519
366 512
373 509
381 506
388 505
397 504
405 505
413 507
420 510
427 513
433 518
440 522
447 526
455 528
456 535
449 538
442 541
434 544
427 546
419 548
411 550
403 551
395 550
387 548
380 545
373 540
368 533
364 526
368 524
375 524
381 524
387 525
394 525
400 526
407 526
413 527
419 527
426 527
432 527
438 528
444 530
450 530
456 530
450 530
444 529
437 528
431 527
425 527
419 526
412 526
406 526
400 525
394 524
387 525
381 524
375 523
456 387
461 382
466 378
471 375
477 373
484 373
490 374
496 375
502 378
508 380
512 385
510 391
504 394
498 396
492 397
485 397
479 395
473 393
468 391
461 389
391 379
390 374
386 371
382 368
378 365
374 363
369 362
364 361
359 362
355 364
352 368
353 373
354 377
358 381
362 383
367 384
372 384
377 383
381 382
386 382
445 338
449 328
459 323
469 321
480 318
491 317
503 318
513 321
523 325
532 331
541 339
537 345
528 340
518 336
507 333
497 331
485 332
475 335
465 338
455 342
377 331
376 326
374 322
370 319
365 317
361 315
356 313
351 312
346 313
341 314
337 317
334 321
339 323
345 323
350 323
355 324
360 326
364 329
368 332
373 334
