346 373
350 386
356 400
362 414
368 428
376 441
384 453
393 465
403 477
414 488
424 500
435 510
445 521
457 530
472 530
487 529
502 527
516 523
530 517
544 509
556 500
567 490
580 483
592 474
604 464
615 455
627 446
639 435
644 421
648 406
652 392
654 377
653 363
650 347
649 333
647 317
644 303
640 288
637 273
634 258
630 243
409 380
410 388
408 397
412 406
418 411
427 414
436 416
444 414
452 411
461 408
470 406
476 399
476 390
475 381
470 373
466 366
457 361
419 456
424 454
430 451
435 449
442 448
448 448
454 448
460 446
466 445
473 444
479 444
486 444
492 444
499 445
502 449
497 452
491 454
485 455
480 458
474 460
468 461
462 462
455 463
449 463
442 463
436 462
430 460
424 458
423 455
428 454
433 452
438 452
443 451
449 452
454 453
459 452
464 451
469 450
474 449
479 447
484 446
489 446
494 446
490 446
485 446
480 447
475 449
470 450
465 451
460 452
455 453
449 453
444 452
438 453
433 453
428 454
467 314
466 308
469 302
474 298
480 295
487 295
494 294
500 294
507 295
513 297
519 299
524 302
518 306
513 308
507 311
501 312
494 314
488 315
481 315
474 315
400 323
398 318
394 315
389 313
383 312
378 312
372 312
367 313
361 315
357 317
353 322
354 327
358 330
364 332
369 332
375 333
380 332
386 331
391 329
396 327
433 293
440 288
447 285
455 282
463 281
470 278
478 275
486 273
494 272
502 274
510 276
506 279
497 280
489 281
482 283
474 286
467 289
459 291
450 292
442 293
396 301
390 297
382 297
375 296
367 296
360 296
352 296
345 295
338 296
331 298
326 303
332 307
339 307
347 307
354 308
361 308
369 308
376 308
384 308
391 307
