633 659
639 681
643 706
653 729
666 749
679 771
692 793
706 814
720 833
736 852
755 870
772 886
793 901
815 913
836 927
856 940
878 953
901 962
926 967
950 968
975 967
1000 965
1024 957
1046 947
1066 932
1077 910
1085 885
1087 861
1090 837
1099 813
1109 790
1118 768
1125 743
1129 719
1132 694
1135 669
1134 646
1133 620
1129 594
1125 571
1119 545
901 580
894 596
888 614
889 633
900 649
917 658
934 664
954 668
972 669
991 668
1011 663
1026 655
1038 639
1039 621
1038 601
1032 584
1017 572
845 755
861 747
878 741
896 737
914 734
932 730
951 726
970 725
988 721
1004 713
1021 706
1039 703
1055 710
1051 728
1047 746
1043 764
1038 781
1027 796
1012 807
995 813
977 817
957 817
939 815
921 811
904 803
889 792
874 780
859 768
849 757
865 753
880 747
896 745
912 741
928 738
944 736
961 734
978 733
994 729
1008 721
1021 712
1036 705
1052 708
1045 722
1036 735
1026 749
1017 762
1005 774
991 783
975 787
958 788
942 786
925 783
909 781
893 777
877 773
862 768
981 488
981 480
984 473
991 467
997 463
1004 459
1011 456
1020 455
1028 455
1036 457
1042 461
1047 468
1042 475
1036 479
1028 482
1021 485
1014 488
1005 489
997 489
989 490
849 518
840 515
831 512
821 509
811 509
801 510
792 513
783 517
775 522
767 529
761 537
771 539
782 539
792 538
802 536
812 535
821 532
830 528
839 525
849 524
972 457
970 441
980 429
992 418
1004 409
1018 402
1032 397
1047 396
1063 398
1077 403
1086 415
1089 430
1083 442
1070 435
1055 432
1039 434
1025 438
1012 444
999 452
986 461
872 480
868 461
845 457
820 458
797 460
774 465
753 472
732 483
714 499
698 517
683 535
684 560
707 555
725 540
743 524
763 511
784 502
805 495
827 490
851 486
