195 437
197 453
200 469
204 485
207 501
213 518
219 532
228 547
239 560
250 570
263 582
276 592
289 602
304 612
318 620
334 626
349 629
367 631
382 630
399 626
414 622
431 618
448 612
462 606
476 598
490 589
502 576
511 563
521 549
529 534
535 519
539 503
541 485
543 470
543 453
542 436
540 419
539 404
537 387
535 370
534 353
321 385
318 398
316 412
317 426
325 438
338 444
352 446
367 446
381 445
394 442
406 432
416 423
425 411
429 398
424 384
415 373
404 363
318 539
320 525
326 513
335 503
346 495
358 488
370 482
382 479
396 477
408 473
421 469
435 469
449 471
461 477
471 486
478 497
468 506
457 513
445 520
433 525
420 528
408 532
396 538
383 542
370 545
357 547
343 546
329 545
319 540
325 531
333 522
340 514
349 507
359 503
370 502
381 500
391 498
401 494
411 491
422 488
432 485
443 485
454 488
450 495
438 495
427 494
416 495
405 498
395 501
385 504
375 508
366 515
357 521
348 527
338 530
328 533
391 310
397 304
403 298
409 292
415 286
422 281
429 277
436 276
445 276
452 278
459 282
460 291
454 296
446 300
439 302
431 303
423 304
415 305
406 306
399 308
275 334
268 332
260 330
252 328
244 327
235 328
228 331
221 335
215 341
210 348
207 355
215 357
224 356
232 355
239 353
247 350
254 347
261 344
269 342
277 340
383 281
380 268
388 258
399 251
410 243
421 236
432 229
443 225
457 225
469 228
480 235
488 245
477 245
464 244
451 246
439 252
428 259
417 265
406 272
395 277
281 295
270 290
257 289
245 288
232 287
219 287
208 291
197 296
186 301
177 311
173 322
183 317
195 313
207 311
218 307
231 306
243 308
257 307
269 309
281 307
