455 1426
463 1494
476 1560
492 1626
511 1692
531 1756
552 1817
578 1878
607 1942
642 2000
683 2059
726 2107
779 2153
828 2197
881 2243
933 2283
995 2312
1063 2328
1131 2323
1199 2308
1261 2295
1333 2282
1397 2269
1460 2252
1527 2222
1582 2189
1638 2147
1692 2108
1741 2066
1789 2009
1828 1957
1863 1902
1895 1836
1925 1777
1955 1720
1989 1656
2020 1598
2050 1533
2073 1475
2093 1409
2106 1336
894 1227
870 1271
853 1319
849 1371
878 1415
927 1426
982 1416
1030 1403
1081 1400
1134 1396
1185 1401
1237 1411
1288 1394
1300 1346
1278 1296
1248 1253
1215 1211
760 1785
784 1735
813 1687
847 1641
891 1600
940 1575
1000 1576
1058 1582
1117 1585
1172 1598
1221 1623
1271 1647
1318 1679
1362 1718
1399 1763
1379 1814
1336 1856
1287 1882
1238 1907
1188 1932
1138 1956
1082 1965
1024 1971
968 1961
918 1938
869 1913
823 1879
786 1834
837 1765
869 1742
901 1718
935 1699
969 1683
1008 1675
1048 1671
1089 1669
1129 1674
1166 1685
1201 1700
1237 1712
1273 1725
1308 1737
1340 1762
1327 1796
1292 1812
1254 1819
1214 1824
1172 1824
1132 1827
1091 1830
1050 1833
1011 1838
969 1836
929 1833
892 1823
860 1798
1292 1021
1310 991
1338 965
1367 945
1398 929
1432 919
1469 917
1505 923
1538 934
1569 951
1597 975
1597 1012
1568 1033
1535 1044
1502 1054
1466 1059
1428 1060
1390 1059
1355 1052
1321 1043
901 1041
883 1018
861 999
837 983
810 975
781 974
752 977
725 984
700 998
681 1020
664 1043
674 1069
697 1086
723 1095
753 1098
783 1097
811 1092
839 1086
865 1078
890 1066
1186 713
1229 654
1304 649
1379 654
1450 667
1519 683
1585 706
1647 740
1708 776
1764 828
1796 891
1744 927
1685 885
1627 840
1559 821
1487 811
1409 811
1337 820
1264 809
1200 783
878 833
858 784
806 769
751 759
694 754
635 755
580 764
529 783
484 817
449 861
424 910
402 959
451 937
496 902
544 877
595 860
651 851
707 844
766 843
825 846
