1649 1668
1659 1729
1671 1796
1683 1857
1699 1919
1717 1986
1735 2046
1755 2105
1779 2169
1812 2227
1843 2280
1872 2337
1902 2396
1938 2450
1981 2497
2032 2546
2085 2577
2149 2600
2211 2607
2274 2611
2340 2606
2406 2595
2469 2575
2522 2547
2582 2508
2632 2470
2680 2429
2726 2386
2777 2335
2821 2288
2861 2237
2899 2186
2935 2134
2970 2076
2998 2015
3026 1962
3052 1898
3069 1837
3079 1776
3087 1708
3096 1641
2108 1565
2083 1608
2056 1657
2030 1705
2034 1761
2075 1794
2126 1811
2181 1822
2235 1829
2292 1827
2348 1821
2390 1791
2422 1743
2422 1688
2397 1639
2366 1595
2333 1548
1949 2037
1990 2016
2027 1984
2065 1953
2107 1934
2155 1930
2204 1926
2249 1914
2300 1914
2342 1933
2381 1959
2420 1984
2461 2007
2504 2022
2545 2033
2507 2064
2468 2091
2426 2111
2382 2124
2336 2132
2289 2141
2243 2151
2194 2154
2145 2157
2096 2155
2053 2140
2015 2111
1982 2074
1961 2041
2001 2041
2040 2042
2077 2035
2113 2028
2152 2030
2192 2030
2230 2027
2270 2027
2308 2031
2344 2037
2381 2045
2418 2050
2457 2050
2497 2048
2463 2050
2424 2051
2386 2048
2348 2043
2311 2038
2272 2035
2232 2036
2193 2035
2154 2037
2116 2043
2078 2046
2039 2045
1999 2045
2438 1315
2462 1298
2488 1282
2514 1270
2543 1264
2575 1263
2606 1266
2633 1274
2659 1288
2684 1306
2708 1325
2693 1349
2666 1361
2637 1366
2606 1368
2574 1369
2544 1363
2516 1355
2489 1346
2462 1334
2064 1310
2042 1291
2019 1275
1994 1263
1967 1257
1937 1255
1908 1258
1881 1265
1857 1277
1834 1294
1812 1314
1835 1329
1859 1343
1885 1353
1912 1359
1942 1358
1970 1353
1997 1347
2024 1340
2051 1333
2306 1177
2332 1117
2392 1088
2459 1080
2530 1077
2602 1078
2671 1085
2737 1097
2800 1116
2858 1147
2909 1197
2892 1252
2825 1243
2758 1231
2694 1215
2630 1197
2565 1184
2495 1189
2428 1200
2363 1212
2106 1144
2064 1120
2021 1100
1976 1085
1928 1076
1876 1073
1824 1075
1774 1079
1728 1092
1688 1120
1658 1160
1700 1184
1751 1181
1800 1173
1851 1171
1902 1175
1952 1180
2002 1185
2052 1190
2102 1187
