211 245
214 271
216 301
218 329
221 359
221 388
222 417
229 446
234 474
246 501
262 526
275 550
292 572
316 590
336 610
358 631
382 649
405 663
432 677
458 688
486 688
516 686
544 684
575 683
602 675
627 664
648 644
670 625
692 606
716 587
738 570
760 552
779 529
795 504
806 479
815 450
817 421
819 391
821 364
824 334
826 304
475 297
472 318
456 335
445 355
450 379
471 389
492 390
516 389
539 390
564 390
587 395
608 401
626 388
631 366
620 344
606 327
597 303
387 485
405 483
423 486
440 483
459 483
477 486
494 489
512 491
531 491
549 489
568 488
586 489
604 492
621 496
630 509
613 514
596 517
578 519
560 521
541 520
523 519
505 517
487 515
470 511
454 505
438 499
422 492
405 488
426 486
439 490
453 493
467 496
481 499
495 501
510 502
524 504
539 506
553 507
569 507
584 506
599 506
613 504
628 505
613 506
598 507
583 507
568 507
553 508
538 507
523 506
509 504
495 502
480 500
466 497
453 494
439 490
616 229
623 217
634 210
645 204
658 200
671 198
685 199
699 201
711 205
722 212
732 222
734 235
722 240
709 243
695 244
681 243
667 242
654 240
641 237
628 234
444 210
444 198
435 189
425 182
415 178
404 174
392 172
380 173
369 177
359 183
351 192
345 202
355 208
365 214
375 219
387 222
399 223
411 221
423 220
434 217
622 104
639 89
660 86
681 88
702 93
722 99
742 104
762 112
779 124
794 140
804 158
792 167
776 152
758 139
739 131
718 127
696 126
674 128
652 130
633 122
489 112
484 86
464 67
440 59
414 55
386 57
361 62
337 72
314 84
293 99
277 121
268 144
289 130
311 116
334 105
359 98
386 96
413 99
437 106
461 114
