287 293
291 310
295 326
299 344
303 360
309 377
316 392
325 408
335 422
345 435
358 449
373 459
388 468
402 476
416 486
431 497
445 507
459 517
475 524
492 529
508 532
526 533
542 529
560 523
574 512
585 500
595 484
602 469
611 454
622 439
632 427
643 413
652 397
658 381
665 365
670 348
675 332
677 315
677 296
679 279
680 261
471 331
459 339
453 351
458 365
469 374
482 379
496 383
511 382
526 380
539 377
553 371
564 362
572 351
570 336
561 325
549 316
537 308
430 406
444 407
458 404
471 402
485 401
500 402
514 400
528 399
542 397
555 394
568 390
582 389
593 398
588 410
583 423
577 435
567 445
556 452
543 457
530 460
516 462
502 463
488 461
475 456
464 449
453 440
442 430
434 419
437 411
448 410
460 411
472 411
484 411
496 410
508 410
520 410
532 408
543 405
554 403
564 399
575 396
585 392
578 401
570 410
563 420
554 425
543 429
532 432
521 434
510 436
498 437
486 436
475 433
465 430
455 426
445 419
563 231
565 227
569 223
574 220
578 217
583 215
588 213
593 213
598 213
603 215
608 217
608 222
603 225
599 227
594 230
589 231
584 232
579 233
573 232
568 233
437 246
433 242
428 240
422 239
417 239
411 238
405 239
400 241
395 243
390 246
387 251
391 254
396 257
402 257
408 257
414 257
420 257
425 256
431 254
435 251
544 177
550 167
561 161
572 156
582 151
593 145
604 139
615 136
628 135
640 138
650 145
646 156
636 163
624 166
613 169
601 171
588 173
577 176
566 180
554 184
454 186
443 178
429 175
415 173
401 173
386 174
372 175
359 179
347 185
336 194
325 204
338 209
352 210
366 207
379 204
393 202
407 201
422 201
436 201
450 198
