186 979
198 1018
212 1062
226 1106
238 1149
251 1192
264 1236
277 1279
295 1320
320 1358
349 1392
379 1425
413 1455
450 1485
485 1511
526 1537
565 1556
609 1571
651 1582
696 1587
742 1584
783 1574
827 1554
866 1534
904 1508
939 1479
971 1447
1001 1412
1028 1378
1056 1341
1081 1308
1106 1269
1126 1228
1137 1185
1144 1141
1147 1095
1148 1050
1146 1005
1141 959
1134 913
1126 867
536 890
529 930
521 972
513 1010
514 1054
541 1081
582 1093
623 1093
667 1091
708 1076
745 1061
781 1038
788 1001
773 958
747 928
727 891
712 849
461 1255
488 1238
521 1234
555 1234
588 1230
618 1220
649 1214
681 1210
712 1202
743 1194
774 1187
805 1181
837 1175
870 1171
886 1189
859 1208
831 1223
803 1236
774 1249
745 1261
716 1272
686 1280
654 1285
620 1285
586 1283
553 1280
521 1275
490 1268
490 1249
520 1250
549 1247
579 1245
608 1243
637 1240
667 1237
695 1233
723 1226
749 1218
775 1208
801 1199
827 1191
854 1184
882 1177
855 1183
828 1190
801 1198
775 1208
750 1217
723 1225
696 1232
667 1236
638 1238
609 1241
579 1244
549 1245
520 1248
740 733
751 718
765 707
781 699
797 693
814 690
833 688
851 688
869 692
886 696
901 703
903 718
886 723
869 727
852 731
834 733
815 734
796 734
777 734
758 735
448 766
436 757
421 753
404 753
389 756
374 760
359 765
346 771
333 779
321 790
309 802
325 804
340 807
357 808
372 805
388 803
402 799
416 793
430 787
443 780
667 601
692 573
727 566
764 568
801 571
839 573
876 576
912 581
947 589
977 608
1003 636
973 649
938 643
902 638
863 638
826 635
789 633
752 637
716 643
683 633
482 641
447 633
410 635
376 642
344 654
313 671
284 690
255 710
227 735
210 765
199 798
232 787
262 771
291 751
321 731
353 718
385 707
419 698
455 695
485 677
