93 390
94 402
95 416
97 428
99 442
103 453
109 465
115 476
121 487
129 499
137 509
145 519
152 529
161 539
171 549
181 557
192 563
204 568
217 570
230 572
243 573
256 573
269 573
282 572
294 570
307 567
319 561
329 553
337 543
342 530
346 519
352 507
357 495
362 483
366 471
369 458
372 446
374 433
376 419
377 406
378 393
251 345
247 358
245 372
239 385
240 399
248 411
260 416
275 415
289 415
303 413
316 410
329 403
330 389
324 376
315 366
307 354
303 340
222 467
229 460
237 456
245 452
254 450
263 448
272 446
281 445
291 444
301 443
310 442
320 444
328 447
335 453
338 462
333 470
326 476
318 480
310 484
301 486
291 487
281 488
272 487
263 484
254 482
245 480
236 478
228 474
225 470
233 471
240 470
248 469
256 468
264 467
272 467
280 467
288 466
296 466
304 465
312 464
320 464
328 464
336 465
328 465
320 464
311 465
304 465
296 466
288 467
280 467
272 467
264 468
256 468
248 469
240 470
232 471
301 325
305 321
309 318
314 315
319 313
324 312
330 311
336 311
341 313
346 315
349 320
348 325
344 329
339 331
334 332
328 332
322 332
317 330
311 329
306 328
217 324
215 320
211 317
206 315
202 314
197 314
192 315
188 317
184 319
180 322
177 326
180 330
184 332
189 335
193 335
199 335
203 334
208 333
212 331
216 328
302 286
304 280
310 278
316 276
323 275
329 274
336 274
343 274
349 275
355 277
360 280
359 286
353 289
346 289
339 289
333 289
326 290
320 291
313 291
307 290
246 281
234 276
221 272
207 272
193 272
179 274
166 278
154 283
142 290
131 300
127 312
140 309
152 304
165 300
178 297
192 295
206 295
220 296
234 297
248 294
