724 1061
728 1094
730 1129
736 1164
748 1194
764 1227
778 1258
793 1286
812 1319
829 1347
846 1376
861 1406
882 1437
902 1465
923 1492
946 1519
971 1543
998 1564
1028 1579
1062 1589
1096 1589
1131 1586
1162 1580
1196 1566
1225 1546
1252 1527
1279 1503
1303 1480
1327 1454
1348 1426
1366 1397
1382 1366
1398 1336
1411 1304
1428 1275
1444 1245
1462 1215
1477 1185
1494 1151
1509 1120
1522 1088
1027 991
1016 1027
1008 1067
1001 1106
995 1145
1011 1180
1045 1198
1083 1213
1121 1221
1161 1215
1200 1204
1236 1192
1252 1159
1246 1120
1234 1079
1223 1041
1212 1001
948 1273
971 1265
998 1265
1024 1266
1050 1269
1075 1273
1099 1279
1123 1286
1149 1286
1176 1285
1202 1286
1229 1287
1255 1288
1272 1304
1254 1324
1234 1340
1213 1354
1190 1363
1167 1370
1141 1372
1115 1370
1090 1366
1066 1360
1043 1352
1021 1341
999 1328
979 1313
960 1294
962 1279
983 1286
1003 1294
1024 1300
1044 1307
1066 1312
1088 1316
1112 1318
1134 1320
1158 1320
1181 1317
1203 1313
1225 1308
1246 1302
1267 1297
1246 1304
1225 1310
1203 1315
1181 1318
1158 1320
1134 1321
1110 1321
1088 1319
1065 1315
1044 1310
1023 1304
1002 1296
982 1288
1235 943
1239 926
1255 918
1269 910
1285 902
1301 898
1320 899
1337 901
1354 904
1371 909
1385 919
1386 936
1372 945
1355 950
1339 954
1321 956
1303 956
1286 953
1268 951
1251 947
979 917
974 904
963 895
951 888
938 884
924 882
910 880
895 881
882 885
871 892
859 900
865 913
875 922
888 928
901 932
915 935
928 937
943 935
956 931
968 926
1211 895
1217 866
1242 851
1269 841
1298 836
1328 834
1360 834
1391 836
1420 841
1446 854
1468 876
1479 902
1450 906
1423 898
1394 892
1363 891
1332 888
1301 887
1271 889
1240 891
1038 864
1013 846
986 834
959 822
930 813
901 806
870 802
838 801
807 806
781 822
764 847
790 863
815 847
843 836
876 836
906 842
934 851
962 862
990 873
1019 880
