1038 1297
1040 1343
1042 1389
1043 1436
1046 1479
1054 1528
1065 1570
1081 1614
1103 1655
1128 1695
1160 1733
1187 1767
1217 1805
1246 1841
1269 1879
1292 1919
1319 1961
1352 1989
1393 2014
1436 2031
1481 2042
1528 2045
1575 2039
1620 2024
1660 2000
1696 1971
1730 1942
1769 1912
1806 1888
1847 1863
1885 1837
1918 1808
1948 1772
1975 1735
1997 1691
2015 1647
2026 1604
2034 1559
2038 1511
2047 1464
2071 1423
1396 1412
1366 1432
1338 1466
1343 1507
1364 1538
1395 1568
1430 1588
1468 1607
1505 1608
1546 1592
1585 1579
1624 1567
1660 1554
1681 1517
1683 1479
1654 1448
1617 1430
1255 1610
1287 1633
1321 1651
1360 1658
1399 1664
1437 1673
1475 1682
1514 1687
1556 1686
1596 1683
1638 1682
1679 1679
1717 1672
1734 1688
1702 1714
1671 1739
1639 1762
1605 1781
1569 1795
1531 1802
1490 1803
1451 1797
1415 1785
1381 1765
1351 1738
1324 1707
1300 1675
1278 1643
1306 1645
1332 1666
1360 1679
1390 1690
1419 1700
1449 1710
1480 1717
1512 1721
1547 1721
1580 1718
1613 1715
1644 1708
1675 1702
1706 1694
1735 1684
1707 1692
1676 1699
1644 1704
1612 1710
1580 1715
1547 1717
1513 1719
1480 1716
1449 1709
1419 1699
1390 1689
1361 1678
1333 1662
1654 1262
1675 1261
1693 1267
1710 1276
1728 1281
1747 1286
1765 1291
1785 1294
1805 1295
1826 1294
1839 1296
1821 1301
1802 1304
1781 1304
1761 1302
1742 1298
1723 1293
1706 1286
1689 1277
1672 1268
1420 1240
1406 1237
1384 1240
1363 1242
1341 1245
1319 1246
1298 1244
1277 1239
1259 1231
1241 1220
1223 1208
1238 1225
1255 1237
1274 1246
1293 1253
1315 1256
1337 1255
1358 1252
1379 1249
1400 1245
1608 1194
1636 1161
1672 1142
1710 1128
1750 1119
1793 1117
1835 1122
1875 1132
1912 1146
1948 1165
1980 1194
1975 1233
1931 1231
1894 1218
1856 1203
1817 1192
1774 1190
1732 1195
1690 1200
1647 1204
1434 1148
1410 1122
1382 1103
1352 1090
1320 1080
1288 1072
1255 1066
1220 1062
1185 1065
1153 1074
1125 1094
1145 1122
1173 1142
1205 1151
1239 1156
1274 1159
1310 1160
1346 1160
1380 1164
1414 1170
