1079 1135
1079 1183
1081 1231
1084 1284
1086 1333
1092 1383
1101 1429
1116 1475
1143 1515
1180 1556
1217 1588
1251 1622
1285 1656
1322 1689
1360 1726
1394 1757
1435 1791
1473 1820
1513 1851
1556 1880
1600 1895
1650 1899
1699 1892
1746 1878
1793 1853
1817 1814
1846 1771
1865 1726
1897 1687
1929 1647
1950 1602
1980 1563
2003 1520
2021 1475
2045 1431
2066 1385
2084 1339
2097 1293
2108 1242
2107 1193
2099 1141
1696 1167
1728 1146
1692 1170
1671 1204
1659 1249
1662 1292
1682 1328
1719 1351
1762 1369
1806 1378
1849 1377
1889 1369
1928 1347
1949 1307
1941 1264
1928 1222
1913 1180
1479 1425
1513 1408
1555 1409
1595 1415
1635 1420
1675 1424
1714 1430
1752 1438
1792 1443
1834 1444
1875 1446
1908 1467
1899 1505
1888 1542
1875 1578
1859 1613
1830 1643
1795 1659
1755 1662
1715 1656
1678 1646
1643 1631
1609 1613
1575 1593
1549 1562
1527 1529
1508 1495
1492 1460
1501 1437
1529 1422
1562 1426
1593 1432
1624 1439
1655 1447
1685 1456
1714 1466
1746 1472
1779 1476
1811 1472
1842 1465
1873 1459
1886 1484
1871 1512
1856 1539
1832 1564
1804 1577
1772 1583
1738 1582
1708 1574
1678 1564
1648 1555
1619 1545
1591 1530
1564 1511
1539 1489
1516 1464
1904 1053
1909 1036
1923 1023
1939 1013
1956 1006
1973 1000
1991 998
2010 1000
2027 1006
2043 1015
2055 1030
2059 1048
2048 1064
2031 1070
2012 1072
1993 1072
1974 1070
1957 1063
1939 1059
1920 1061
1695 1009
1685 990
1671 973
1653 961
1635 951
1613 948
1591 947
1569 950
1549 955
1530 963
1511 972
1524 989
1541 1004
1559 1014
1579 1021
1600 1025
1622 1028
1644 1029
1666 1029
1689 1029
1964 928
1979 919
1995 912
2011 906
2027 901
2044 898
2062 896
2080 895
2098 898
2113 906
2115 922
2099 928
2082 933
2065 935
2048 939
2031 943
2014 946
1998 952
1981 956
1966 946
1798 892
1764 871
1727 857
1690 845
1650 837
1609 830
1568 826
1526 830
1488 841
1452 859
1419 882
1462 883
1503 879
1545 875
1588 874
1630 878
1669 886
1706 899
1743 914
1781 926
