1076 1180
1087 1220
1097 1266
1110 1310
1119 1349
1131 1397
1144 1440
1161 1481
1182 1517
1203 1558
1224 1598
1253 1634
1278 1672
1304 1709
1331 1741
1361 1774
1397 1803
1438 1825
1476 1840
1522 1846
1567 1847
1612 1848
1657 1841
1701 1825
1738 1801
1770 1774
1804 1745
1839 1714
1866 1676
1893 1645
1922 1607
1944 1569
1964 1530
1982 1490
1999 1444
2007 1403
2020 1358
2026 1314
2030 1270
2032 1227
2033 1178
1467 1124
1456 1160
1442 1195
1428 1230
1420 1270
1438 1304
1472 1316
1512 1318
1552 1315
1589 1313
1629 1315
1667 1304
1681 1273
1675 1232
1659 1196
1641 1163
1623 1126
1379 1497
1403 1485
1429 1478
1455 1470
1479 1461
1506 1454
1534 1453
1563 1452
1591 1450
1621 1450
1648 1455
1673 1463
1697 1475
1719 1492
1726 1518
1704 1534
1680 1546
1655 1555
1629 1562
1603 1568
1575 1572
1546 1573
1519 1569
1493 1563
1467 1556
1442 1547
1418 1533
1395 1520
1386 1504
1411 1505
1434 1508
1456 1503
1479 1499
1504 1498
1528 1500
1552 1499
1576 1496
1601 1497
1625 1498
1649 1501
1672 1504
1696 1507
1720 1509
1698 1505
1675 1503
1652 1498
1629 1495
1604 1494
1579 1495
1555 1497
1530 1498
1506 1496
1481 1497
1458 1501
1434 1503
1410 1502
1682 960
1697 945
1715 935
1733 927
1751 920
1770 915
1791 913
1811 916
1830 921
1848 930
1864 942
1859 961
1842 971
1823 976
1802 980
1781 978
1762 974
1742 970
1723 965
1704 960
1389 943
1379 930
1365 923
1350 917
1335 914
1318 914
1301 915
1286 919
1272 926
1259 935
1247 947
1257 960
1270 969
1286 972
1302 973
1319 972
1335 970
1351 967
1365 962
1379 956
1619 854
1649 821
1686 802
1726 789
1768 781
1814 781
1857 786
1896 800
1933 820
1967 850
1989 886
1987 930
1949 911
1916 882
1878 863
1836 855
1790 856
1745 858
1701 863
1658 868
1467 847
1436 814
1397 799
1356 788
1312 784
1266 784
1225 793
1188 814
1155 844
1130 879
1119 920
1120 965
1153 933
1181 900
1215 872
1254 858
1300 857
1342 864
1385 870
1430 867
