273 373
274 384
276 396
278 408
281 420
284 431
288 443
291 455
296 465
300 476
305 488
311 498
319 508
328 514
339 520
350 525
362 529
374 532
386 533
397 533
409 531
421 529
433 526
444 522
456 517
466 512
476 505
485 497
494 488
501 479
507 469
511 457
513 445
517 434
519 423
521 411
522 398
522 386
523 375
524 363
526 350
368 365
361 372
353 380
351 392
358 399
368 404
378 409
389 413
399 412
411 409
421 403
430 397
439 391
446 383
442 373
433 367
423 361
339 435
347 431
355 428
364 429
373 430
383 429
392 427
401 427
410 427
420 426
429 425
439 426
448 427
454 433
448 441
442 447
434 453
427 457
418 460
410 462
401 464
392 465
383 463
374 461
366 459
358 455
351 450
344 443
342 438
349 436
358 436
366 437
373 438
382 439
390 438
398 437
406 437
414 436
422 434
429 433
437 431
445 430
446 435
439 438
432 441
425 443
418 445
410 447
402 449
394 450
386 451
378 451
370 449
363 447
355 444
348 442
440 293
443 290
448 290
451 292
455 293
459 293
463 294
467 296
470 298
473 301
477 303
473 305
470 304
466 302
463 301
459 299
455 299
451 298
447 296
444 294
348 304
348 300
345 298
342 297
339 296
335 296
332 296
329 297
326 298
323 300
320 303
317 305
321 306
324 306
328 306
331 306
335 306
338 306
342 306
345 305
413 289
418 281
427 275
435 271
444 267
454 264
464 265
474 267
484 270
492 275
498 283
501 293
491 295
481 293
471 291
462 289
452 287
441 287
432 290
422 292
353 280
345 277
338 275
329 274
321 273
312 275
305 278
298 283
291 288
285 294
280 301
288 304
295 301
302 297
310 293
317 290
326 289
334 289
343 289
351 288
