320 453
321 464
326 476
335 485
343 493
351 503
358 512
365 523
372 533
379 543
387 552
394 562
400 572
406 583
413 593
421 602
433 608
444 608
457 606
469 604
480 600
491 595
502 589
514 584
525 579
534 572
543 564
551 554
557 544
565 535
572 524
579 514
585 504
589 492
594 481
601 471
606 460
610 448
613 437
617 425
618 412
374 424
372 434
369 445
367 455
372 465
380 472
390 476
401 476
412 473
420 467
430 462
440 457
446 449
445 438
438 429
431 421
428 410
392 522
389 512
386 502
396 498
407 496
418 494
428 491
438 488
448 485
458 482
469 480
480 478
491 477
502 478
508 487
502 496
495 505
487 513
479 521
470 528
461 535
452 540
442 545
433 549
422 550
412 547
403 541
397 532
392 502
401 502
410 503
420 503
428 501
436 499
445 496
453 493
461 491
469 488
478 486
486 484
495 483
500 488
494 495
487 501
480 506
473 510
465 515
458 519
450 522
441 524
433 526
424 528
415 527
407 523
401 516
397 509
441 378
442 374
445 370
449 368
454 367
459 367
464 367
469 367
474 367
479 368
484 369
480 371
476 373
471 374
467 376
463 378
458 380
454 381
449 382
444 382
371 391
368 389
364 388
360 387
356 387
352 387
348 388
345 389
341 391
339 394
337 398
340 400
344 401
348 402
352 401
356 401
359 400
363 399
367 397
370 395
399 352
403 340
413 334
424 329
436 325
448 322
460 321
473 322
486 324
497 327
508 333
504 342
491 342
478 341
465 340
453 341
441 345
431 351
420 357
409 361
365 366
362 360
357 356
351 353
345 351
338 350
331 349
325 351
319 354
314 359
312 366
313 372
319 374
322 368
327 363
333 361
340 361
347 362
353 364
359 367
