1098 1223
1107 1265
1118 1307
1133 1351
1148 1393
1161 1437
1176 1480
1190 1522
1206 1562
1229 1599
1254 1638
1282 1674
1314 1703
1350 1732
1385 1764
1416 1793
1452 1823
1490 1845
1532 1855
1579 1855
1621 1856
1669 1854
1711 1848
1756 1838
1800 1826
1844 1812
1882 1793
1921 1766
1954 1741
1990 1713
2025 1684
2057 1654
2087 1617
2111 1579
2129 1541
2147 1498
2161 1457
2174 1412
2184 1368
2193 1323
2202 1279
1480 1135
1450 1166
1420 1203
1414 1246
1444 1281
1485 1295
1535 1300
1577 1309
1624 1308
1670 1307
1714 1311
1761 1309
1794 1279
1792 1234
1775 1192
1738 1158
1706 1125
1379 1484
1408 1460
1436 1437
1468 1422
1503 1416
1539 1422
1573 1431
1610 1428
1646 1424
1683 1427
1717 1436
1750 1448
1782 1461
1813 1477
1829 1508
1802 1534
1772 1553
1741 1570
1709 1583
1674 1590
1637 1594
1599 1595
1562 1592
1527 1586
1495 1572
1465 1553
1436 1531
1407 1509
1400 1489
1431 1489
1461 1487
1491 1487
1522 1487
1552 1486
1582 1488
1612 1491
1642 1492
1672 1493
1702 1493
1733 1494
1763 1495
1794 1495
1814 1496
1785 1500
1755 1502
1725 1503
1695 1504
1665 1507
1635 1508
1605 1510
1575 1509
1545 1508
1514 1507
1485 1504
1457 1499
1428 1495
1788 990
1805 975
1822 960
1840 949
1860 941
1880 935
1903 933
1924 937
1944 944
1963 953
1981 965
1982 987
1963 996
1941 1000
1919 1002
1897 1005
1874 1005
1852 1002
1830 998
1809 995
1412 981
1410 963
1397 949
1382 939
1366 932
1349 927
1330 924
1311 924
1293 928
1277 936
1263 947
1255 963
1270 973
1285 983
1302 989
1320 991
1339 991
1358 989
1377 988
1396 986
1710 824
1735 804
1764 794
1794 786
1826 782
1860 784
1892 788
1923 793
1954 800
1982 813
1993 838
1960 840
1927 843
1894 845
1863 849
1832 856
1801 862
1771 870
1740 876
1715 856
1534 807
1502 792
1468 784
1432 779
1395 775
1359 770
1322 769
1286 774
1255 791
1228 818
1204 846
1240 841
1274 832
1309 827
1347 829
1382 834
1418 839
1455 844
1492 846
1528 842
