381 503
381 518
381 533
381 547
383 562
385 577
390 592
397 605
405 618
414 629
424 642
433 654
443 666
452 677
461 689
471 701
481 712
494 721
507 728
522 732
536 733
552 730
566 724
577 716
590 708
602 699
614 689
625 679
638 670
650 661
661 651
672 639
681 628
690 616
697 602
702 588
706 573
709 559
711 544
714 530
717 513
512 495
505 504
496 515
489 526
489 538
500 545
513 549
525 551
539 551
552 552
565 553
577 552
591 548
595 536
591 524
584 514
576 502
459 588
470 585
483 584
496 584
508 585
521 586
533 588
546 589
558 588
571 589
583 591
595 594
607 596
611 606
601 615
592 624
582 632
572 637
561 642
549 644
536 644
523 642
512 638
501 633
491 626
482 617
474 608
466 598
473 590
483 592
493 592
504 592
515 593
525 594
535 595
545 596
555 594
565 595
575 597
585 598
596 599
606 600
600 607
591 612
583 616
573 619
564 621
554 623
544 624
533 624
523 622
514 618
506 614
497 609
489 603
481 596
593 450
599 444
605 439
611 436
618 434
625 432
634 432
641 434
648 436
655 439
661 443
662 449
654 450
646 450
639 451
631 451
623 450
616 449
608 447
601 449
495 429
491 424
486 422
481 420
475 420
469 419
463 419
458 420
453 422
448 425
444 429
449 431
454 433
459 435
465 435
471 436
477 436
482 436
488 435
494 434
581 393
593 392
606 393
620 393
632 391
644 389
656 387
667 392
677 399
687 408
690 418
679 414
668 408
657 405
644 406
631 408
619 409
606 409
593 410
581 406
525 405
523 394
513 388
501 383
490 379
478 376
466 373
453 371
441 372
429 378
419 385
410 395
423 393
436 392
450 392
462 394
475 396
487 399
500 401
512 404
