210 369
207 386
208 405
211 423
211 442
213 460
212 478
214 497
223 514
233 529
244 545
251 561
263 575
277 587
293 599
307 610
322 621
339 627
357 633
375 638
394 640
412 641
430 641
449 637
464 627
479 615
494 604
508 593
523 581
537 569
548 555
560 539
573 526
583 511
592 494
597 476
601 459
602 439
603 421
604 402
601 383
373 394
362 405
353 417
354 432
365 443
381 445
395 446
411 449
428 450
442 447
458 444
474 440
489 437
497 424
491 411
481 397
471 385
349 521
359 513
371 510
383 508
396 506
409 505
421 509
434 511
446 508
457 504
471 504
483 506
495 509
505 517
502 528
495 539
485 548
475 556
463 559
451 562
438 564
425 564
412 562
400 559
389 555
378 548
368 540
358 531
356 523
367 524
378 526
388 529
399 532
409 534
420 535
432 536
443 534
453 531
463 528
473 524
483 521
494 519
505 518
494 518
483 521
473 524
463 527
452 530
442 533
431 534
419 534
408 533
398 530
388 528
377 524
367 522
491 323
495 319
500 317
505 314
510 312
515 311
521 311
527 311
532 313
537 317
540 321
538 326
533 329
528 331
523 332
517 332
511 331
506 330
501 328
496 325
348 321
343 315
337 312
331 309
324 307
317 307
310 309
303 311
297 314
291 317
285 320
291 322
297 325
304 328
310 330
317 331
325 331
332 331
339 330
345 327
447 272
453 264
460 258
468 253
477 248
487 247
497 246
507 245
517 246
526 248
534 256
529 264
519 264
508 264
499 266
489 268
481 271
472 277
464 281
455 278
375 262
364 256
353 252
341 250
327 250
315 252
303 255
292 259
281 264
270 271
261 280
273 282
286 282
299 280
311 278
323 276
336 274
348 273
362 272
374 273
