340 453
340 466
339 482
340 495
341 510
343 524
346 538
350 551
356 565
364 577
373 588
382 598
392 608
403 619
415 627
427 635
439 641
451 648
463 655
477 663
490 668
503 670
518 671
532 670
547 666
559 659
571 652
584 645
596 638
609 630
620 621
629 611
638 600
645 588
651 575
657 560
661 547
665 534
668 520
672 505
675 491
511 435
505 448
497 460
490 475
488 489
495 503
509 508
523 513
538 517
553 519
568 522
583 517
588 503
588 488
582 474
577 460
575 444
437 543
449 540
461 538
474 537
486 538
500 538
511 541
522 546
534 548
547 549
558 553
569 558
580 563
587 573
581 583
573 593
562 600
551 603
537 603
525 600
513 598
501 595
490 592
479 586
469 580
459 573
449 564
442 554
447 547
456 546
467 546
476 546
486 548
495 549
505 551
513 554
522 557
531 559
541 561
550 562
559 564
568 567
570 575
562 580
553 582
543 582
533 581
524 579
515 577
506 575
496 573
487 571
478 568
470 565
461 561
454 554
586 433
590 430
595 428
600 426
606 424
612 424
618 424
623 425
628 427
633 430
636 435
635 440
630 441
624 442
618 441
613 440
607 439
602 437
597 436
591 435
497 413
492 408
487 404
481 402
475 400
469 399
462 399
456 399
450 401
444 403
439 407
444 411
449 414
455 416
461 418
467 419
474 419
481 419
487 419
494 418
579 374
589 370
600 371
611 372
622 373
633 374
643 376
653 380
661 387
667 396
671 405
664 410
656 402
648 395
638 391
627 390
616 390
605 389
595 387
585 382
535 372
524 363
512 358
499 353
486 349
472 348
457 347
442 347
429 350
417 356
405 363
419 365
434 366
448 367
462 368
476 370
490 372
503 376
516 381
530 383
