144 595
143 610
143 627
147 642
152 658
157 672
161 687
166 703
175 716
186 727
198 739
211 747
225 754
241 759
256 762
272 765
288 769
303 773
319 777
335 781
349 785
364 789
381 794
395 798
411 803
427 805
443 801
456 794
468 783
477 770
483 756
487 740
488 723
490 709
494 692
498 676
502 661
505 645
507 629
509 613
510 597
395 560
387 567
380 577
379 589
386 599
396 604
407 610
418 615
429 619
440 622
453 619
463 615
473 608
483 600
489 590
485 578
481 567
335 666
341 658
349 654
358 650
367 648
376 646
386 645
396 644
405 643
415 645
424 647
433 650
441 655
447 662
450 671
452 681
444 687
435 689
425 691
415 691
406 688
397 686
388 684
379 680
371 677
362 673
353 671
343 670
339 664
347 663
355 664
363 666
371 666
379 666
388 666
396 667
403 669
410 672
418 675
425 676
433 678
441 680
448 681
442 675
435 671
428 669
420 668
412 667
404 666
396 665
388 664
379 664
371 665
363 664
355 663
346 663
463 520
465 516
469 515
474 514
478 515
482 516
486 519
489 523
491 527
492 531
493 536
493 540
488 541
483 541
479 540
474 539
470 537
468 533
466 529
464 524
374 495
371 489
367 484
363 478
358 473
353 469
346 467
339 466
333 468
327 470
321 474
316 479
322 484
327 488
333 491
339 493
346 495
353 496
360 496
367 495
450 477
455 471
461 467
467 463
473 460
481 459
488 461
495 464
501 468
505 474
509 480
512 486
507 489
500 488
493 487
485 485
478 485
470 484
463 482
456 480
410 446
409 437
402 430
395 424
388 419
379 418
369 418
361 416
351 415
344 420
337 426
333 433
342 434
351 436
360 437
369 439
376 443
384 447
393 449
402 450
