208 590
210 606
212 622
213 637
215 654
219 669
223 685
228 700
235 714
244 727
255 739
268 750
281 759
295 766
310 772
325 779
340 784
356 788
373 789
389 788
405 787
420 787
436 788
452 787
469 785
483 781
498 772
509 760
518 748
526 734
533 719
539 704
543 688
546 672
549 657
551 641
550 624
550 609
550 592
550 576
547 560
369 526
361 537
355 550
351 564
355 578
367 585
382 585
397 584
411 583
426 584
440 586
452 578
457 565
455 551
450 537
443 524
435 512
322 656
331 648
341 641
350 635
360 630
370 624
380 618
391 615
402 616
414 616
426 615
437 617
447 623
457 629
465 637
470 647
461 654
450 657
439 660
428 662
416 663
404 664
392 664
380 664
368 665
356 664
344 663
332 661
332 653
341 650
350 647
360 644
369 641
379 639
388 637
399 636
410 636
420 637
431 637
442 637
451 640
460 644
469 647
460 644
451 641
441 638
431 637
420 637
410 637
399 636
389 637
379 639
369 641
360 644
351 647
341 650
433 478
434 470
438 462
443 455
450 449
458 447
467 446
476 447
484 450
491 455
497 462
500 470
502 478
494 482
485 483
476 484
467 484
458 484
449 484
439 484
335 478
328 470
321 463
312 458
303 454
293 453
283 454
273 457
265 463
258 470
253 479
249 488
257 492
268 493
277 491
287 488
297 486
306 484
317 483
327 483
415 422
421 412
432 408
444 405
456 404
469 404
482 405
493 408
504 412
514 420
521 430
519 439
509 432
498 427
486 425
474 423
461 423
448 423
436 426
425 429
355 429
350 417
339 412
326 409
312 408
299 409
286 412
274 417
263 423
253 432
246 443
243 456
253 447
264 440
276 437
289 434
302 433
316 432
330 431
343 432
