946 1113
941 1159
934 1208
931 1255
929 1304
931 1354
938 1401
946 1450
958 1501
974 1543
1003 1585
1031 1623
1064 1665
1098 1697
1134 1730
1173 1758
1216 1790
1253 1816
1295 1843
1338 1863
1388 1879
1433 1887
1485 1893
1530 1895
1581 1884
1619 1854
1662 1826
1710 1815
1751 1793
1794 1769
1834 1745
1873 1710
1899 1668
1921 1629
1940 1583
1956 1536
1972 1487
1987 1440
2000 1392
2008 1344
2016 1295
1478 1154
1446 1181
1410 1212
1397 1254
1408 1297
1443 1328
1480 1356
1517 1381
1554 1409
1596 1424
1639 1412
1683 1393
1728 1382
1739 1338
1732 1297
1710 1253
1691 1210
1274 1460
1309 1457
1343 1454
1378 1454
1413 1455
1446 1460
1477 1470
1507 1481
1539 1489
1572 1495
1604 1503
1634 1514
1663 1528
1692 1542
1677 1569
1648 1584
1618 1597
1588 1608
1556 1615
1521 1616
1487 1613
1455 1606
1425 1595
1396 1580
1368 1562
1342 1538
1320 1512
1299 1486
1288 1468
1319 1466
1346 1476
1374 1482
1403 1488
1431 1494
1460 1501
1487 1509
1515 1517
1544 1523
1572 1529
1601 1534
1630 1541
1658 1547
1687 1553
1659 1551
1628 1548
1598 1546
1567 1545
1536 1542
1508 1537
1480 1529
1452 1521
1425 1512
1397 1505
1369 1498
1339 1494
1313 1484
1775 1045
1792 1041
1809 1034
1826 1028
1843 1023
1862 1021
1881 1023
1899 1027
1915 1035
1930 1046
1944 1060
1937 1075
1918 1076
1898 1076
1880 1074
1862 1070
1845 1064
1828 1057
1812 1051
1792 1050
1405 954
1396 940
1383 930
1369 922
1353 919
1336 916
1319 916
1301 917
1285 920
1271 927
1258 939
1271 950
1286 957
1301 962
1316 966
1332 970
1349 972
1367 972
1384 971
1401 969
1783 955
1807 939
1834 930
1863 924
1892 919
1922 917
1952 921
1980 928
2005 942
2023 965
2029 994
2025 1023
2003 1012
1984 989
1959 974
1931 966
1901 965
1870 967
1839 969
1809 967
1478 890
1477 856
1444 832
1408 815
1371 803
1333 794
1291 790
1251 796
1214 809
1180 828
1149 858
1132 893
1173 897
1209 880
1244 862
1283 853
1325 851
1365 856
1403 866
1439 881
