899 1206
905 1246
912 1286
922 1326
936 1364
954 1405
969 1442
984 1480
1002 1516
1025 1553
1049 1584
1076 1617
1105 1649
1135 1676
1161 1711
1187 1741
1220 1768
1256 1789
1294 1802
1333 1810
1376 1817
1419 1820
1458 1813
1498 1798
1529 1776
1561 1746
1588 1715
1615 1682
1639 1652
1666 1620
1695 1586
1720 1556
1746 1521
1768 1486
1785 1449
1798 1408
1805 1369
1812 1330
1820 1288
1829 1248
1837 1204
1317 1267
1292 1295
1268 1328
1265 1364
1288 1398
1316 1423
1346 1447
1380 1467
1415 1483
1452 1472
1482 1445
1508 1415
1534 1387
1550 1351
1535 1315
1511 1283
1486 1252
1155 1456
1196 1459
1235 1466
1274 1472
1312 1481
1348 1493
1384 1504
1426 1504
1465 1498
1501 1486
1537 1473
1573 1462
1593 1492
1576 1526
1557 1560
1536 1593
1511 1624
1480 1649
1444 1661
1405 1667
1364 1665
1326 1656
1290 1642
1257 1622
1230 1591
1208 1559
1188 1525
1171 1491
1181 1463
1213 1471
1244 1479
1274 1491
1304 1500
1334 1510
1363 1523
1397 1527
1429 1522
1461 1515
1491 1504
1520 1493
1550 1480
1579 1467
1566 1495
1542 1519
1516 1541
1489 1560
1461 1577
1432 1589
1401 1598
1366 1598
1336 1589
1306 1576
1278 1560
1253 1538
1227 1515
1204 1489
1518 1102
1529 1085
1543 1069
1558 1055
1574 1043
1591 1033
1609 1025
1628 1021
1650 1021
1668 1028
1684 1039
1690 1058
1676 1073
1658 1082
1639 1087
1619 1089
1598 1090
1577 1091
1557 1093
1537 1096
1242 1083
1230 1073
1218 1064
1205 1057
1190 1053
1175 1051
1159 1053
1146 1058
1132 1065
1120 1075
1110 1087
1121 1099
1134 1107
1148 1112
1163 1114
1179 1113
1194 1111
1209 1107
1223 1102
1236 1097
1479 1003
1500 977
1526 959
1555 945
1584 935
1614 926
1644 917
1676 912
1709 914
1738 925
1765 943
1759 971
1725 972
1693 969
1661 974
1632 985
1601 993
1569 998
1538 1004
1508 1013
1289 984
1260 963
1224 958
1187 955
1149 953
1111 954
1075 959
1041 967
1007 977
975 992
949 1020
979 1037
1018 1037
1051 1027
1087 1021
1124 1018
1162 1016
1199 1018
1237 1019
1273 1014
