515 609
516 627
522 647
529 664
538 682
547 700
559 715
574 729
588 743
600 758
613 773
626 786
641 802
655 812
672 825
689 832
708 834
728 834
747 831
767 825
784 816
802 809
820 800
836 787
849 773
863 758
876 745
890 732
907 720
922 707
935 692
944 676
952 658
959 640
962 621
963 601
963 580
960 560
954 543
948 523
942 504
615 564
609 579
606 593
608 609
615 622
630 631
643 637
660 641
674 638
690 633
703 624
716 616
729 607
737 592
738 577
731 563
720 551
609 670
622 665
637 661
652 660
668 661
684 661
698 658
712 653
726 650
741 647
755 644
769 640
784 638
793 644
784 656
775 668
765 680
753 691
741 699
728 706
714 711
700 714
684 715
669 714
656 709
643 701
631 692
621 680
621 675
634 675
647 674
660 674
672 674
685 675
697 673
708 669
719 664
730 660
742 657
753 653
764 649
775 645
778 651
768 658
758 664
748 669
737 675
726 680
716 685
704 688
692 690
679 690
667 688
655 685
644 682
633 679
717 491
724 487
730 482
737 478
744 475
752 473
760 472
768 472
777 473
785 472
793 473
786 475
778 477
771 479
764 482
756 484
748 485
740 486
733 489
725 490
594 508
589 507
583 507
577 507
571 508
566 510
560 511
555 512
549 514
544 517
539 519
545 519
551 518
557 518
563 518
569 517
575 516
581 515
586 514
592 512
688 453
690 439
702 429
714 422
727 418
741 415
755 412
769 410
784 411
796 417
806 428
811 440
796 439
782 438
767 439
754 443
741 447
728 452
714 456
700 458
597 472
588 463
578 457
567 454
555 453
542 453
530 455
519 459
509 465
503 475
501 487
499 498
509 493
519 488
530 485
542 484
555 484
567 483
579 481
591 481
