170 257
173 268
178 278
183 288
188 299
194 309
199 318
205 329
211 339
216 349
222 358
229 368
236 376
244 384
254 392
264 397
274 399
287 397
298 395
309 393
320 390
331 385
339 378
347 370
356 362
364 354
372 346
380 337
387 329
392 318
396 307
400 297
404 286
409 275
412 265
416 253
419 243
422 231
424 221
424 209
422 197
225 214
222 226
219 237
216 250
214 261
218 273
228 279
240 283
252 282
263 278
274 272
285 266
288 255
287 243
282 233
277 222
272 210
215 323
217 316
223 311
230 308
238 306
246 306
254 306
263 306
271 307
278 310
285 312
293 314
300 316
307 318
305 326
299 332
294 338
288 343
281 348
274 351
267 353
259 354
250 354
243 350
237 346
230 341
224 336
219 330
220 322
222 317
228 317
233 319
238 322
244 324
249 325
255 324
260 323
266 323
272 322
278 322
284 321
289 320
295 319
291 319
286 321
281 322
275 323
269 323
263 324
257 325
252 326
247 328
241 329
235 328
230 326
225 325
280 191
284 186
288 181
293 176
298 173
304 170
310 169
317 169
323 170
329 172
334 176
336 182
330 185
325 189
319 191
313 193
306 193
300 193
293 192
287 191
217 191
216 187
213 183
209 181
205 179
201 178
197 177
192 178
188 179
185 182
183 186
181 190
184 194
188 196
192 197
197 197
201 197
206 196
210 195
214 194
264 151
268 143
275 139
283 135
290 130
298 127
306 124
315 124
323 127
331 130
338 136
338 142
330 140
322 138
313 137
304 138
295 139
287 143
280 148
273 152
209 157
204 153
200 150
195 148
190 145
184 144
179 143
173 144
168 146
163 149
159 152
164 153
170 154
176 155
181 155
187 156
192 157
198 159
203 160
208 161
