487 665
487 684
486 706
487 727
491 750
496 771
501 791
507 811
515 831
526 849
539 866
554 881
572 895
589 907
606 918
625 929
645 937
664 944
685 952
706 957
728 959
748 959
769 958
791 955
812 949
832 941
851 931
870 921
887 910
903 896
919 880
932 864
943 845
950 826
955 805
960 783
964 762
968 741
970 720
970 700
970 676
684 638
679 653
674 669
672 687
675 702
689 713
707 712
723 708
740 706
757 708
774 712
790 713
806 706
812 690
809 674
803 656
798 640
660 802
667 792
678 785
688 779
699 773
710 768
723 766
734 769
748 769
760 768
773 770
784 775
794 781
805 788
815 794
824 803
813 807
800 808
787 809
774 810
761 810
748 810
735 809
723 807
710 806
697 806
684 807
671 806
663 800
673 797
683 793
693 789
703 786
714 784
725 785
737 786
749 786
760 787
771 789
781 791
791 795
802 798
812 802
802 799
791 796
781 792
771 789
760 787
749 786
737 786
726 785
714 785
704 787
693 790
683 793
673 798
801 574
807 568
814 564
822 562
830 560
839 561
847 562
855 563
862 565
869 570
875 576
871 583
864 586
856 587
847 587
839 585
832 583
824 581
816 580
808 579
656 562
651 558
644 555
638 553
630 553
623 553
616 555
610 558
604 561
599 566
594 572
600 575
607 577
614 578
621 578
628 578
635 577
642 576
648 573
654 569
806 524
811 514
820 506
830 502
842 502
854 503
864 507
875 510
885 515
894 521
903 528
905 538
893 538
881 537
869 537
857 537
845 537
833 538
821 538
811 534
675 528
663 516
648 508
633 502
617 498
600 494
582 496
566 500
551 507
538 519
527 532
541 540
558 538
574 533
591 531
609 530
627 530
644 532
660 538
675 545
