252 437
256 451
261 467
266 483
271 498
276 512
285 527
295 540
305 551
317 563
328 573
341 584
354 592
368 599
383 605
398 612
413 619
426 626
441 631
457 631
474 630
489 626
505 621
518 613
531 603
543 591
553 580
563 566
571 554
581 541
590 528
599 515
606 501
613 486
617 471
619 454
618 438
615 423
612 407
610 390
608 374
425 426
419 436
414 448
412 462
415 473
427 479
439 483
451 483
464 480
476 475
486 468
498 461
505 451
502 438
495 427
489 416
480 406
404 538
412 532
421 528
430 525
439 521
448 517
457 515
468 514
477 511
487 510
498 511
508 512
518 513
526 517
520 525
515 533
509 542
503 550
494 555
486 559
476 562
467 565
456 565
446 563
437 560
428 556
420 551
411 545
404 538
413 537
423 537
431 538
440 539
450 539
459 540
467 538
475 535
483 532
491 529
499 526
506 523
514 520
522 517
514 520
507 524
499 528
492 532
484 537
476 539
467 540
459 541
449 541
440 541
431 540
422 539
414 538
475 349
478 342
482 335
487 328
494 322
501 319
509 317
518 317
526 318
534 320
542 322
545 330
539 336
532 340
525 343
517 346
509 348
501 349
492 349
483 349
371 372
364 368
356 366
348 364
340 362
331 362
323 364
316 367
309 372
303 378
299 385
306 388
314 391
322 392
331 391
339 390
347 388
355 386
363 384
370 380
453 320
459 308
468 298
479 290
491 284
502 278
514 273
526 269
540 266
553 267
565 272
558 282
544 282
532 286
520 292
509 299
498 306
487 313
476 321
464 327
386 330
374 323
360 321
345 321
330 320
316 319
301 318
287 320
274 325
263 334
256 346
268 340
281 335
295 333
309 335
323 337
337 340
351 341
366 342
380 341
