560 764
565 783
573 803
579 823
584 843
591 861
599 881
610 899
624 914
641 925
659 934
680 941
700 946
720 950
741 953
761 957
781 960
801 961
823 962
843 963
864 967
884 969
905 968
925 966
946 964
965 961
986 954
1005 945
1020 931
1033 916
1042 896
1047 876
1050 856
1053 836
1057 816
1060 794
1063 774
1065 753
1067 732
1066 713
1065 690
812 635
805 648
799 662
801 677
814 686
829 689
845 688
860 686
875 685
891 686
905 687
921 686
933 676
933 661
927 646
922 633
916 617
778 783
791 774
803 765
816 756
829 748
843 741
858 738
875 738
891 737
906 734
922 735
936 742
949 750
962 758
974 768
968 781
956 793
942 799
928 803
913 806
897 809
881 810
865 810
849 808
834 805
820 801
806 796
792 790
794 783
806 780
817 778
829 774
840 772
852 769
865 768
877 767
889 766
902 766
915 767
927 768
939 769
952 770
964 769
952 769
939 768
927 767
914 767
902 765
889 765
877 766
864 768
852 769
840 771
828 773
817 777
806 780
904 563
913 556
921 550
930 545
940 541
950 538
961 537
971 539
980 544
989 551
995 560
998 569
988 574
978 575
967 575
956 573
946 571
935 570
925 568
914 567
776 571
769 562
760 555
750 550
740 545
729 543
718 546
708 551
699 558
690 566
682 575
676 584
688 586
699 587
711 587
723 587
734 584
745 582
755 579
766 575
885 485
898 469
916 461
936 458
956 459
975 464
993 470
1010 480
1025 494
1034 511
1038 531
1034 541
1026 523
1017 506
1002 492
983 486
963 487
942 489
922 492
902 493
783 467
764 457
743 452
721 451
698 453
678 459
659 469
641 483
625 500
613 518
604 537
622 527
640 514
658 500
676 489
696 480
717 476
740 475
762 480
783 485
