398 1743
400 1802
405 1863
416 1923
430 1981
445 2041
458 2101
468 2161
481 2220
502 2284
525 2338
553 2395
584 2444
620 2493
661 2537
715 2577
768 2598
827 2615
890 2626
949 2622
1010 2616
1075 2612
1134 2598
1186 2565
1237 2538
1291 2503
1336 2464
1386 2427
1437 2393
1477 2349
1515 2299
1544 2245
1579 2191
1603 2138
1626 2078
1644 2018
1670 1963
1682 1906
1690 1844
1705 1785
1710 1721
799 1677
781 1715
760 1757
740 1800
738 1844
763 1880
811 1896
856 1896
902 1898
948 1896
991 1902
1037 1893
1067 1857
1063 1814
1049 1768
1030 1728
1008 1685
692 2123
719 2107
747 2095
779 2089
812 2086
845 2087
878 2091
910 2095
944 2095
978 2094
1012 2095
1045 2096
1078 2099
1109 2106
1137 2122
1114 2139
1082 2145
1050 2150
1018 2155
985 2156
951 2154
918 2152
884 2153
850 2153
816 2151
783 2148
750 2146
719 2140
755 2146
780 2141
804 2137
830 2133
855 2130
881 2127
906 2124
932 2122
957 2118
983 2115
1009 2114
1036 2114
1063 2115
1088 2119
1111 2128
1091 2130
1065 2129
1039 2132
1014 2136
988 2139
962 2141
937 2145
912 2148
886 2151
860 2153
833 2152
807 2150
781 2148
1083 1528
1103 1510
1124 1492
1147 1482
1173 1477
1200 1475
1227 1479
1251 1486
1275 1495
1298 1506
1321 1515
1313 1534
1288 1541
1263 1547
1237 1552
1210 1555
1182 1554
1157 1548
1132 1542
1106 1539
779 1519
758 1508
736 1500
714 1492
691 1487
668 1482
644 1479
619 1478
595 1481
574 1491
563 1512
576 1532
595 1547
618 1552
643 1551
668 1548
691 1544
715 1541
739 1537
763 1534
998 1368
1016 1313
1069 1290
1131 1288
1194 1290
1255 1294
1313 1307
1366 1329
1415 1361
1461 1405
1492 1454
1491 1511
1451 1464
1402 1430
1350 1407
1293 1392
1234 1383
1172 1380
1112 1386
1051 1391
768 1370
740 1336
702 1318
661 1307
617 1302
573 1307
534 1321
496 1340
461 1366
435 1401
430 1445
441 1487
479 1473
508 1439
541 1408
580 1390
623 1384
668 1387
708 1399
751 1407
