488 384
486 407
483 429
480 455
478 477
477 502
481 525
487 548
494 571
501 595
509 618
519 639
530 660
543 680
558 698
576 714
595 728
619 739
640 744
665 744
688 745
713 745
737 745
760 742
783 738
808 735
831 726
853 718
875 712
897 699
915 686
934 668
947 648
959 628
968 607
974 584
978 559
980 535
983 511
985 488
985 463
587 380
580 397
567 411
557 429
562 447
573 464
586 477
606 484
624 481
644 478
663 474
683 469
697 457
698 438
695 418
687 401
678 382
567 577
579 566
591 555
603 545
616 537
631 535
647 537
662 533
678 534
693 536
708 538
724 541
738 544
753 548
757 562
745 573
732 582
720 591
707 600
694 608
680 613
665 616
649 616
633 614
619 609
606 602
593 593
581 584
574 571
584 563
596 559
608 555
620 553
634 552
647 551
660 551
674 551
687 551
700 553
713 554
727 554
740 555
749 563
738 570
727 575
715 579
702 581
689 581
676 583
663 585
650 584
637 583
624 581
611 579
598 577
586 574
724 328
733 324
742 319
752 315
762 313
773 314
783 316
792 321
801 326
809 331
818 337
814 345
804 346
793 347
782 347
772 346
762 343
752 339
743 336
733 334
595 299
590 295
584 291
579 289
573 286
567 284
561 283
554 283
548 284
542 287
537 291
542 296
547 300
553 302
559 303
566 303
573 303
580 303
586 304
593 304
696 252
717 244
742 245
768 246
793 248
817 251
840 257
861 267
879 285
893 304
906 324
887 319
867 306
847 295
826 284
804 277
779 274
754 276
728 276
704 274
621 237
612 225
600 215
587 209
574 205
559 203
544 204
530 208
517 214
507 226
503 239
509 253
521 246
533 239
548 236
563 236
578 239
591 244
604 249
619 251
