302 427
304 442
305 457
311 469
318 483
324 496
331 509
338 522
346 534
355 547
366 556
376 567
386 578
399 584
413 589
426 595
439 603
451 612
466 616
479 621
494 623
508 624
524 623
539 623
553 619
566 614
579 607
591 599
601 587
608 576
617 563
625 550
630 536
634 523
638 508
643 494
649 481
654 466
659 453
660 438
659 422
507 412
498 418
488 428
482 438
479 450
487 459
500 463
512 465
523 466
536 465
549 464
560 461
573 458
581 450
580 437
574 427
565 418
429 517
439 512
451 513
463 514
475 514
488 514
500 513
512 514
523 511
533 508
545 506
557 506
568 508
579 512
578 524
569 531
559 537
548 540
537 542
525 544
514 546
502 547
490 546
479 543
469 538
459 533
449 527
439 522
445 521
454 519
464 519
474 520
484 520
494 520
503 522
513 523
522 524
532 523
540 520
549 517
558 516
568 517
573 520
564 520
554 521
545 524
537 527
528 530
519 531
509 532
500 531
491 529
482 527
473 523
464 522
454 522
564 372
568 367
573 363
579 359
585 356
592 355
598 354
606 354
612 356
618 358
624 362
622 369
617 372
610 374
604 376
598 377
590 377
584 376
577 376
570 376
466 366
463 359
458 355
451 354
444 354
437 354
430 356
423 357
417 359
411 363
406 368
412 371
418 374
424 376
431 377
438 378
446 378
453 377
459 375
465 373
568 323
574 314
583 311
593 309
604 309
615 310
626 310
636 312
645 315
653 321
658 330
653 339
644 337
635 331
626 329
616 326
605 326
595 328
585 330
575 331
487 318
477 311
465 308
452 307
438 307
425 307
412 309
401 312
390 318
379 325
370 335
384 336
396 333
408 330
421 329
434 328
447 329
460 331
473 332
485 330
