598 1314
606 1353
614 1392
620 1431
626 1470
635 1508
645 1549
656 1586
667 1628
676 1666
689 1702
712 1739
737 1765
769 1791
801 1816
831 1842
864 1868
895 1890
930 1910
967 1928
1005 1940
1046 1945
1085 1943
1124 1934
1162 1919
1199 1901
1234 1882
1269 1860
1300 1835
1330 1809
1358 1780
1382 1748
1400 1712
1415 1674
1427 1635
1437 1599
1446 1560
1456 1520
1469 1482
1486 1444
1504 1407
1065 1331
1046 1351
1026 1372
1016 1400
1022 1427
1043 1448
1064 1469
1092 1480
1121 1485
1148 1485
1177 1480
1206 1468
1229 1451
1239 1423
1232 1395
1223 1367
1213 1339
913 1585
936 1575
962 1574
988 1572
1013 1570
1038 1565
1063 1561
1087 1567
1112 1571
1138 1570
1164 1571
1187 1578
1209 1589
1230 1602
1225 1626
1205 1640
1184 1654
1162 1663
1138 1670
1114 1674
1087 1675
1063 1671
1041 1661
1019 1649
997 1638
975 1627
954 1616
933 1603
924 1585
946 1588
968 1587
991 1587
1013 1588
1034 1591
1055 1594
1076 1598
1097 1601
1120 1601
1143 1600
1164 1603
1186 1605
1208 1606
1229 1611
1209 1608
1186 1606
1164 1606
1142 1605
1119 1604
1098 1602
1076 1599
1055 1596
1034 1592
1013 1589
990 1589
968 1588
945 1588
1250 1179
1261 1164
1276 1152
1292 1144
1309 1140
1328 1138
1347 1139
1365 1142
1381 1150
1396 1162
1408 1176
1409 1194
1392 1200
1374 1203
1355 1204
1337 1202
1319 1197
1303 1192
1285 1188
1266 1186
985 1135
978 1122
966 1111
953 1103
940 1098
925 1095
910 1092
894 1092
879 1097
867 1105
860 1118
864 1133
873 1145
886 1152
899 1157
915 1158
931 1157
946 1155
961 1151
975 1147
1264 1080
1279 1060
1298 1044
1319 1034
1344 1031
1369 1032
1394 1033
1419 1035
1441 1044
1460 1059
1478 1078
1473 1095
1452 1085
1430 1078
1406 1072
1383 1067
1358 1067
1336 1075
1313 1081
1288 1084
1050 1023
1030 996
1003 978
972 969
938 967
904 966
871 970
839 978
809 988
781 1002
753 1019
781 1035
813 1031
845 1024
877 1018
910 1014
944 1018
974 1026
1003 1040
1034 1049
