521 702
525 722
527 744
533 767
538 788
544 808
552 829
563 848
577 867
592 883
606 898
621 916
630 936
640 955
655 973
667 990
685 1004
705 1012
726 1017
748 1020
771 1020
792 1016
813 1007
831 995
847 980
863 964
879 948
896 935
914 923
934 910
950 896
964 880
979 863
993 847
1006 828
1016 808
1024 788
1030 766
1034 745
1037 722
1039 699
669 703
656 719
644 735
637 754
649 771
665 784
680 797
695 812
716 813
732 800
748 788
768 778
788 771
803 759
803 738
791 722
778 704
619 813
640 815
660 819
680 822
701 824
721 827
742 826
763 824
784 825
806 825
828 825
849 826
864 837
851 853
836 868
820 882
803 895
786 905
768 914
748 917
727 919
706 917
687 911
671 899
656 884
644 867
635 849
626 831
648 829
662 836
676 842
691 847
705 852
721 855
738 855
754 851
769 848
786 847
801 843
816 838
832 835
848 834
845 845
831 853
816 858
802 865
788 871
772 875
757 878
741 881
724 881
708 879
694 872
680 865
667 855
655 843
801 639
810 631
821 626
831 621
841 615
852 612
865 612
877 613
888 616
898 622
906 631
902 642
892 646
881 650
870 653
857 654
845 653
833 651
822 649
811 645
675 619
668 610
659 603
649 598
639 594
629 592
617 592
606 594
595 597
586 603
583 613
591 621
601 627
610 632
620 637
631 639
643 640
654 638
665 637
675 631
775 581
786 565
803 557
820 549
838 543
857 539
877 537
897 538
916 542
934 549
950 559
947 571
929 564
910 561
889 562
870 564
850 567
830 568
812 575
795 583
682 581
669 569
656 557
643 546
629 537
614 529
599 523
583 520
565 520
548 522
539 536
552 548
569 549
586 551
601 556
616 564
631 572
645 581
659 590
675 594
