454 688
456 709
460 732
466 754
472 774
480 797
487 816
495 838
504 859
515 879
527 898
540 916
554 933
568 950
583 967
600 983
617 997
635 1011
653 1024
671 1035
693 1043
715 1048
739 1048
759 1045
780 1040
802 1031
820 1018
836 1000
848 983
857 962
866 941
878 922
889 904
903 885
915 866
927 847
940 830
955 811
968 793
980 774
988 753
730 770
720 786
709 802
706 823
713 842
731 850
750 852
769 857
788 864
807 859
826 853
841 841
850 822
854 803
848 784
838 765
825 750
645 883
664 883
682 886
700 888
719 891
738 891
756 889
775 890
793 888
809 881
827 876
845 873
861 874
850 888
841 904
832 919
820 933
807 947
791 956
775 962
756 964
737 963
719 960
703 951
688 942
674 929
663 914
652 899
669 899
680 902
692 902
703 903
714 905
725 906
737 905
749 906
761 906
772 905
784 904
794 902
805 899
815 896
815 902
806 907
796 912
786 916
776 919
765 920
753 922
742 922
730 921
719 919
709 916
698 913
688 909
678 905
854 657
860 648
868 639
878 633
887 628
897 623
908 621
920 620
931 622
941 626
949 635
952 645
944 654
934 658
923 661
912 662
900 662
888 662
876 661
865 660
721 641
712 630
702 622
690 617
678 614
664 613
651 614
638 616
626 620
615 626
605 633
614 643
626 649
638 652
650 655
663 657
677 658
690 656
703 654
715 651
883 608
892 599
903 594
914 590
925 585
936 581
947 578
959 574
970 570
982 568
990 578
984 588
974 594
962 598
951 602
940 605
928 609
917 612
905 615
893 617
761 604
753 586
733 576
712 568
692 560
671 551
650 544
626 544
604 550
584 559
565 571
556 591
578 596
602 594
625 592
649 593
672 597
694 602
716 607
739 610
