427 613
430 630
435 647
439 663
445 680
451 696
459 713
468 727
480 741
492 753
507 763
521 773
536 782
550 791
564 801
579 812
593 820
610 828
626 833
645 837
661 838
679 836
696 831
711 823
725 812
736 799
746 785
758 772
770 759
782 745
791 731
801 717
811 702
820 687
826 671
829 653
830 635
830 618
830 600
830 584
832 565
586 592
574 596
566 608
570 622
581 630
593 637
607 642
622 645
637 645
650 644
666 641
677 634
688 624
698 613
703 599
696 588
682 581
544 692
560 686
575 680
591 674
606 668
623 664
640 665
657 661
674 659
692 657
709 655
726 656
742 662
745 679
738 694
730 709
720 723
707 735
692 742
676 748
660 753
642 754
625 752
608 748
593 742
578 733
566 720
555 706
553 694
567 694
581 692
595 692
609 692
623 694
637 693
650 691
663 687
675 683
688 679
700 676
714 673
726 669
724 681
716 692
705 700
694 707
682 711
669 715
656 717
642 719
628 720
614 720
600 719
586 716
575 711
563 703
684 519
687 513
692 507
697 501
703 496
709 492
716 489
723 488
731 488
738 489
745 492
746 499
741 505
735 510
728 512
721 514
713 514
705 514
698 516
691 519
559 536
552 531
545 528
538 525
530 523
521 523
513 524
505 526
498 529
492 534
485 539
492 543
499 546
507 548
516 548
524 549
533 548
541 546
548 544
556 542
639 490
638 470
648 453
664 443
683 438
703 436
722 432
739 424
759 422
777 429
792 443
798 461
781 451
762 448
743 453
726 460
708 469
691 476
675 487
658 495
573 485
560 477
546 473
530 473
514 472
499 473
483 473
468 475
454 480
442 491
437 504
453 505
467 502
481 498
497 497
512 498
528 499
543 500
559 501
574 499
