588 1259
594 1295
603 1330
622 1362
642 1393
662 1423
688 1453
712 1479
738 1504
769 1528
798 1546
831 1567
864 1586
896 1605
926 1622
961 1642
992 1660
1026 1679
1059 1690
1095 1699
1132 1708
1167 1713
1204 1717
1241 1715
1276 1706
1311 1690
1342 1668
1368 1641
1390 1614
1412 1580
1427 1549
1439 1513
1450 1478
1459 1442
1464 1405
1469 1369
1474 1332
1479 1295
1481 1257
1479 1218
1479 1181
1117 1164
1107 1187
1098 1214
1099 1240
1112 1262
1138 1268
1167 1270
1193 1271
1219 1274
1246 1274
1273 1268
1299 1260
1321 1243
1328 1217
1326 1191
1314 1167
1302 1142
992 1447
1015 1434
1039 1425
1064 1419
1090 1413
1116 1408
1143 1404
1170 1402
1197 1404
1225 1407
1252 1405
1281 1406
1306 1412
1330 1423
1351 1440
1335 1460
1310 1469
1285 1476
1259 1481
1232 1483
1204 1482
1177 1479
1149 1476
1122 1474
1095 1471
1068 1467
1041 1464
1016 1458
1043 1437
1062 1434
1083 1431
1103 1429
1124 1427
1145 1427
1166 1428
1187 1430
1208 1431
1230 1431
1251 1430
1272 1431
1292 1433
1312 1436
1331 1442
1314 1439
1295 1433
1274 1431
1253 1430
1232 1431
1211 1432
1190 1431
1169 1430
1147 1430
1126 1431
1105 1433
1085 1435
1064 1437
1266 1006
1279 995
1294 989
1309 983
1325 978
1341 974
1358 971
1375 970
1391 973
1404 985
1406 1002
1402 1018
1391 1031
1376 1037
1358 1038
1342 1036
1325 1032
1309 1028
1294 1024
1278 1019
1069 998
1055 984
1040 975
1022 970
1003 968
983 968
966 973
949 980
933 988
917 996
900 1005
916 1015
933 1021
951 1024
970 1025
990 1027
1009 1025
1027 1022
1045 1018
1063 1014
1272 930
1279 905
1296 883
1318 867
1343 859
1371 858
1399 859
1425 864
1448 877
1468 897
1473 923
1469 950
1457 973
1439 954
1425 931
1402 918
1377 924
1353 933
1326 937
1299 933
1112 909
1100 868
1064 843
1021 836
976 833
930 832
886 837
850 861
815 888
784 921
764 959
758 1003
792 974
825 942
860 916
899 899
943 893
986 899
1028 909
1071 918
