79 234
76 249
74 265
75 281
77 298
80 314
85 329
93 343
102 356
112 368
124 379
138 389
152 397
166 404
180 412
195 420
210 425
226 425
242 425
258 425
274 425
291 425
307 425
324 425
340 421
354 413
366 404
380 393
393 384
405 375
419 365
431 355
441 341
448 328
453 312
456 296
457 279
457 264
457 246
456 231
455 214
213 234
205 244
203 258
202 273
211 284
224 288
239 290
252 291
267 289
281 288
295 285
310 280
321 273
322 260
316 247
305 237
300 223
180 334
192 334
204 335
216 336
228 337
240 338
252 340
264 339
276 337
287 335
298 333
310 331
322 330
334 331
333 340
323 345
312 349
302 353
291 356
280 358
268 359
255 360
244 358
232 357
221 354
210 351
199 347
189 342
189 337
199 339
210 342
220 344
231 346
242 348
252 350
263 351
274 350
285 348
295 345
305 342
315 338
325 335
335 335
325 340
315 343
306 346
295 349
285 352
274 353
263 353
252 352
241 350
230 348
220 346
209 344
198 342
313 160
317 153
323 147
329 143
336 139
344 137
352 136
360 138
367 140
374 144
381 148
385 155
378 158
370 161
363 162
354 163
346 163
337 163
329 163
321 162
210 163
206 156
199 151
191 147
183 145
175 143
166 144
158 147
151 150
143 154
137 160
133 167
141 169
149 170
158 170
167 170
176 169
185 169
194 168
203 167
277 124
283 111
295 102
308 96
321 92
336 90
351 89
367 90
381 91
395 95
408 102
404 110
389 109
374 109
359 112
345 115
331 119
318 123
304 127
290 130
224 133
219 122
212 112
200 106
188 104
174 104
161 106
148 106
135 108
124 113
114 121
109 133
120 128
133 126
146 125
159 125
172 128
185 129
198 130
211 132
