363 564
366 578
371 592
376 606
382 620
387 633
393 646
400 659
408 672
416 684
426 695
436 705
447 715
459 724
473 731
485 736
499 742
513 748
526 754
540 758
555 759
569 757
584 753
598 747
609 741
623 732
633 723
644 712
653 702
661 688
668 676
675 663
682 650
688 636
693 623
697 609
700 593
702 579
703 564
702 550
703 535
497 516
491 524
489 535
492 546
502 551
512 550
524 548
535 547
547 546
557 545
568 543
580 541
591 539
595 528
593 518
586 509
576 503
471 626
479 614
491 606
504 600
516 595
531 592
546 592
560 589
574 586
589 586
604 587
619 589
632 594
634 608
628 621
619 633
610 644
600 655
588 665
576 672
563 676
549 679
533 678
520 674
507 669
495 661
484 650
477 638
481 622
491 616
502 613
513 611
525 609
537 608
549 607
561 605
572 602
583 599
594 596
606 595
618 597
621 608
616 619
608 628
600 637
590 643
579 648
569 651
557 654
546 656
534 658
522 657
510 655
500 650
490 642
484 632
575 461
578 455
583 451
589 449
595 447
601 445
607 444
614 444
621 445
627 446
633 449
630 454
624 458
619 460
613 462
606 464
600 465
593 465
586 465
580 464
486 471
480 467
475 465
468 464
461 463
454 464
448 466
442 468
436 470
431 474
426 478
432 480
438 482
444 484
451 484
457 483
464 482
470 480
476 478
482 476
556 409
561 397
572 390
585 386
598 384
612 383
627 384
639 389
651 395
661 404
669 416
673 428
662 418
650 411
638 408
624 406
609 407
595 407
581 408
569 413
487 413
480 403
468 399
454 400
441 401
428 404
416 409
405 415
395 423
386 433
380 444
382 457
393 452
403 443
413 435
425 428
436 423
449 421
462 420
476 420
