313 451
317 464
320 477
323 489
328 502
332 515
336 527
341 541
346 552
353 564
362 574
372 583
383 591
393 600
404 609
414 616
426 621
440 624
453 626
467 627
479 627
493 625
506 622
519 617
530 612
542 605
554 597
564 588
571 577
579 566
587 555
593 543
598 531
604 518
607 506
609 492
611 479
612 466
613 452
613 439
614 425
428 434
423 444
419 455
419 467
428 473
440 475
451 478
462 481
474 482
485 481
496 477
507 475
514 466
519 455
521 444
516 433
508 425
400 519
410 513
420 507
431 504
444 503
455 506
467 508
478 507
489 503
500 500
513 499
525 501
536 503
547 507
541 517
532 526
525 536
517 545
506 550
495 554
484 556
471 556
459 556
446 556
435 552
426 545
416 537
407 529
409 520
417 517
426 516
435 515
445 515
454 514
464 514
473 514
483 513
492 512
501 510
509 508
519 507
528 508
530 515
523 519
515 522
506 525
498 527
489 529
480 530
470 530
461 531
451 532
442 532
433 530
424 528
416 525
505 374
509 369
514 364
519 360
525 357
531 355
537 353
544 354
551 355
557 358
562 361
564 367
559 371
552 372
546 374
539 374
532 374
525 374
518 374
512 375
413 378
408 375
403 373
398 371
392 370
385 370
379 371
374 373
369 376
364 379
360 383
365 386
371 386
377 386
383 387
389 387
395 387
401 386
407 385
412 384
493 344
501 337
510 331
519 325
528 320
538 316
548 313
559 312
570 311
579 316
587 324
584 334
573 334
561 334
551 336
540 338
530 341
521 345
511 349
501 352
420 356
419 345
410 339
400 336
390 333
379 332
368 332
358 334
348 338
339 343
330 350
324 358
333 362
344 360
354 358
365 356
376 356
387 355
398 355
409 356
