692 1308
689 1351
685 1394
685 1436
685 1480
687 1525
690 1565
691 1609
698 1655
707 1697
716 1737
726 1778
742 1822
762 1860
784 1896
811 1929
842 1961
877 1987
915 2008
953 2026
995 2034
1040 2035
1082 2032
1128 2029
1168 2030
1213 2029
1255 2023
1301 2011
1339 1994
1377 1973
1415 1951
1448 1928
1486 1900
1516 1871
1547 1840
1574 1807
1597 1771
1617 1733
1637 1691
1656 1651
1676 1613
1077 1303
1056 1336
1029 1365
992 1373
970 1408
983 1444
1010 1477
1043 1501
1078 1517
1120 1518
1160 1522
1200 1513
1232 1493
1231 1454
1209 1420
1188 1385
1199 1345
844 1584
874 1554
916 1552
957 1556
996 1565
1031 1580
1068 1592
1107 1599
1145 1610
1181 1625
1216 1640
1253 1653
1287 1671
1316 1702
1284 1726
1249 1743
1213 1759
1177 1773
1140 1784
1100 1790
1058 1788
1019 1782
982 1769
948 1750
917 1722
895 1689
878 1653
864 1618
880 1581
911 1573
942 1580
971 1589
998 1606
1026 1621
1055 1632
1087 1637
1120 1640
1152 1644
1183 1652
1214 1659
1244 1668
1272 1682
1258 1708
1229 1719
1198 1727
1166 1732
1132 1733
1100 1728
1069 1722
1037 1716
1007 1708
978 1697
950 1682
923 1664
903 1638
892 1609
1303 1255
1321 1248
1339 1243
1359 1239
1379 1238
1399 1240
1418 1244
1436 1251
1453 1260
1468 1273
1482 1288
1469 1302
1448 1303
1428 1303
1409 1299
1390 1294
1372 1288
1355 1280
1337 1272
1319 1266
1034 1163
1025 1151
1014 1140
1002 1131
988 1126
974 1122
959 1120
943 1120
928 1123
915 1127
901 1134
912 1145
925 1152
939 1157
952 1162
966 1165
981 1168
996 1170
1011 1172
1026 1174
1319 1125
1339 1102
1368 1095
1397 1100
1425 1108
1454 1114
1483 1120
1512 1126
1537 1142
1558 1165
1576 1189
1564 1204
1540 1187
1515 1171
1488 1159
1461 1149
1432 1143
1401 1141
1371 1145
1341 1148
1081 1069
1085 1037
1071 1008
1045 985
1016 973
983 967
948 967
916 972
887 985
859 1001
833 1024
816 1051
845 1038
874 1024
904 1014
935 1006
970 1004
999 1014
1026 1034
1052 1055
