412 543
412 559
415 578
420 595
425 613
430 629
436 646
442 663
448 679
460 692
472 708
482 720
495 735
507 747
523 756
537 765
555 774
571 778
589 782
607 787
623 790
642 790
660 787
677 784
694 779
712 774
729 768
744 760
760 749
773 739
782 723
790 706
799 690
806 674
811 657
815 639
817 621
819 603
822 586
824 568
824 549
630 550
622 559
615 570
609 582
613 594
623 602
635 607
649 610
661 612
675 614
687 611
699 606
712 602
719 592
714 580
706 570
698 559
590 667
597 658
605 650
615 645
626 642
637 638
649 638
661 638
673 637
685 636
696 638
707 641
716 647
725 656
728 666
722 676
714 685
705 692
695 698
684 702
673 703
661 702
649 700
639 697
629 692
619 686
609 681
599 675
594 666
603 667
611 666
619 663
628 662
637 662
646 662
656 662
665 662
674 662
683 661
692 661
700 663
710 663
718 661
711 663
701 663
692 663
683 662
674 663
665 663
656 663
647 663
637 663
628 663
620 664
611 666
602 667
704 500
708 494
714 490
720 487
727 484
734 483
742 482
749 484
755 487
761 491
766 497
769 504
763 507
755 508
747 508
740 508
732 506
725 505
718 504
711 502
593 492
587 487
581 483
574 480
566 479
559 480
552 482
545 485
538 489
532 493
526 499
533 503
539 506
547 507
555 507
562 506
570 504
577 502
584 501
592 499
696 454
703 445
714 441
726 439
738 439
750 440
762 441
773 445
783 450
792 458
800 468
797 476
787 469
777 462
767 459
755 456
743 456
731 456
719 457
707 458
611 444
599 438
585 437
570 437
556 438
542 440
529 444
517 448
505 455
494 464
484 474
499 474
511 469
523 464
536 459
549 456
563 455
577 454
592 454
606 455
