407 514
410 530
413 547
415 564
419 581
425 598
432 612
440 629
448 644
457 659
467 673
479 685
493 696
507 705
522 714
537 723
552 730
568 737
585 743
601 744
618 740
635 735
652 730
668 724
684 718
699 711
711 699
725 687
736 674
746 660
753 646
760 630
767 613
775 597
781 582
785 565
787 547
788 530
788 513
789 495
791 478
543 502
534 512
528 524
528 536
536 547
550 551
564 551
577 551
590 550
604 548
617 544
630 540
642 534
655 529
657 516
651 504
642 493
516 606
528 602
540 597
553 594
565 590
578 587
592 588
605 586
618 583
632 582
646 582
659 583
672 585
681 595
675 607
667 617
657 627
646 635
634 640
622 645
610 648
596 649
582 649
569 647
557 641
546 635
536 626
525 617
532 611
542 609
551 607
561 605
571 605
581 604
592 604
602 603
611 602
621 600
631 599
640 597
650 596
660 594
663 600
655 605
647 609
638 612
629 615
620 618
610 620
600 621
590 621
579 621
569 621
560 619
550 618
541 615
635 436
640 430
644 424
650 418
657 414
664 410
671 408
679 408
686 410
693 412
700 416
702 423
696 429
689 432
682 434
674 436
666 436
658 435
650 434
643 435
526 446
520 441
515 437
509 434
502 433
494 433
488 434
482 437
476 440
470 443
465 449
470 453
476 456
483 458
490 459
497 459
504 458
511 456
517 454
523 451
605 403
608 389
622 383
635 379
650 376
664 373
679 371
695 370
710 371
723 377
735 387
735 399
722 392
707 389
692 388
676 389
661 391
646 393
632 396
618 400
528 411
522 399
510 394
496 393
481 393
467 395
454 398
442 404
430 411
420 422
415 434
413 448
424 443
435 433
447 425
459 421
473 418
487 416
501 416
516 417
