1068 1152
1082 1192
1094 1228
1108 1268
1123 1310
1145 1343
1164 1383
1189 1419
1211 1455
1235 1489
1262 1520
1289 1551
1322 1579
1354 1605
1392 1627
1431 1645
1473 1655
1515 1656
1554 1650
1599 1639
1637 1631
1678 1621
1720 1605
1756 1585
1788 1560
1821 1530
1849 1500
1880 1469
1909 1439
1934 1405
1959 1369
1979 1335
1998 1296
2009 1256
2016 1212
2020 1172
2021 1129
2022 1087
2023 1045
2019 1004
2013 959
1373 1066
1367 1098
1363 1132
1358 1164
1362 1196
1390 1215
1421 1213
1455 1207
1489 1202
1518 1192
1549 1179
1582 1168
1616 1163
1636 1139
1633 1104
1625 1075
1612 1041
1376 1373
1398 1363
1419 1350
1440 1339
1462 1329
1484 1321
1510 1318
1536 1317
1558 1310
1581 1301
1605 1297
1631 1295
1657 1295
1681 1300
1683 1324
1663 1341
1644 1358
1625 1375
1605 1391
1584 1403
1562 1412
1538 1418
1512 1420
1488 1416
1465 1407
1444 1397
1421 1389
1398 1382
1392 1371
1415 1370
1437 1368
1459 1366
1481 1363
1502 1360
1524 1358
1545 1352
1564 1345
1583 1337
1603 1330
1623 1324
1644 1319
1664 1314
1683 1306
1664 1313
1643 1318
1623 1324
1603 1330
1583 1337
1564 1344
1544 1352
1524 1357
1502 1360
1480 1361
1458 1364
1436 1367
1414 1368
1572 862
1579 845
1594 831
1611 821
1628 814
1647 809
1666 806
1686 805
1707 806
1726 808
1745 813
1743 831
1727 841
1709 849
1692 855
1673 861
1654 863
1633 864
1613 862
1592 862
1298 909
1288 897
1275 889
1260 886
1244 887
1229 890
1214 893
1200 897
1186 903
1176 915
1170 929
1182 940
1195 948
1209 952
1225 950
1241 949
1256 945
1269 940
1283 933
1295 923
1541 721
1553 696
1580 689
1608 681
1635 674
1663 667
1690 660
1719 654
1748 657
1774 667
1800 680
1793 706
1766 715
1736 714
1705 714
1676 719
1650 728
1623 737
1594 740
1565 735
1319 779
1292 767
1261 763
1229 761
1198 763
1165 764
1134 767
1106 776
1081 792
1058 815
1044 842
1076 840
1107 837
1136 829
1165 822
1195 817
1226 812
1258 813
1289 817
1319 811
