258 381
258 394
261 407
263 421
264 435
266 448
272 461
276 473
282 487
287 499
295 510
306 518
319 523
332 528
344 533
358 537
371 542
384 546
398 549
411 551
425 552
438 551
453 549
466 546
478 543
492 538
505 531
515 524
527 516
537 506
545 495
552 484
556 470
559 457
562 443
565 430
568 417
571 403
572 389
574 375
575 361
421 331
416 345
410 360
401 374
398 389
405 404
420 409
437 410
453 412
469 409
485 410
498 404
502 387
496 372
487 360
479 345
473 330
388 458
395 451
403 448
411 445
420 442
428 439
437 438
446 440
454 442
463 441
472 439
482 440
490 443
497 449
498 458
493 465
487 473
480 479
472 482
463 484
454 485
444 485
434 485
425 483
417 480
410 475
403 469
396 462
389 457
397 457
405 456
413 456
421 455
428 454
435 453
443 454
451 454
458 454
466 452
473 451
481 451
489 451
495 452
489 455
482 458
475 460
467 461
459 461
451 461
443 461
435 461
427 461
420 460
412 460
404 459
396 458
485 299
487 294
490 290
494 287
499 285
504 284
509 284
515 284
520 285
524 288
527 292
530 296
525 299
520 300
515 301
510 302
505 301
500 301
494 301
489 301
392 294
386 290
381 288
375 286
368 286
362 287
356 288
350 290
345 293
340 298
336 303
341 306
347 307
354 307
360 306
367 305
373 304
379 303
385 302
391 300
477 253
480 243
487 235
496 233
507 233
517 235
527 237
536 241
544 246
551 254
556 263
560 272
554 275
545 269
536 265
527 262
517 260
507 259
496 258
486 256
413 249
410 237
399 231
388 229
375 229
363 231
352 234
341 238
331 245
322 254
315 264
309 274
320 269
331 267
343 264
354 261
366 259
378 257
390 256
402 255
