572 1670
582 1714
595 1757
608 1802
618 1847
636 1891
653 1932
669 1976
697 2010
728 2046
764 2074
803 2102
838 2129
877 2157
914 2183
950 2207
990 2231
1030 2254
1069 2280
1110 2304
1152 2321
1195 2334
1241 2346
1286 2354
1330 2351
1374 2332
1412 2305
1440 2270
1466 2230
1491 2195
1517 2157
1543 2118
1563 2076
1584 2034
1603 1992
1619 1947
1630 1905
1640 1858
1648 1814
1655 1767
1655 1720
1246 1625
1222 1639
1210 1667
1191 1696
1198 1726
1219 1751
1250 1755
1284 1756
1314 1765
1345 1777
1375 1782
1406 1779
1440 1770
1466 1757
1490 1732
1498 1703
1484 1671
1083 1928
1110 1918
1139 1914
1170 1911
1200 1909
1231 1908
1260 1913
1287 1924
1314 1932
1346 1932
1376 1934
1403 1944
1428 1959
1451 1980
1467 2005
1443 2021
1414 2028
1384 2030
1352 2029
1322 2027
1292 2023
1264 2015
1237 2007
1209 1999
1181 1993
1154 1982
1128 1969
1105 1951
1095 1932
1122 1932
1149 1932
1176 1932
1203 1934
1227 1940
1252 1946
1276 1952
1302 1956
1327 1960
1353 1963
1378 1968
1402 1975
1425 1985
1447 1995
1424 1986
1401 1977
1377 1970
1352 1965
1326 1961
1300 1959
1275 1955
1251 1947
1227 1941
1202 1936
1176 1933
1149 1933
1122 1932
1458 1471
1473 1463
1489 1457
1506 1454
1524 1453
1542 1455
1558 1460
1573 1468
1587 1479
1595 1494
1594 1513
1585 1527
1569 1534
1551 1534
1534 1530
1519 1523
1503 1516
1488 1509
1473 1502
1459 1489
1178 1413
1167 1397
1152 1384
1135 1375
1118 1368
1099 1364
1080 1362
1061 1365
1043 1371
1027 1381
1012 1395
1027 1409
1043 1419
1060 1427
1078 1432
1097 1435
1118 1436
1137 1437
1157 1436
1176 1432
1446 1337
1466 1313
1494 1298
1524 1293
1557 1295
1587 1301
1616 1311
1643 1324
1670 1340
1692 1364
1700 1394
1698 1426
1674 1411
1652 1388
1623 1378
1590 1378
1557 1379
1524 1377
1493 1373
1464 1363
1297 1273
1253 1241
1204 1220
1153 1207
1102 1192
1046 1189
993 1199
944 1216
895 1234
852 1269
828 1317
878 1300
927 1283
977 1266
1029 1255
1083 1264
1132 1283
1180 1305
1229 1323
1286 1324
