301 1332
302 1381
308 1431
316 1484
323 1535
331 1585
342 1634
367 1682
392 1725
419 1772
447 1812
478 1855
520 1887
562 1914
603 1943
649 1974
692 1997
742 2020
790 2037
838 2047
890 2047
940 2043
995 2044
1046 2042
1098 2031
1145 2019
1194 1995
1236 1967
1274 1932
1308 1893
1339 1853
1372 1810
1389 1761
1408 1713
1424 1665
1437 1615
1448 1564
1460 1513
1475 1467
1493 1417
1509 1366
832 1258
815 1296
800 1339
795 1384
814 1422
851 1448
889 1467
932 1478
974 1478
1018 1465
1062 1449
1100 1434
1129 1397
1133 1357
1121 1314
1112 1269
1094 1227
766 1646
786 1627
810 1617
835 1611
863 1608
890 1611
915 1618
940 1624
967 1627
991 1638
1017 1641
1045 1643
1071 1648
1096 1656
1091 1682
1079 1705
1059 1725
1035 1732
1007 1734
979 1733
951 1731
924 1728
898 1724
872 1718
847 1711
822 1703
801 1688
784 1666
787 1631
809 1628
831 1631
853 1634
874 1639
896 1644
918 1647
941 1648
963 1651
985 1654
1007 1658
1029 1661
1052 1661
1075 1659
1087 1669
1066 1675
1044 1677
1021 1680
998 1681
975 1682
952 1682
929 1680
907 1676
886 1671
866 1663
846 1655
826 1647
807 1637
1131 1043
1150 1028
1170 1016
1191 1006
1213 999
1236 994
1261 993
1283 998
1306 1004
1325 1019
1335 1040
1328 1062
1309 1076
1287 1082
1263 1086
1238 1086
1214 1082
1192 1077
1171 1069
1150 1059
779 1015
766 998
749 987
731 979
711 974
690 971
669 973
650 979
632 989
615 1002
600 1018
616 1033
633 1045
651 1053
672 1057
694 1057
714 1053
735 1049
754 1044
772 1034
1093 889
1126 864
1161 843
1197 827
1234 813
1273 803
1314 796
1355 799
1393 811
1427 833
1455 864
1427 878
1386 871
1344 870
1301 872
1263 883
1226 897
1189 912
1152 926
1109 925
904 897
874 859
834 834
792 814
749 799
704 787
656 781
606 781
559 789
519 812
492 851
482 897
527 888
576 885
626 887
674 893
721 900
768 907
814 918
863 920
