675 899
675 928
677 959
683 989
693 1018
703 1047
712 1076
723 1105
737 1134
753 1162
768 1187
787 1213
805 1236
824 1261
847 1284
873 1299
901 1307
933 1311
962 1314
994 1314
1026 1311
1054 1309
1086 1303
1117 1296
1145 1289
1176 1279
1203 1268
1230 1252
1256 1233
1279 1211
1301 1190
1319 1166
1331 1138
1341 1108
1348 1079
1353 1049
1359 1019
1362 986
1363 956
1360 925
1355 894
879 969
861 981
850 999
850 1022
869 1036
890 1047
908 1058
928 1069
951 1068
973 1059
995 1051
1016 1046
1038 1040
1055 1024
1057 1003
1039 988
1017 978
830 1096
851 1100
872 1104
895 1105
917 1106
939 1108
962 1108
984 1106
1005 1103
1027 1099
1049 1098
1072 1098
1095 1098
1115 1104
1099 1121
1081 1131
1062 1141
1043 1151
1024 1159
1004 1165
982 1166
959 1168
936 1168
916 1163
896 1155
878 1143
861 1129
845 1113
851 1112
869 1119
886 1126
904 1132
923 1136
942 1138
962 1140
982 1142
1001 1139
1020 1135
1038 1129
1056 1124
1074 1118
1092 1114
1110 1107
1093 1111
1075 1116
1057 1122
1039 1128
1020 1133
1002 1137
983 1140
963 1139
943 1136
924 1134
904 1131
886 1125
869 1119
1080 822
1088 810
1099 800
1111 792
1124 786
1138 784
1153 785
1167 788
1181 792
1193 799
1205 808
1205 823
1193 829
1179 834
1165 836
1150 836
1136 833
1122 830
1108 827
1095 821
884 798
874 789
863 781
852 773
841 768
828 765
815 764
801 765
789 769
778 775
766 781
777 790
788 798
799 804
811 808
824 810
838 809
851 807
865 809
878 809
1061 746
1076 733
1094 728
1113 724
1133 723
1153 721
1173 720
1193 721
1212 723
1231 727
1248 734
1232 738
1212 737
1192 737
1172 740
1154 744
1135 747
1116 750
1097 753
1077 755
877 734
867 720
853 711
838 704
823 697
807 693
791 689
774 687
757 689
741 694
727 702
742 709
757 714
774 718
789 723
805 728
821 733
837 737
853 741
868 747
