985 1285
990 1322
995 1359
1001 1396
1010 1429
1028 1466
1041 1498
1060 1530
1082 1563
1106 1587
1134 1616
1157 1642
1175 1675
1193 1710
1211 1742
1240 1767
1275 1778
1313 1780
1348 1774
1382 1761
1416 1742
1449 1722
1479 1702
1512 1683
1543 1665
1574 1644
1602 1622
1633 1595
1661 1573
1691 1547
1713 1519
1732 1487
1749 1455
1766 1420
1777 1385
1782 1350
1783 1312
1785 1275
1792 1236
1797 1201
1804 1161
1017 1277
1009 1301
1007 1327
1020 1350
1037 1368
1058 1385
1083 1393
1108 1389
1134 1385
1160 1380
1184 1372
1207 1361
1223 1341
1228 1316
1223 1289
1210 1267
1191 1247
1091 1491
1111 1480
1134 1476
1155 1469
1180 1469
1203 1473
1226 1477
1250 1479
1273 1482
1295 1487
1318 1492
1338 1502
1336 1526
1319 1544
1302 1561
1284 1578
1266 1594
1248 1610
1229 1624
1208 1631
1185 1636
1162 1632
1146 1614
1140 1592
1134 1571
1123 1550
1111 1531
1099 1512
1139 1540
1138 1526
1147 1514
1162 1512
1176 1510
1190 1506
1204 1503
1218 1500
1233 1499
1248 1500
1263 1501
1278 1502
1293 1503
1307 1506
1317 1513
1305 1521
1292 1527
1280 1534
1267 1540
1254 1546
1241 1551
1228 1556
1215 1563
1202 1569
1187 1570
1173 1566
1161 1559
1149 1552
1221 1127
1225 1111
1229 1094
1235 1079
1245 1065
1260 1055
1278 1054
1296 1055
1313 1058
1329 1062
1345 1068
1360 1075
1349 1089
1336 1102
1322 1111
1306 1118
1290 1122
1273 1125
1255 1126
1237 1124
1057 1159
1054 1149
1046 1143
1036 1139
1025 1139
1015 1141
1006 1145
997 1151
991 1160
988 1169
989 1180
990 1191
997 1199
1007 1200
1018 1199
1028 1197
1038 1194
1046 1187
1051 1178
1055 1169
1126 1032
1152 1006
1180 984
1209 967
1239 953
1272 943
1308 941
1342 946
1374 956
1404 971
1417 995
1384 987
1351 980
1316 976
1280 978
1249 990
1220 1010
1195 1036
1168 1060
1134 1065
1047 1089
1035 1077
1022 1067
1008 1059
993 1053
978 1049
961 1048
945 1052
932 1063
925 1077
922 1093
929 1108
945 1108
956 1096
970 1088
987 1087
1003 1090
1018 1094
1033 1100
1048 1106
