448 622
450 640
452 659
455 677
460 697
466 714
473 732
483 750
493 765
505 779
519 791
535 803
551 813
566 825
582 837
596 849
612 859
629 868
646 875
665 879
684 880
703 879
722 874
740 867
756 856
770 844
782 829
794 813
806 798
818 785
831 771
843 757
854 741
864 723
872 706
878 688
882 670
884 652
883 633
879 614
876 594
648 586
640 600
629 614
620 630
623 647
638 656
654 663
671 665
689 666
707 663
725 662
741 655
752 641
752 624
743 609
731 596
718 582
569 709
585 702
603 699
621 697
640 698
659 698
679 698
697 696
715 693
733 689
750 686
769 684
787 687
791 704
783 719
774 735
761 748
746 759
730 767
713 772
694 773
675 774
657 773
639 768
624 760
609 750
595 737
582 723
575 710
591 707
608 707
623 709
640 710
657 711
672 714
689 714
704 710
719 706
734 702
749 697
764 693
780 691
775 704
762 716
750 726
736 734
722 740
708 745
693 749
676 750
660 747
645 743
630 739
616 733
602 725
589 718
732 516
738 510
744 504
750 500
757 496
765 493
772 491
780 490
788 491
796 494
802 498
803 506
796 510
788 510
779 511
771 512
763 513
755 514
747 515
740 517
603 525
600 518
593 514
587 509
580 506
572 504
565 502
557 504
550 507
543 510
537 515
533 522
539 526
546 529
554 530
563 530
571 529
579 528
587 527
595 526
712 488
712 476
719 468
727 460
737 455
746 451
756 448
768 448
779 449
789 451
798 456
804 465
793 467
782 465
771 465
760 468
751 471
741 476
732 481
723 486
617 474
611 461
597 456
581 454
565 452
549 451
533 450
518 452
504 457
491 466
481 478
477 493
493 492
507 487
522 484
538 483
554 482
571 482
587 482
603 481
