529 474
526 501
525 531
528 558
534 588
541 614
550 643
560 669
574 695
587 720
603 743
622 765
641 785
663 806
686 822
710 839
734 855
757 872
780 886
809 900
835 904
863 900
891 894
918 885
944 871
968 853
988 833
1006 809
1021 788
1039 762
1055 739
1071 716
1089 694
1102 667
1115 643
1128 618
1139 589
1151 565
1158 535
1160 507
1162 477
809 583
800 600
799 618
801 637
815 650
833 656
852 655
871 652
889 651
909 656
928 655
946 656
965 650
973 633
972 614
970 596
963 577
763 747
779 744
794 736
811 734
827 729
842 724
859 722
875 728
891 731
907 725
922 720
940 720
955 726
969 736
969 754
957 767
945 780
931 789
915 794
899 798
881 799
863 799
846 798
829 795
814 788
799 781
784 773
771 761
780 747
793 747
806 749
819 750
832 748
844 746
857 745
871 744
884 745
897 746
910 746
923 745
936 743
949 743
961 742
948 744
935 745
922 745
909 746
896 748
883 749
871 748
858 746
844 746
832 749
819 750
806 749
793 748
988 438
995 427
1005 418
1016 411
1028 407
1041 405
1055 405
1068 406
1081 409
1092 413
1103 421
1100 433
1089 438
1077 443
1065 446
1052 448
1039 448
1026 447
1012 445
1000 443
800 434
791 423
779 415
767 409
755 404
742 400
728 398
713 398
699 400
687 405
675 411
682 423
694 432
706 437
719 440
733 443
748 443
762 443
777 443
792 442
1000 348
1007 332
1021 320
1037 312
1054 307
1072 302
1089 297
1107 294
1126 296
1142 304
1155 317
1152 331
1136 323
1119 316
1101 313
1084 318
1067 323
1050 330
1034 339
1018 346
827 352
810 343
790 340
770 337
750 334
730 333
710 335
690 339
672 345
654 351
636 357
651 369
672 371
692 368
711 365
732 363
752 362
773 363
793 365
814 365
