84 393
90 409
95 424
102 440
110 456
118 470
126 485
136 499
145 513
156 528
167 540
180 553
192 563
207 573
222 583
236 590
253 597
270 601
286 604
302 604
320 601
337 595
352 589
367 581
379 569
393 557
403 545
411 529
419 515
429 499
438 485
446 470
454 455
457 437
458 421
459 405
458 387
456 369
455 352
454 336
454 317
224 381
218 391
213 404
210 417
211 430
221 439
235 441
247 439
260 435
273 432
286 428
298 424
309 414
309 402
302 390
292 380
281 373
222 500
228 492
234 483
242 475
252 470
263 471
274 471
284 466
295 465
305 466
316 469
326 472
336 475
345 481
343 491
338 500
332 509
324 517
314 522
305 526
295 529
284 532
273 533
262 533
252 530
242 526
234 518
226 510
245 500
250 498
257 497
263 497
269 497
275 495
281 493
287 492
293 491
299 490
306 489
312 489
318 488
324 487
329 487
323 488
317 489
311 490
305 492
300 495
294 496
288 498
282 499
276 498
269 497
263 499
257 498
251 499
282 297
281 290
286 283
292 279
299 276
306 274
314 273
322 274
330 274
338 274
346 274
347 281
340 285
334 290
328 293
321 296
314 298
306 299
298 299
290 298
181 323
178 318
171 317
164 317
157 316
150 317
143 318
137 319
131 321
125 325
120 330
125 335
131 338
138 338
144 337
151 335
157 333
163 331
169 328
175 326
251 239
261 228
273 222
285 216
298 210
310 204
323 200
337 197
351 201
363 207
374 216
367 222
354 218
339 216
324 217
311 220
298 226
287 236
276 244
263 247
173 258
163 254
150 252
138 252
125 251
113 253
102 257
92 263
83 272
77 283
72 293
83 290
93 283
103 277
115 275
128 274
140 273
153 275
165 274
176 269
