534 744
536 768
537 792
543 817
548 841
554 866
562 887
572 911
585 933
599 953
612 973
628 993
645 1012
663 1027
683 1044
704 1054
729 1059
754 1063
780 1066
803 1064
828 1062
852 1060
878 1057
902 1052
924 1044
948 1035
971 1023
991 1011
1010 993
1023 973
1036 951
1046 929
1055 907
1063 882
1071 858
1073 835
1076 810
1078 785
1075 761
1072 735
1070 709
726 743
721 759
713 773
711 790
715 808
731 816
748 821
765 822
783 820
799 819
817 816
831 807
842 792
843 776
837 760
832 743
829 725
681 897
695 888
711 885
728 883
746 883
763 882
780 879
796 876
814 876
832 876
849 877
867 877
885 878
898 886
887 900
874 911
861 921
846 929
831 935
816 940
800 944
783 946
766 944
749 940
734 936
719 929
705 921
691 911
696 901
710 901
724 902
738 903
752 902
767 902
781 902
795 902
808 900
821 896
834 894
847 891
861 889
874 887
886 885
873 886
860 889
846 891
833 893
820 896
808 899
794 901
780 902
766 902
752 902
738 903
724 902
710 901
833 636
839 627
847 620
856 614
865 609
875 606
886 604
897 606
907 609
916 614
924 622
926 632
917 638
908 642
897 644
886 645
875 644
864 643
854 642
843 639
685 641
679 635
671 631
663 628
654 627
645 627
636 628
628 630
620 636
615 643
611 650
617 657
625 661
634 662
643 662
652 661
660 659
669 657
677 655
684 651
807 596
817 580
833 570
850 564
869 560
888 558
908 557
927 561
944 569
960 578
975 589
977 603
959 599
941 594
922 591
902 590
882 590
862 592
844 596
825 600
720 622
713 605
696 599
679 593
660 591
640 591
620 590
600 591
582 596
565 604
550 614
558 631
573 643
593 642
609 632
625 624
644 620
664 622
682 625
702 626
