303 337
304 348
306 360
309 372
313 385
317 396
323 406
331 416
339 426
347 435
356 442
367 447
378 452
391 455
402 458
414 461
426 464
438 467
449 467
462 465
474 463
485 460
497 455
509 451
520 447
531 442
542 437
554 431
563 423
571 415
579 405
586 395
592 384
596 372
600 361
604 350
608 338
612 327
615 314
616 303
611 291
399 308
394 316
389 325
389 334
393 342
403 345
412 343
422 342
432 342
442 340
451 340
461 338
468 332
470 323
466 314
459 307
452 299
390 383
393 377
399 371
406 367
413 364
421 363
429 363
436 362
444 360
452 361
459 364
465 367
472 370
479 372
486 375
485 382
478 385
471 388
464 391
457 392
449 393
441 394
433 395
425 395
417 396
409 395
402 392
396 389
393 385
398 382
404 381
411 379
417 377
423 376
429 374
435 372
441 371
448 371
455 372
461 374
467 375
474 376
481 376
475 376
468 376
462 374
455 373
449 372
442 373
436 374
429 375
423 376
417 378
411 379
405 381
398 382
469 263
473 257
477 252
482 247
488 244
494 242
501 241
508 241
514 244
520 247
525 252
527 258
521 263
515 265
509 268
503 269
495 269
488 269
482 268
475 267
387 271
386 265
382 261
376 258
370 257
364 256
358 257
352 259
347 262
342 266
338 271
335 276
341 278
347 280
353 280
360 281
366 281
372 280
378 279
384 277
461 212
468 207
475 203
482 199
490 196
499 196
507 197
515 199
523 201
530 204
538 208
532 215
524 215
515 214
506 214
497 215
489 216
481 217
473 219
464 220
372 225
364 221
355 219
345 218
335 218
325 220
317 224
309 229
302 236
295 243
291 251
301 251
309 247
317 241
325 237
334 234
344 233
353 234
363 236
372 234
