1002 2308
1018 2367
1036 2432
1055 2498
1076 2557
1107 2620
1144 2676
1185 2728
1228 2778
1272 2828
1320 2873
1374 2908
1438 2932
1503 2944
1571 2945
1636 2946
1700 2951
1769 2958
1833 2968
1899 2973
1965 2970
2031 2965
2101 2955
2168 2939
2229 2922
2292 2897
2325 2842
2354 2784
2377 2716
2406 2663
2435 2603
2452 2533
2461 2474
2471 2404
2483 2339
2484 2273
2479 2207
2463 2144
2437 2077
2407 2021
2375 1959
1952 2009
1935 2060
1929 2113
1935 2168
1973 2205
2026 2207
2081 2201
2137 2192
2192 2191
2242 2200
2281 2162
2290 2112
2270 2058
2241 2014
2201 1971
2153 1945
2106 1916
1887 2523
1918 2497
1949 2472
1982 2451
2015 2430
2047 2407
2079 2383
2111 2360
2144 2341
2183 2334
2224 2337
2264 2332
2299 2345
2329 2373
2354 2405
2359 2445
2348 2482
2314 2499
2276 2509
2238 2517
2200 2524
2163 2535
2124 2541
2082 2542
2041 2544
2001 2547
1959 2548
1921 2540
1915 2510
1942 2500
1970 2488
1997 2476
2024 2465
2052 2455
2080 2446
2109 2438
2139 2433
2169 2428
2200 2423
2232 2423
2262 2429
2290 2440
2315 2451
2290 2431
2262 2422
2231 2419
2198 2420
2167 2423
2138 2430
2109 2438
2080 2446
2052 2455
2024 2464
1996 2474
1969 2487
1942 2499
2098 1832
2092 1809
2091 1784
2106 1764
2124 1747
2144 1734
2165 1724
2191 1724
2212 1734
2231 1749
2244 1769
2251 1792
2257 1814
2253 1838
2232 1847
2209 1853
2186 1858
2161 1860
2136 1858
2114 1851
1765 1872
1745 1847
1723 1823
1698 1804
1670 1794
1638 1795
1610 1805
1585 1824
1562 1847
1540 1870
1520 1895
1503 1920
1532 1929
1564 1931
1596 1929
1626 1924
1656 1917
1685 1909
1712 1898
1740 1886
2033 1529
2053 1499
2082 1477
2115 1463
2153 1460
2187 1469
2216 1493
2241 1522
2263 1552
2280 1583
2294 1616
2304 1650
2278 1626
2254 1597
2230 1569
2200 1547
2164 1541
2127 1546
2096 1564
2061 1555
1810 1524
1740 1504
1662 1510
1589 1525
1518 1547
1451 1575
1386 1611
1326 1659
1271 1717
1227 1779
1216 1854
1290 1843
1356 1810
1421 1774
1487 1741
1554 1711
1620 1678
1686 1645
1757 1626
1824 1594
