275 324
276 337
277 349
279 361
282 374
285 386
289 399
296 410
304 420
311 430
319 439
330 448
337 458
346 468
355 478
364 486
374 493
386 501
397 506
410 508
423 510
435 511
448 510
459 504
471 499
482 493
492 484
501 475
508 463
516 454
524 443
531 433
538 422
544 411
550 400
553 387
556 375
557 362
557 349
556 336
556 322
407 315
400 322
395 332
394 342
399 351
408 353
419 355
430 358
439 362
450 361
459 358
469 352
477 347
485 340
486 329
481 321
476 311
374 397
382 394
391 390
400 388
410 388
419 387
429 388
439 388
449 387
459 386
469 387
478 387
488 388
497 390
491 397
484 405
477 411
469 417
461 421
451 423
442 423
432 424
422 422
414 419
405 416
397 412
389 408
381 403
378 399
386 397
394 396
402 395
410 394
419 394
427 394
436 393
444 393
452 392
460 391
468 390
477 389
485 388
487 395
480 399
473 402
466 405
458 407
450 408
442 409
434 410
425 409
417 408
409 407
401 405
393 404
386 402
475 268
478 265
481 262
485 260
489 258
494 257
498 257
503 257
507 258
511 260
515 263
515 267
511 268
507 269
502 270
498 270
493 270
488 269
483 270
479 269
388 268
385 265
382 263
377 263
373 262
369 263
364 264
360 265
357 266
353 269
350 272
354 273
358 274
362 275
367 275
371 275
376 275
380 275
385 274
388 273
468 238
474 233
481 230
489 228
497 228
505 229
513 232
520 234
527 237
535 238
542 242
537 248
529 248
521 246
514 243
506 241
499 239
490 240
483 242
474 242
410 229
400 226
389 225
378 225
368 226
358 228
349 232
340 238
332 245
325 254
319 262
330 261
340 259
349 254
357 248
367 244
377 242
388 242
399 242
409 239
