951 1231
951 1275
956 1323
964 1366
972 1410
986 1455
1005 1498
1022 1539
1041 1583
1059 1622
1078 1665
1099 1709
1123 1747
1149 1785
1179 1821
1212 1851
1248 1881
1282 1912
1319 1935
1365 1945
1412 1946
1458 1943
1500 1933
1539 1904
1572 1871
1600 1840
1629 1801
1654 1764
1676 1724
1695 1682
1713 1638
1730 1598
1752 1556
1769 1514
1788 1469
1805 1430
1822 1386
1834 1342
1842 1297
1845 1252
1847 1202
1418 1158
1408 1183
1398 1207
1404 1233
1422 1253
1443 1267
1466 1283
1488 1296
1514 1310
1539 1317
1566 1311
1591 1301
1614 1288
1630 1265
1628 1241
1621 1214
1612 1187
1271 1482
1278 1445
1302 1415
1335 1397
1372 1389
1409 1382
1448 1386
1483 1399
1517 1412
1554 1421
1587 1437
1616 1466
1628 1501
1619 1537
1609 1573
1598 1608
1585 1643
1565 1675
1534 1698
1498 1707
1459 1703
1423 1693
1390 1674
1361 1646
1334 1617
1313 1585
1296 1552
1282 1518
1282 1463
1293 1434
1317 1410
1345 1398
1379 1398
1411 1402
1440 1414
1468 1427
1497 1439
1525 1450
1555 1460
1584 1470
1609 1490
1611 1524
1594 1551
1577 1577
1560 1604
1536 1628
1509 1644
1477 1650
1445 1646
1415 1638
1387 1623
1363 1599
1343 1573
1322 1548
1304 1521
1290 1493
1577 1048
1584 1033
1598 1023
1612 1015
1627 1007
1642 1001
1658 997
1676 998
1691 1003
1705 1012
1717 1025
1721 1041
1711 1054
1695 1059
1679 1061
1661 1061
1644 1058
1628 1054
1611 1051
1594 1050
1377 1035
1360 1039
1344 1044
1327 1048
1311 1053
1294 1056
1276 1059
1259 1062
1241 1065
1223 1066
1204 1066
1223 1066
1241 1064
1258 1059
1275 1058
1292 1054
1310 1051
1327 1047
1343 1043
1360 1038
1564 988
1580 960
1606 938
1633 921
1663 908
1693 898
1724 890
1758 892
1786 907
1806 932
1814 964
1813 997
1790 995
1776 967
1750 946
1718 941
1685 946
1654 956
1625 968
1596 980
1425 1009
1422 977
1394 962
1362 955
1327 953
1293 955
1260 960
1227 964
1193 968
1161 974
1132 989
1124 1021
1156 1027
1192 1027
1226 1025
1258 1019
1290 1011
1323 1007
1358 1008
1392 1011
