297 633
304 650
311 669
318 688
325 707
334 726
343 744
353 762
365 778
377 792
392 806
408 818
426 829
443 839
462 849
479 856
499 861
518 864
539 863
559 860
577 857
598 851
616 845
634 835
650 821
663 807
678 792
692 780
707 765
719 749
730 732
739 715
746 696
751 676
753 657
754 637
754 617
755 597
755 575
755 555
756 535
466 580
460 593
458 608
457 624
460 638
473 645
489 644
504 641
518 639
533 633
546 630
562 625
572 615
570 600
564 588
554 575
544 562
451 732
459 719
470 708
482 697
494 688
508 682
523 681
538 679
552 674
565 669
581 667
596 669
610 672
624 676
637 684
628 697
617 707
604 716
591 723
578 730
565 735
551 739
536 743
523 748
507 750
492 748
478 745
463 741
478 723
488 720
499 718
509 714
520 711
530 708
541 705
551 702
561 699
572 697
583 695
595 694
606 693
617 690
627 688
617 690
606 692
594 693
583 694
572 696
561 698
550 701
540 704
530 708
520 711
509 714
498 716
488 720
553 497
557 489
563 482
570 477
578 473
586 470
595 468
604 467
613 469
622 471
630 474
631 482
624 487
616 490
608 493
599 495
590 496
581 495
571 495
562 497
442 524
440 516
432 511
423 509
414 507
404 507
395 509
387 512
379 516
372 523
367 531
363 539
371 542
381 543
390 541
399 539
408 536
416 534
425 531
434 528
519 444
530 428
547 422
564 417
582 412
600 408
620 407
639 408
657 412
674 419
689 431
678 440
661 434
643 429
624 427
605 428
588 434
571 440
553 446
535 450
423 466
419 452
406 447
391 450
377 454
363 458
349 462
336 468
323 476
312 487
305 500
301 514
312 504
324 494
338 488
351 483
366 481
381 479
396 476
410 472
