839 1024
841 1058
847 1095
855 1130
862 1168
869 1202
881 1238
894 1272
909 1304
928 1334
950 1364
976 1393
995 1422
1017 1454
1039 1479
1063 1507
1091 1534
1119 1552
1155 1559
1193 1562
1231 1567
1265 1570
1303 1569
1339 1565
1374 1558
1409 1544
1440 1528
1471 1506
1501 1484
1529 1460
1549 1433
1570 1403
1592 1372
1613 1340
1628 1311
1644 1276
1656 1240
1665 1207
1671 1170
1676 1133
1682 1096
1112 1025
1097 1049
1083 1074
1072 1102
1071 1132
1095 1149
1124 1153
1153 1154
1182 1153
1213 1152
1242 1150
1270 1144
1296 1129
1303 1101
1299 1073
1285 1045
1270 1019
1031 1229
1058 1215
1089 1210
1120 1205
1152 1201
1184 1203
1216 1206
1248 1209
1280 1213
1311 1216
1342 1222
1371 1232
1395 1254
1390 1285
1367 1309
1343 1330
1318 1350
1291 1365
1263 1376
1233 1384
1202 1388
1171 1384
1142 1374
1116 1359
1092 1335
1074 1310
1058 1283
1044 1256
1045 1241
1072 1241
1099 1243
1127 1243
1153 1247
1178 1253
1206 1252
1232 1248
1258 1244
1285 1241
1312 1240
1340 1240
1367 1242
1389 1256
1373 1278
1351 1291
1328 1301
1303 1309
1279 1316
1254 1323
1228 1327
1202 1329
1174 1328
1149 1322
1126 1312
1104 1298
1084 1280
1063 1261
1291 904
1298 893
1309 882
1320 874
1332 867
1345 862
1358 858
1372 857
1386 860
1399 865
1409 876
1413 889
1407 901
1394 905
1379 906
1365 907
1350 907
1335 906
1320 906
1305 906
1084 895
1072 884
1058 876
1044 870
1028 867
1011 866
995 867
979 871
965 878
952 888
940 898
952 910
966 917
982 919
999 920
1016 919
1033 918
1049 916
1065 913
1080 909
1244 833
1250 810
1268 791
1289 779
1311 771
1334 765
1359 763
1384 765
1408 770
1430 779
1449 793
1459 814
1435 811
1409 810
1384 812
1360 816
1336 821
1313 826
1289 832
1267 839
1074 819
1058 803
1041 793
1022 786
1002 782
982 777
961 775
940 776
920 781
902 791
890 808
909 813
929 818
950 820
971 822
991 826
1011 831
1031 835
1051 838
1073 838
