448 563
450 578
452 594
452 610
451 626
450 642
448 658
447 674
447 690
448 705
451 722
457 737
467 749
479 759
491 771
502 782
514 794
526 804
541 811
555 814
572 815
588 816
604 817
620 815
635 809
648 800
660 789
671 778
683 767
695 756
705 744
712 729
720 714
728 700
736 687
745 673
752 660
756 644
761 629
765 614
770 597
585 559
579 569
577 581
580 593
587 604
597 612
608 616
620 619
633 622
646 622
658 623
671 623
683 620
687 610
685 596
683 585
678 573
510 664
524 661
540 662
556 663
572 663
588 661
604 661
619 664
634 665
650 666
665 668
678 675
686 688
680 701
673 715
665 727
653 737
639 741
624 743
608 742
593 739
579 735
565 731
552 724
540 715
530 703
521 691
515 677
518 662
531 662
543 663
556 665
568 666
580 667
593 668
605 670
617 671
629 674
641 676
653 678
664 681
671 690
663 700
655 709
644 715
632 716
619 716
607 714
595 712
583 710
572 707
561 703
550 699
540 692
531 683
523 673
671 516
674 509
681 504
688 500
696 498
705 497
713 496
722 497
730 499
737 503
741 510
739 518
732 523
725 527
717 529
709 530
700 529
692 528
684 526
677 522
572 499
570 492
564 486
557 483
549 481
541 480
533 481
525 482
518 485
511 489
504 492
510 498
517 502
524 505
531 507
539 509
547 510
555 510
564 510
571 507
680 461
684 451
692 444
702 439
712 437
723 436
734 434
745 435
755 438
763 444
770 453
772 462
763 459
753 455
742 453
732 456
721 458
711 461
701 464
690 464
604 436
594 424
580 417
565 414
549 412
533 412
516 413
501 416
487 422
474 429
461 437
475 443
491 442
507 440
522 437
539 437
555 439
570 442
584 447
599 450
