617 884
620 905
623 928
626 951
630 972
637 995
647 1015
660 1035
673 1053
686 1072
702 1089
718 1106
734 1121
751 1137
770 1149
791 1160
812 1168
834 1174
857 1178
879 1179
903 1179
925 1178
947 1174
970 1168
991 1157
1008 1144
1026 1127
1041 1113
1058 1096
1073 1078
1087 1060
1101 1043
1114 1023
1126 1003
1136 984
1144 962
1153 941
1160 919
1164 897
1166 873
1167 850
813 781
804 800
796 818
793 839
802 858
821 870
839 878
861 881
882 884
903 884
925 880
944 870
961 860
973 841
975 821
966 801
961 780
744 940
764 933
787 930
810 930
833 932
857 931
880 932
903 934
926 933
949 931
972 929
994 927
1017 925
1038 931
1027 950
1009 964
990 975
970 983
949 990
928 994
906 998
883 1000
860 997
838 993
817 987
797 979
778 969
759 957
771 949
789 949
805 951
822 953
839 954
856 956
873 958
889 961
906 961
923 958
939 954
954 950
970 947
986 942
1001 938
986 944
970 947
954 951
939 954
923 958
907 961
889 961
873 959
856 957
839 956
822 954
805 953
788 951
953 682
958 672
968 666
977 662
987 658
998 655
1009 653
1021 654
1031 657
1041 662
1050 669
1049 680
1040 686
1030 690
1019 693
1008 694
996 692
985 690
975 688
963 688
799 670
796 661
788 656
780 653
771 652
761 652
752 652
743 653
734 656
727 663
724 671
729 678
737 683
745 686
754 688
763 690
772 689
781 688
790 685
796 678
943 624
956 612
971 606
988 603
1006 603
1023 603
1041 605
1057 608
1074 612
1089 617
1104 624
1098 637
1080 637
1064 633
1047 631
1030 629
1012 628
995 628
977 628
959 627
833 620
822 606
809 595
795 587
779 583
762 582
744 582
727 583
711 587
697 595
684 606
673 619
691 619
709 619
727 619
744 618
762 618
779 619
797 619
815 619
