878 1218
881 1253
889 1287
900 1322
910 1355
919 1389
928 1422
941 1458
958 1489
978 1518
999 1546
1024 1572
1051 1595
1079 1619
1107 1642
1135 1664
1163 1683
1193 1702
1227 1716
1262 1725
1295 1729
1332 1725
1366 1716
1398 1698
1428 1680
1457 1659
1485 1638
1516 1615
1545 1594
1571 1571
1596 1545
1621 1519
1643 1494
1668 1468
1688 1439
1704 1406
1718 1372
1730 1341
1744 1307
1755 1272
1763 1236
1264 1225
1249 1253
1227 1277
1207 1303
1207 1335
1227 1361
1257 1366
1293 1365
1325 1365
1356 1369
1390 1375
1422 1383
1446 1366
1459 1336
1451 1304
1438 1272
1426 1241
1185 1510
1199 1490
1215 1471
1235 1458
1256 1448
1282 1446
1303 1456
1327 1461
1350 1455
1375 1457
1394 1472
1409 1491
1423 1511
1436 1531
1427 1553
1412 1572
1395 1591
1375 1605
1354 1617
1333 1627
1309 1631
1285 1628
1262 1622
1241 1612
1222 1596
1208 1577
1197 1555
1190 1533
1201 1520
1208 1504
1223 1493
1239 1484
1255 1477
1275 1477
1292 1482
1309 1489
1327 1491
1346 1488
1365 1487
1381 1495
1396 1508
1409 1522
1417 1538
1404 1552
1388 1561
1372 1569
1355 1577
1339 1583
1321 1587
1301 1587
1283 1585
1265 1581
1248 1575
1233 1565
1218 1552
1208 1537
1472 1103
1481 1085
1494 1068
1511 1057
1529 1049
1549 1045
1571 1044
1591 1047
1609 1056
1625 1070
1634 1088
1634 1110
1620 1125
1602 1134
1582 1138
1561 1139
1539 1138
1519 1134
1500 1129
1482 1120
1231 1080
1219 1062
1203 1045
1185 1033
1166 1024
1145 1018
1122 1017
1100 1021
1081 1029
1063 1042
1047 1058
1060 1076
1077 1090
1096 1100
1116 1107
1138 1111
1161 1111
1183 1110
1206 1108
1226 1101
1463 969
1468 940
1492 923
1522 920
1551 923
1581 927
1611 930
1639 935
1665 945
1690 961
1713 980
1726 1003
1697 998
1668 995
1638 992
1609 989
1578 987
1549 984
1520 978
1490 977
1287 962
1281 934
1257 916
1231 905
1201 900
1170 899
1139 898
1108 900
1079 907
1053 918
1028 934
1008 957
1038 961
1069 962
1101 961
1132 963
1163 965
1194 964
1226 964
1257 965
