469 645
477 661
485 678
493 696
500 713
506 732
513 749
522 766
532 782
543 797
554 812
566 827
579 842
592 855
606 867
621 879
637 889
654 897
672 902
691 906
709 906
728 904
746 898
764 890
781 882
797 871
810 859
823 843
834 828
845 814
858 798
868 783
876 767
887 750
891 732
894 714
896 695
898 676
900 656
904 637
909 619
654 631
644 643
641 658
641 675
646 690
661 698
675 705
690 711
706 712
722 712
734 702
749 694
762 685
764 669
759 654
751 640
741 626
610 751
623 746
637 743
650 739
664 736
678 738
691 742
706 741
720 738
735 738
749 742
763 744
778 746
791 749
780 760
770 771
759 781
747 788
735 794
722 800
708 804
693 804
679 803
666 798
653 791
642 782
632 771
622 760
615 751
628 751
639 753
650 756
662 758
673 761
684 764
695 766
708 766
719 763
730 761
742 758
753 756
765 753
776 752
764 754
753 756
742 759
731 762
720 765
708 766
695 766
683 765
672 762
661 759
650 757
639 754
627 752
747 541
753 534
760 527
768 522
776 518
784 514
792 512
802 511
811 512
820 514
828 519
826 528
818 533
810 537
802 539
793 541
783 542
774 542
764 543
755 545
617 538
611 531
604 527
597 524
589 523
580 523
573 525
565 528
558 532
552 537
547 544
554 548
561 552
569 554
577 554
586 554
594 553
602 551
610 549
617 546
753 501
763 491
774 484
785 477
796 470
807 464
819 459
832 458
845 459
857 463
868 470
861 476
849 472
836 470
823 470
811 474
799 480
789 488
778 496
767 502
625 505
613 496
601 489
588 483
575 479
561 475
547 473
532 475
519 479
506 485
494 493
506 501
521 501
534 497
549 495
563 497
577 501
590 506
603 511
617 513
