540 1488
549 1536
559 1588
568 1637
577 1688
588 1739
603 1789
620 1838
640 1881
664 1928
694 1971
721 2011
758 2047
794 2088
834 2121
873 2150
918 2177
964 2199
1013 2209
1067 2218
1117 2215
1166 2211
1220 2200
1264 2183
1311 2159
1353 2131
1393 2096
1428 2062
1462 2020
1491 1976
1521 1934
1543 1892
1566 1842
1581 1796
1594 1748
1606 1694
1616 1643
1622 1591
1626 1541
1632 1493
1636 1437
958 1499
931 1535
913 1580
924 1623
961 1655
1003 1667
1051 1682
1097 1695
1141 1696
1189 1686
1233 1675
1280 1656
1311 1622
1311 1575
1292 1533
1269 1492
1264 1444
853 1838
888 1821
925 1806
962 1793
998 1779
1039 1774
1077 1784
1118 1790
1157 1783
1199 1779
1242 1781
1282 1787
1320 1798
1356 1814
1357 1857
1326 1886
1292 1907
1259 1932
1224 1950
1184 1957
1142 1959
1099 1961
1059 1954
1020 1944
983 1932
947 1917
912 1897
880 1870
875 1834
909 1838
943 1842
976 1847
1008 1853
1041 1859
1075 1862
1110 1863
1145 1861
1179 1858
1213 1856
1247 1852
1280 1848
1313 1841
1343 1837
1310 1842
1278 1849
1244 1854
1211 1859
1178 1863
1144 1865
1108 1866
1073 1865
1040 1861
1008 1854
975 1849
942 1844
908 1841
1262 1316
1277 1298
1296 1283
1316 1273
1336 1264
1357 1257
1379 1252
1402 1249
1426 1250
1447 1257
1467 1266
1468 1289
1449 1302
1427 1309
1404 1311
1381 1310
1357 1308
1333 1310
1310 1312
1286 1313
939 1294
919 1276
897 1265
873 1258
848 1254
820 1255
794 1257
769 1262
746 1270
724 1282
704 1299
726 1310
749 1319
774 1323
800 1325
827 1328
854 1328
880 1325
905 1321
930 1316
1211 1191
1216 1154
1249 1139
1283 1128
1318 1117
1353 1109
1391 1104
1429 1102
1468 1104
1505 1111
1538 1124
1546 1155
1510 1162
1470 1163
1431 1164
1391 1165
1354 1170
1318 1178
1283 1188
1247 1196
968 1162
933 1143
896 1130
857 1121
815 1118
772 1120
731 1125
692 1134
656 1150
624 1176
597 1209
637 1201
679 1197
720 1192
761 1186
802 1182
844 1184
885 1191
924 1199
967 1199
