348 334
346 348
343 364
343 379
343 393
344 408
346 423
347 438
350 453
354 468
359 481
365 496
372 509
380 522
390 533
401 542
415 548
430 551
446 553
460 554
476 554
489 553
504 551
519 548
535 545
549 542
564 538
577 533
592 527
606 522
620 517
633 509
645 500
654 487
661 474
667 460
673 447
679 432
686 419
693 407
699 392
433 338
427 346
421 356
413 365
410 375
419 383
428 388
440 391
451 392
462 393
474 393
485 393
496 390
504 382
509 372
508 360
504 349
385 436
394 430
404 425
414 423
425 423
436 425
447 426
458 425
469 426
479 429
489 432
499 436
509 440
518 446
523 454
513 456
503 459
492 461
482 464
472 467
462 469
451 470
440 469
429 467
419 464
410 459
401 452
393 444
395 435
405 435
414 436
423 435
432 436
440 438
449 440
458 441
467 442
477 443
485 444
494 447
502 449
511 450
521 450
512 450
503 449
494 448
486 445
477 443
468 442
459 441
450 440
441 438
432 437
424 435
414 436
405 435
529 296
536 293
542 290
549 287
557 285
565 285
573 285
581 287
588 289
595 292
601 298
596 304
588 306
581 307
573 308
565 307
557 306
549 304
542 302
535 299
441 279
436 274
431 271
425 269
419 267
412 266
406 267
399 267
393 270
388 274
384 279
389 284
395 287
401 289
407 290
414 290
421 290
427 289
433 288
439 285
525 246
533 240
543 237
554 237
565 238
575 240
586 241
596 244
605 248
613 254
620 262
614 266
606 260
596 256
587 253
576 251
566 250
555 251
544 252
533 252
429 238
425 233
419 229
413 226
407 224
400 222
394 222
387 222
380 223
374 225
369 231
376 232
382 230
389 230
396 231
402 233
408 235
414 238
420 242
426 244
