683 885
686 909
692 935
696 962
700 988
705 1015
712 1040
722 1065
733 1089
746 1113
758 1137
771 1160
785 1179
803 1199
824 1219
846 1234
869 1248
890 1259
917 1267
943 1274
969 1277
996 1277
1022 1274
1048 1267
1072 1259
1096 1249
1120 1234
1141 1219
1160 1203
1180 1182
1196 1161
1209 1139
1219 1115
1225 1089
1228 1063
1230 1036
1229 1009
1229 982
1231 956
1239 930
1248 904
901 854
886 875
881 901
884 927
900 947
922 960
947 968
974 975
1000 977
1025 971
1050 964
1076 959
1100 946
1104 920
1091 897
1076 876
1060 853
849 1048
867 1038
887 1033
907 1027
928 1025
948 1030
967 1038
988 1039
1007 1033
1028 1030
1048 1034
1067 1043
1085 1052
1104 1058
1097 1076
1081 1090
1065 1104
1047 1116
1029 1124
1008 1127
986 1128
964 1128
944 1124
925 1117
907 1107
889 1096
873 1082
860 1066
851 1047
868 1051
885 1055
903 1059
921 1061
938 1064
956 1067
974 1069
993 1070
1012 1068
1031 1068
1049 1067
1068 1065
1085 1062
1104 1062
1086 1064
1067 1066
1049 1067
1031 1069
1012 1070
993 1070
974 1070
956 1068
938 1066
920 1063
903 1059
885 1055
868 1052
1083 761
1093 754
1103 748
1114 743
1125 740
1138 739
1151 739
1162 741
1174 745
1184 750
1195 756
1187 764
1176 769
1164 771
1151 772
1138 772
1125 772
1113 771
1100 771
1088 772
882 755
873 750
865 746
856 742
847 739
837 738
826 738
816 739
807 743
798 747
791 754
799 761
807 766
816 769
827 770
837 770
848 770
858 770
868 768
876 763
1073 683
1078 668
1092 661
1107 656
1123 653
1140 650
1156 648
1173 646
1190 646
1206 650
1220 659
1221 672
1203 673
1186 674
1170 676
1153 678
1136 680
1121 684
1106 689
1088 689
933 697
928 675
908 663
886 654
863 648
839 645
814 644
790 646
766 652
745 662
726 678
713 698
738 695
762 692
787 691
812 693
837 695
861 698
886 701
910 703
