1085 1286
1088 1338
1094 1388
1100 1441
1105 1490
1112 1541
1128 1593
1153 1641
1175 1684
1214 1722
1250 1762
1283 1798
1319 1835
1360 1870
1399 1908
1430 1946
1474 1980
1516 2005
1564 2025
1617 2036
1670 2028
1717 2018
1767 1995
1807 1963
1843 1925
1874 1881
1909 1843
1945 1806
1977 1765
2007 1725
2033 1679
2063 1635
2090 1588
2112 1540
2134 1492
2155 1445
2160 1395
2151 1343
2142 1293
2132 1243
2128 1187
1486 1252
1469 1292
1442 1332
1422 1371
1422 1418
1460 1437
1507 1452
1550 1463
1600 1469
1646 1462
1686 1447
1733 1431
1761 1397
1757 1353
1737 1310
1717 1266
1696 1223
1331 1565
1373 1546
1417 1533
1464 1525
1514 1524
1561 1532
1610 1536
1656 1526
1701 1516
1749 1511
1796 1504
1845 1508
1884 1535
1876 1582
1855 1623
1823 1660
1790 1697
1752 1727
1711 1747
1666 1759
1619 1765
1568 1765
1519 1762
1477 1745
1437 1720
1401 1686
1370 1649
1346 1608
1380 1589
1416 1592
1452 1587
1489 1589
1523 1596
1560 1597
1598 1597
1634 1593
1669 1587
1703 1579
1737 1571
1772 1565
1806 1558
1839 1547
1818 1573
1790 1598
1763 1623
1735 1647
1705 1665
1673 1677
1639 1683
1601 1684
1565 1682
1530 1675
1499 1661
1469 1644
1438 1627
1409 1609
1713 1050
1731 1036
1750 1025
1769 1014
1788 1003
1807 992
1827 985
1850 984
1873 988
1893 995
1912 1006
1909 1028
1890 1041
1871 1049
1850 1056
1828 1059
1805 1057
1783 1054
1759 1053
1736 1052
1390 1060
1375 1050
1359 1042
1343 1035
1326 1031
1307 1029
1288 1030
1270 1034
1255 1043
1241 1056
1230 1071
1244 1083
1261 1088
1280 1091
1299 1091
1318 1090
1336 1087
1354 1084
1372 1081
1390 1077
1643 946
1657 902
1698 879
1741 862
1785 848
1830 835
1880 831
1925 842
1967 863
2006 893
2034 932
2041 976
1997 960
1955 940
1912 922
1865 914
1818 922
1773 935
1730 950
1685 964
1480 954
1457 920
1422 899
1385 882
1346 871
1305 863
1262 860
1221 868
1184 884
1150 911
1126 945
1106 981
1144 994
1186 987
1226 977
1267 970
1310 966
1354 965
1398 965
1442 967
