207 890
204 921
208 951
212 982
210 1014
212 1044
220 1077
230 1106
243 1136
251 1166
246 1197
247 1229
254 1259
268 1287
289 1309
317 1325
347 1339
378 1348
409 1351
439 1349
470 1348
501 1345
533 1336
564 1326
592 1314
620 1297
647 1280
672 1263
696 1243
717 1220
741 1197
763 1173
781 1151
795 1123
807 1093
819 1063
829 1033
840 1002
854 975
869 946
882 917
326 948
318 968
306 990
297 1012
295 1037
307 1056
329 1069
351 1075
375 1072
401 1069
424 1065
447 1059
465 1044
473 1020
469 998
456 976
443 954
277 1094
295 1089
313 1093
329 1100
343 1114
360 1120
379 1121
397 1125
414 1131
431 1138
447 1147
463 1156
478 1165
470 1181
454 1190
438 1197
421 1203
403 1208
385 1212
366 1214
348 1211
331 1205
316 1195
301 1182
291 1167
286 1149
284 1130
282 1111
287 1093
298 1104
307 1115
317 1126
328 1135
340 1141
353 1146
366 1149
380 1151
394 1153
408 1155
423 1156
437 1158
451 1159
464 1159
450 1159
435 1158
420 1157
406 1157
391 1155
377 1154
363 1152
349 1149
337 1143
325 1136
314 1127
305 1116
296 1104
491 862
497 850
508 842
521 839
535 841
548 844
561 848
573 852
586 856
598 861
609 868
606 880
594 884
580 886
566 887
552 886
539 884
526 881
514 876
502 870
342 816
333 811
324 807
315 803
307 799
298 793
289 788
281 783
272 780
262 777
262 788
264 798
269 806
277 813
286 817
296 820
306 821
317 822
327 822
338 823
476 806
496 791
518 784
540 777
564 772
589 771
613 775
636 782
657 791
678 803
697 820
685 833
664 821
643 810
621 802
597 798
572 797
547 801
524 807
500 810
335 766
329 754
318 744
308 733
300 723
290 712
280 701
270 691
258 684
244 683
233 691
236 705
249 708
261 713
270 723
279 734
289 745
300 754
311 763
323 769
