769 963
771 991
774 1019
782 1050
790 1077
801 1106
814 1131
829 1156
845 1181
864 1202
883 1227
899 1251
917 1276
937 1297
955 1320
972 1344
995 1364
1021 1377
1049 1387
1076 1394
1106 1398
1134 1399
1165 1395
1191 1380
1217 1366
1239 1349
1260 1326
1278 1303
1297 1280
1318 1259
1339 1240
1355 1215
1373 1191
1390 1167
1403 1141
1414 1115
1423 1086
1430 1056
1435 1026
1440 998
1447 968
1038 940
1025 968
1011 994
1001 1023
1002 1054
1027 1070
1055 1079
1085 1086
1117 1091
1147 1092
1177 1083
1206 1077
1235 1066
1247 1037
1243 1008
1238 977
1234 945
973 1188
993 1177
1016 1173
1038 1167
1062 1163
1084 1158
1108 1156
1132 1160
1156 1158
1180 1157
1204 1159
1226 1165
1247 1175
1249 1199
1233 1217
1218 1236
1201 1254
1182 1269
1162 1281
1141 1289
1118 1293
1094 1291
1071 1286
1051 1276
1032 1262
1013 1246
995 1229
983 1209
984 1187
1001 1195
1019 1201
1037 1205
1055 1210
1074 1215
1093 1219
1112 1222
1131 1219
1149 1213
1168 1209
1187 1205
1205 1200
1223 1195
1241 1190
1224 1193
1207 1198
1187 1201
1169 1207
1151 1212
1133 1216
1113 1219
1093 1218
1074 1214
1055 1210
1037 1205
1019 1199
1001 1194
1262 827
1272 818
1284 814
1296 810
1309 808
1323 808
1336 809
1349 811
1361 815
1372 822
1382 831
1377 842
1364 844
1350 845
1337 844
1324 842
1311 840
1299 837
1287 834
1274 831
982 799
973 789
962 783
950 778
937 776
924 775
911 775
898 778
887 782
876 790
867 800
877 809
889 813
901 815
914 817
927 818
941 817
954 816
967 814
979 811
1195 740
1206 716
1232 708
1261 709
1291 709
1320 707
1350 707
1378 711
1404 719
1427 735
1440 759
1417 768
1390 762
1361 759
1332 761
1304 765
1276 769
1250 776
1222 780
1197 769
1071 750
1072 719
1043 711
1013 705
985 697
957 688
929 678
899 672
867 672
838 680
813 699
800 725
831 728
863 727
895 728
925 734
954 741
984 748
1013 754
1043 760
