221 1700
226 1787
233 1877
233 1961
253 2050
278 2134
310 2224
341 2306
379 2386
419 2461
474 2538
546 2596
618 2641
695 2686
775 2726
852 2768
937 2814
1013 2853
1098 2894
1174 2925
1264 2951
1356 2950
1441 2945
1528 2935
1596 2881
1663 2812
1726 2749
1786 2688
1843 2612
1900 2550
1970 2485
2022 2418
2076 2345
2119 2268
2157 2184
2181 2097
2198 2006
2204 1924
2201 1835
2207 1745
2219 1649
1236 1706
1202 1759
1171 1818
1162 1882
1208 1928
1273 1939
1341 1937
1403 1933
1473 1936
1538 1934
1601 1917
1669 1904
1732 1886
1751 1826
1736 1763
1694 1708
1652 1654
1014 2316
1073 2289
1132 2264
1191 2237
1249 2207
1308 2181
1369 2160
1440 2160
1510 2157
1578 2151
1645 2159
1707 2178
1766 2204
1776 2269
1738 2324
1706 2381
1669 2436
1628 2490
1576 2537
1518 2567
1453 2579
1384 2574
1320 2560
1259 2538
1201 2510
1146 2471
1095 2424
1049 2372
1060 2314
1107 2298
1155 2283
1203 2269
1251 2254
1300 2241
1352 2234
1406 2232
1460 2229
1513 2226
1567 2222
1620 2219
1675 2220
1727 2226
1717 2264
1674 2292
1633 2326
1590 2355
1544 2373
1498 2392
1450 2408
1399 2416
1345 2416
1292 2410
1243 2399
1193 2388
1148 2366
1104 2340
1685 1427
1690 1392
1712 1365
1741 1347
1773 1337
1807 1330
1843 1332
1876 1340
1908 1351
1938 1364
1969 1379
1985 1406
1954 1417
1922 1429
1890 1439
1857 1447
1822 1450
1786 1447
1752 1442
1717 1438
1081 1419
1050 1395
1017 1379
982 1368
945 1362
905 1361
867 1366
832 1375
798 1390
765 1407
733 1426
770 1434
804 1445
839 1456
876 1464
915 1468
954 1469
993 1466
1031 1460
1067 1451
1606 1186
1658 1152
1715 1131
1775 1117
1835 1102
1895 1090
1960 1085
2022 1095
2080 1114
2131 1149
2157 1204
2143 1263
2079 1257
2023 1235
1965 1218
1909 1195
1844 1190
1782 1200
1722 1213
1658 1220
1164 1164
1100 1129
1034 1100
963 1085
885 1086
813 1101
747 1128
686 1171
630 1225
570 1271
509 1313
584 1304
655 1287
724 1267
791 1241
858 1216
929 1199
1006 1197
1080 1208
1155 1216
