907 1220
911 1270
912 1320
916 1373
927 1426
942 1473
962 1525
983 1569
1009 1617
1035 1662
1060 1707
1088 1752
1121 1791
1157 1830
1195 1871
1231 1903
1276 1935
1320 1959
1370 1979
1421 1994
1473 2002
1525 2000
1577 1992
1626 1980
1671 1953
1709 1919
1746 1882
1786 1845
1822 1813
1859 1769
1889 1727
1920 1684
1950 1643
1973 1597
1986 1545
1995 1493
2002 1443
2012 1390
2026 1341
2043 1293
2062 1240
1321 1242
1295 1274
1272 1308
1261 1350
1287 1381
1330 1388
1368 1406
1407 1426
1447 1436
1488 1430
1533 1418
1572 1402
1610 1385
1635 1348
1628 1307
1607 1270
1584 1232
1177 1507
1227 1508
1277 1510
1327 1514
1374 1521
1420 1532
1467 1540
1517 1539
1565 1532
1612 1524
1660 1518
1710 1515
1749 1536
1722 1575
1694 1614
1664 1652
1626 1683
1584 1705
1541 1722
1495 1731
1444 1733
1395 1728
1350 1716
1307 1699
1269 1670
1237 1632
1212 1592
1192 1550
1210 1529
1246 1540
1284 1547
1324 1552
1362 1560
1399 1568
1437 1576
1478 1573
1516 1566
1554 1559
1593 1553
1633 1549
1673 1544
1711 1537
1694 1566
1663 1591
1631 1612
1597 1631
1562 1646
1525 1655
1485 1659
1444 1661
1405 1655
1369 1643
1335 1627
1302 1608
1270 1585
1240 1557
1623 998
1635 977
1656 961
1677 945
1698 933
1722 925
1748 922
1774 924
1798 931
1820 943
1841 956
1847 979
1825 992
1803 1002
1778 1008
1751 1008
1725 1005
1700 1000
1675 996
1649 999
1279 958
1263 941
1245 929
1226 920
1205 915
1183 912
1160 913
1139 917
1119 926
1100 936
1082 948
1101 957
1120 969
1140 975
1162 978
1183 983
1207 983
1229 981
1252 980
1274 978
1595 818
1627 792
1667 789
1709 789
1749 785
1791 784
1832 782
1872 787
1908 800
1940 823
1946 851
1910 838
1870 834
1829 836
1789 840
1749 846
1712 856
1675 866
1635 869
1598 859
1309 813
1286 788
1257 773
1224 769
1190 768
1155 770
1121 771
1086 772
1055 779
1027 796
1002 818
1035 822
1069 820
1104 819
1139 819
1173 821
1205 826
1237 833
1268 842
1302 843
