290 303
290 314
291 324
291 336
291 347
291 358
292 369
295 380
297 391
299 402
303 412
308 421
313 432
320 440
327 449
334 457
342 464
352 469
362 473
373 475
384 477
395 478
405 480
417 481
428 479
439 476
448 472
458 467
468 462
478 456
487 451
496 443
501 434
508 425
514 415
519 405
524 397
529 386
532 376
536 366
541 355
390 301
382 305
375 311
370 319
375 327
382 333
390 337
399 339
409 340
418 340
428 341
437 339
446 337
454 333
453 324
447 316
439 311
340 361
349 357
360 356
371 355
382 356
392 357
403 358
413 359
423 362
433 364
443 367
452 372
460 378
464 387
457 395
448 401
440 406
430 410
419 411
409 411
398 411
387 410
377 407
368 403
360 397
352 389
347 380
344 371
347 362
356 362
365 361
374 362
383 363
392 365
400 366
409 368
417 370
425 372
434 374
443 375
451 378
458 382
457 390
449 393
440 394
431 395
422 395
413 395
404 395
394 394
386 393
378 390
370 387
362 383
356 376
350 369
455 281
459 278
463 276
467 274
472 273
477 272
481 273
486 274
490 277
493 280
496 283
496 288
492 289
487 289
482 289
477 288
472 287
468 286
464 284
460 282
394 272
394 267
391 263
387 259
383 255
378 253
374 251
368 251
363 251
358 253
353 256
349 258
353 262
358 264
362 267
367 269
372 270
377 271
383 271
389 272
453 249
459 242
468 240
478 240
487 241
496 243
504 246
513 248
520 253
527 259
532 267
529 273
522 267
515 262
506 259
497 257
488 256
479 257
470 255
461 253
403 238
400 229
392 224
383 220
375 217
366 213
356 212
346 212
337 215
329 220
321 227
315 235
325 235
335 234
345 234
356 234
366 235
375 236
385 239
394 241
