800 1099
807 1127
818 1158
831 1188
843 1219
855 1249
868 1278
881 1307
896 1335
911 1363
930 1392
949 1416
971 1438
999 1458
1025 1477
1050 1498
1076 1517
1104 1533
1134 1546
1164 1556
1195 1561
1228 1562
1261 1558
1291 1551
1322 1540
1349 1525
1377 1508
1402 1491
1429 1471
1454 1451
1479 1428
1500 1405
1517 1379
1533 1349
1546 1321
1558 1291
1570 1262
1582 1230
1590 1199
1595 1168
1597 1134
1158 1086
1144 1106
1135 1127
1127 1152
1138 1174
1158 1187
1182 1197
1205 1201
1230 1207
1253 1203
1277 1194
1300 1187
1324 1180
1342 1163
1342 1138
1336 1114
1323 1092
1069 1283
1089 1272
1112 1268
1135 1265
1159 1263
1184 1263
1208 1266
1231 1268
1255 1270
1279 1271
1304 1271
1326 1277
1347 1285
1368 1293
1354 1311
1337 1329
1319 1345
1299 1355
1277 1362
1254 1366
1230 1368
1206 1366
1183 1363
1161 1357
1140 1348
1121 1335
1103 1318
1087 1300
1076 1282
1094 1290
1113 1296
1133 1301
1153 1304
1174 1307
1194 1311
1214 1313
1236 1314
1258 1314
1279 1313
1300 1310
1320 1306
1340 1302
1360 1301
1339 1304
1319 1307
1299 1311
1279 1315
1257 1316
1235 1316
1214 1314
1193 1312
1173 1309
1153 1305
1133 1301
1113 1297
1094 1291
1334 967
1343 960
1352 952
1362 947
1372 942
1384 940
1395 938
1408 939
1419 940
1430 944
1440 950
1438 961
1428 965
1417 967
1405 969
1393 970
1381 969
1369 969
1357 968
1345 966
1123 949
1113 943
1103 937
1093 933
1082 929
1070 927
1058 927
1046 928
1035 931
1025 936
1015 943
1025 948
1035 952
1046 956
1057 959
1069 960
1082 960
1094 959
1106 958
1118 957
1310 879
1321 861
1340 852
1359 846
1381 843
1403 842
1425 842
1448 844
1469 847
1488 854
1506 867
1504 887
1481 886
1459 885
1437 884
1414 885
1392 887
1370 889
1349 892
1327 893
1157 865
1139 848
1117 839
1094 834
1070 833
1046 831
1020 831
997 836
976 845
957 858
938 874
963 875
986 871
1011 869
1035 871
1059 874
1082 879
1104 885
1127 890
1151 886
