1513 1635
1523 1693
1540 1750
1558 1807
1577 1862
1595 1918
1618 1970
1643 2029
1670 2080
1702 2130
1738 2177
1778 2223
1817 2264
1864 2304
1908 2338
1960 2367
2018 2381
2078 2382
2137 2374
2194 2361
2255 2346
2312 2324
2366 2302
2420 2276
2470 2246
2517 2213
2564 2173
2604 2133
2643 2090
2681 2038
2709 1987
2730 1931
2746 1872
2759 1815
2774 1757
2787 1704
2801 1644
2808 1586
2804 1527
2791 1469
2773 1408
1838 1483
1823 1533
1814 1587
1822 1643
1842 1692
1881 1727
1937 1741
1989 1747
2042 1739
2090 1715
2143 1688
2183 1652
2201 1603
2200 1549
2188 1497
2161 1448
2133 1397
1808 1926
1814 1879
1833 1839
1863 1803
1901 1777
1941 1756
1985 1745
2033 1743
2079 1736
2126 1732
2170 1744
2212 1758
2252 1777
2289 1807
2308 1847
2282 1884
2255 1922
2229 1960
2200 1996
2164 2028
2125 2052
2083 2067
2034 2066
1987 2062
1943 2051
1903 2030
1867 1999
1836 1963
1834 1930
1860 1913
1889 1901
1918 1892
1947 1881
1978 1875
2010 1871
2041 1865
2072 1858
2103 1853
2135 1847
2167 1845
2200 1842
2233 1840
2266 1843
2234 1841
2201 1843
2168 1846
2136 1850
2106 1858
2076 1866
2045 1872
2012 1875
1980 1880
1949 1886
1918 1892
1890 1904
1863 1919
2142 1231
2160 1197
2184 1166
2214 1138
2247 1118
2282 1104
2319 1094
2359 1090
2398 1095
2434 1107
2467 1126
2466 1167
2436 1196
2404 1220
2371 1238
2333 1247
2296 1255
2255 1257
2214 1254
2176 1247
1769 1300
1743 1277
1715 1258
1686 1244
1653 1238
1617 1236
1583 1239
1550 1246
1522 1265
1505 1293
1494 1323
1509 1353
1535 1375
1567 1383
1603 1385
1637 1382
1670 1376
1701 1366
1730 1350
1758 1330
2120 1081
2128 1036
2144 994
2171 956
2207 924
2245 898
2285 876
2327 860
2373 853
2420 855
2465 865
2481 892
2434 897
2390 907
2348 923
2310 949
2273 978
2235 1005
2197 1033
2160 1063
1759 1162
1737 1129
1703 1109
1668 1091
1632 1076
1596 1062
1559 1049
1522 1038
1482 1031
1439 1030
1401 1039
1433 1062
1469 1078
1505 1093
1541 1107
1577 1121
1613 1136
1649 1149
1687 1160
1724 1171
