180 348
180 362
183 376
185 390
188 404
191 417
196 431
201 444
208 456
216 469
222 481
230 493
238 505
247 516
252 530
264 537
277 544
290 547
305 548
319 547
332 543
345 536
356 528
368 520
381 514
395 509
409 505
421 500
433 494
446 485
455 475
463 463
470 451
475 438
480 424
485 410
488 397
490 382
490 368
492 354
492 339
253 337
249 348
246 358
242 370
246 381
253 389
264 394
276 397
286 397
298 396
309 393
320 388
328 381
333 371
330 359
322 350
314 342
239 437
246 434
254 432
262 430
271 430
279 430
288 432
296 430
304 429
312 430
320 432
328 435
336 437
344 439
342 447
335 452
328 456
320 459
313 462
305 464
296 465
288 465
279 465
270 464
263 460
257 454
252 447
246 441
245 435
251 438
258 439
265 440
272 440
278 441
285 442
293 442
300 441
306 440
313 439
320 439
327 439
335 439
342 438
335 438
327 438
320 438
313 439
306 440
299 440
293 442
285 442
278 441
272 440
265 439
258 439
251 437
334 283
339 279
344 274
349 271
356 269
363 269
369 270
375 272
381 273
387 276
392 281
389 287
384 290
378 292
371 293
364 292
358 291
351 291
345 290
339 287
253 284
248 281
244 278
239 275
233 273
228 272
222 272
216 273
211 275
207 279
203 283
208 286
212 289
217 292
223 293
229 293
235 292
240 291
246 290
252 290
301 243
314 234
329 229
345 226
361 222
378 220
393 224
408 231
422 238
436 247
446 260
431 258
416 254
400 250
383 248
366 248
350 252
335 257
320 262
304 259
251 256
248 247
240 242
232 238
223 235
214 233
205 231
195 231
186 234
179 241
175 249
174 259
182 256
190 251
199 249
208 251
217 254
226 257
235 260
244 262
