917 1175
919 1211
920 1250
923 1286
928 1326
934 1360
942 1399
954 1436
968 1469
983 1505
996 1540
1015 1572
1042 1601
1072 1624
1104 1645
1138 1663
1173 1677
1210 1688
1247 1697
1285 1703
1321 1702
1358 1697
1396 1690
1431 1675
1463 1652
1493 1631
1519 1605
1546 1576
1572 1550
1595 1519
1615 1488
1638 1459
1654 1424
1670 1388
1684 1354
1691 1316
1690 1276
1692 1240
1694 1202
1691 1163
1691 1124
1230 1170
1211 1194
1195 1220
1183 1247
1190 1280
1213 1297
1244 1311
1272 1319
1303 1324
1335 1319
1365 1311
1394 1296
1420 1282
1443 1260
1441 1227
1429 1199
1412 1172
1136 1398
1160 1388
1188 1384
1215 1380
1240 1372
1268 1369
1296 1367
1324 1365
1352 1363
1381 1363
1410 1363
1439 1364
1467 1366
1496 1367
1485 1390
1465 1411
1443 1427
1420 1440
1395 1449
1369 1454
1341 1458
1313 1459
1284 1460
1255 1458
1229 1453
1204 1443
1181 1430
1159 1412
1147 1394
1170 1400
1196 1401
1221 1401
1247 1401
1273 1400
1298 1399
1324 1399
1349 1396
1373 1394
1398 1391
1423 1388
1446 1383
1470 1378
1491 1369
1469 1376
1445 1380
1421 1384
1397 1388
1373 1391
1348 1395
1323 1397
1297 1397
1272 1398
1246 1398
1220 1398
1196 1401
1171 1399
1406 1025
1416 1012
1431 1004
1445 997
1460 990
1475 985
1491 981
1509 981
1525 986
1539 993
1552 1004
1552 1021
1537 1030
1523 1037
1506 1039
1489 1040
1472 1038
1455 1037
1439 1032
1423 1028
1200 1017
1187 1007
1172 999
1158 992
1142 988
1125 987
1108 989
1093 995
1079 1002
1065 1011
1050 1018
1063 1031
1078 1038
1094 1042
1110 1045
1127 1045
1144 1043
1161 1040
1177 1036
1192 1030
1371 918
1398 896
1428 883
1460 875
1493 869
1527 866
1561 871
1592 881
1621 897
1647 920
1661 950
1641 969
1613 949
1583 936
1550 929
1515 929
1479 929
1446 934
1416 948
1381 949
1261 940
1240 908
1207 889
1173 874
1138 863
1099 857
1059 855
1023 864
991 886
967 917
950 951
938 986
974 975
1004 949
1038 933
1077 929
1116 933
1155 937
1193 944
1228 956
