362 336
362 350
361 364
361 378
362 393
364 407
367 422
372 435
377 448
383 462
390 475
399 488
408 498
418 509
428 519
439 528
451 538
463 545
476 550
491 553
505 556
520 556
534 557
548 554
560 549
573 542
586 535
599 527
609 518
621 508
632 499
641 488
647 475
653 461
658 448
664 434
663 421
661 406
662 391
664 377
665 362
481 328
476 339
470 349
468 360
470 372
480 379
491 378
502 377
514 376
526 378
538 381
550 380
557 372
559 360
555 349
549 339
543 327
453 436
457 428
465 422
473 417
481 413
489 410
499 408
508 409
518 409
528 409
537 413
545 418
552 424
559 431
565 439
568 447
560 449
550 452
541 453
532 454
522 455
512 455
502 455
492 456
483 455
474 453
465 449
457 444
455 437
461 434
468 433
475 431
482 430
489 429
497 428
504 429
512 429
519 430
527 430
534 432
540 433
547 435
554 438
551 439
544 438
537 436
530 435
522 434
514 434
507 434
499 434
492 434
484 435
477 436
470 437
462 437
565 290
567 285
572 282
578 281
584 280
591 280
596 281
602 284
607 286
612 289
615 294
615 300
610 302
603 302
597 302
591 301
585 300
580 298
574 296
569 293
461 281
459 277
455 274
451 272
446 272
441 272
436 272
431 273
427 275
423 278
421 282
423 287
427 289
432 290
437 290
442 291
447 291
451 290
456 289
460 286
551 254
558 243
570 238
583 235
597 235
610 237
622 242
633 248
642 259
648 270
651 283
655 295
644 291
636 280
627 269
616 262
604 258
590 257
576 258
563 260
475 250
474 239
464 232
454 229
442 227
430 227
419 229
409 233
399 240
392 250
387 259
382 269
392 273
401 265
409 256
418 251
430 248
441 249
453 250
464 253
