489 287
499 298
507 314
514 328
522 342
532 354
541 367
552 380
565 390
578 400
590 409
603 419
617 427
630 435
646 444
660 451
675 457
690 458
705 453
720 447
735 439
749 430
762 420
774 409
782 396
790 382
796 367
801 352
805 335
809 319
813 304
814 287
815 272
815 257
814 240
812 224
811 207
811 190
810 174
810 158
810 142
627 221
626 235
626 247
627 261
637 271
649 274
664 272
676 267
688 261
700 254
712 248
722 240
727 226
721 215
710 207
701 197
694 184
613 345
625 337
638 331
650 324
663 317
675 311
689 306
702 302
715 295
728 291
742 288
756 285
770 282
775 294
771 308
767 321
762 335
755 347
744 358
732 365
719 371
705 376
691 378
676 376
663 372
650 366
637 359
625 352
641 339
650 335
658 333
667 330
676 327
685 325
694 324
703 322
711 319
719 313
727 308
735 303
743 299
751 296
758 298
752 305
746 313
739 319
731 325
724 330
716 334
707 337
698 339
689 340
679 340
669 341
660 342
650 342
677 115
679 108
682 102
687 96
692 90
698 87
705 84
712 82
719 80
726 81
733 84
734 91
729 97
724 102
718 106
711 109
704 111
697 113
690 115
683 117
577 156
570 153
563 151
556 150
549 151
542 152
535 155
529 159
524 165
521 171
519 177
525 181
532 183
539 182
546 181
553 179
559 176
565 172
571 168
577 163
651 90
649 79
656 69
665 60
674 51
684 44
694 38
705 34
717 32
729 35
739 41
749 49
736 50
724 49
712 50
701 55
691 62
682 70
672 79
663 88
571 111
558 107
544 106
531 108
518 111
506 117
495 124
484 133
476 143
469 155
464 167
476 163
487 155
498 147
509 140
521 136
534 132
547 128
560 126
572 122
