292 956
290 989
289 1023
293 1059
295 1095
299 1130
306 1167
316 1200
327 1235
337 1267
351 1299
359 1336
365 1370
373 1404
387 1438
410 1465
440 1483
473 1496
506 1508
541 1516
577 1517
612 1509
646 1497
679 1485
714 1475
745 1466
781 1455
816 1442
846 1428
878 1412
909 1395
939 1376
971 1356
997 1333
1019 1304
1037 1276
1043 1242
1047 1205
1054 1169
1066 1135
1079 1102
520 934
499 954
481 975
469 1003
472 1031
488 1057
510 1077
532 1093
561 1101
590 1097
620 1091
648 1091
678 1091
706 1081
724 1058
722 1030
705 1004
400 1119
435 1124
468 1133
499 1146
530 1162
561 1173
596 1179
631 1185
665 1192
697 1201
729 1212
763 1221
794 1234
780 1263
750 1279
718 1292
687 1303
654 1312
620 1319
585 1323
548 1321
516 1311
484 1299
455 1281
431 1254
417 1223
407 1190
401 1156
423 1125
449 1138
473 1158
496 1179
520 1198
546 1212
574 1219
605 1222
636 1223
668 1222
699 1223
730 1226
759 1232
786 1241
762 1254
733 1262
704 1267
674 1272
644 1277
613 1275
584 1270
554 1264
527 1256
500 1243
475 1228
452 1207
438 1181
433 1152
777 882
790 876
805 874
820 875
835 877
849 881
862 886
875 890
889 895
902 901
912 912
900 920
885 920
870 918
856 915
842 911
829 906
816 901
803 895
790 888
558 812
548 801
537 794
525 787
512 782
500 778
487 774
473 772
459 771
445 773
432 778
442 788
453 797
466 802
479 806
492 809
506 811
520 813
534 815
547 817
738 788
766 767
802 765
837 768
870 775
902 785
933 799
962 816
990 837
1017 860
1038 888
1014 899
987 875
961 850
932 832
901 818
868 812
832 814
796 817
760 816
579 747
571 726
556 708
538 691
519 678
499 667
478 657
455 653
432 658
411 666
391 676
412 684
436 687
456 697
475 709
494 724
512 740
532 751
552 762
573 770
