990 1172
980 1209
980 1251
985 1290
990 1334
994 1373
1001 1415
1009 1455
1019 1493
1026 1536
1021 1576
1012 1616
1005 1654
1003 1697
1015 1733
1039 1768
1075 1784
1111 1804
1148 1824
1188 1830
1229 1826
1269 1821
1311 1815
1351 1805
1391 1793
1431 1783
1471 1772
1508 1759
1547 1745
1586 1730
1624 1713
1660 1692
1692 1666
1719 1635
1741 1604
1765 1568
1785 1534
1805 1495
1820 1458
1828 1419
1830 1376
1078 1227
1064 1254
1052 1283
1039 1311
1040 1343
1055 1368
1077 1392
1108 1396
1139 1391
1167 1392
1200 1399
1229 1396
1257 1381
1280 1361
1295 1332
1296 1301
1285 1272
1042 1401
1072 1405
1098 1415
1125 1424
1154 1430
1182 1435
1209 1444
1235 1457
1260 1471
1286 1484
1310 1501
1334 1518
1357 1536
1342 1559
1315 1568
1289 1578
1261 1585
1232 1590
1202 1593
1171 1594
1141 1591
1114 1583
1089 1568
1068 1545
1056 1520
1052 1490
1052 1459
1050 1429
1054 1436
1077 1433
1095 1446
1114 1457
1134 1466
1156 1470
1179 1473
1200 1478
1221 1485
1241 1493
1260 1504
1279 1515
1300 1522
1321 1527
1336 1534
1315 1528
1294 1522
1272 1519
1248 1520
1225 1522
1201 1522
1178 1521
1155 1518
1135 1510
1117 1498
1101 1480
1090 1461
1074 1444
1354 1138
1367 1126
1381 1117
1399 1115
1416 1116
1433 1119
1449 1123
1464 1129
1479 1135
1494 1144
1506 1157
1499 1171
1482 1172
1465 1173
1447 1172
1430 1170
1414 1167
1398 1162
1383 1155
1367 1150
1196 1066
1197 1053
1190 1043
1182 1033
1173 1026
1162 1019
1152 1014
1141 1010
1128 1009
1116 1008
1104 1011
1106 1023
1111 1034
1120 1043
1130 1050
1140 1057
1151 1062
1162 1065
1173 1069
1186 1071
1293 1061
1322 1040
1358 1035
1394 1033
1431 1031
1468 1033
1501 1042
1533 1056
1562 1075
1590 1099
1614 1127
1593 1144
1564 1124
1536 1101
1505 1086
1470 1080
1433 1080
1395 1081
1358 1081
1322 1084
1196 1029
1193 1009
1185 992
1170 979
1155 965
1139 952
1124 938
1111 922
1099 907
1082 898
1063 901
1068 920
1077 936
1088 953
1101 968
1117 980
1132 993
1146 1009
1161 1021
1178 1031
