132 694
137 716
145 736
155 758
165 778
175 799
186 819
198 838
211 856
225 873
241 891
258 906
274 921
291 937
310 949
332 960
353 968
374 974
396 979
420 982
442 983
464 980
487 974
508 969
531 961
552 952
572 941
585 923
593 902
602 881
615 862
626 841
635 820
641 798
644 777
647 753
650 731
654 709
657 686
658 663
661 639
423 675
422 690
421 707
425 721
434 736
449 742
466 739
482 742
499 745
514 748
531 745
542 734
550 721
561 708
570 695
567 679
557 664
409 828
419 820
429 813
439 807
450 801
460 796
472 794
484 792
497 791
509 789
522 788
534 786
546 785
559 786
570 791
565 799
553 802
541 804
528 804
516 805
503 806
491 808
479 810
467 812
455 814
443 816
431 819
420 822
415 824
425 818
435 812
445 807
455 803
466 800
478 798
489 797
501 796
513 794
524 792
535 790
547 789
559 790
570 792
559 790
547 789
535 790
524 792
513 794
501 796
489 797
478 798
466 800
455 803
445 807
435 813
425 818
521 563
528 556
536 551
544 547
552 543
561 540
569 537
578 536
588 536
597 538
606 541
603 549
595 553
586 555
577 558
568 560
559 560
549 561
540 562
531 564
377 587
368 583
359 579
349 579
340 580
331 583
322 586
313 590
304 594
296 599
288 605
298 606
308 606
318 605
328 604
338 602
347 600
357 599
367 598
376 595
509 527
520 518
531 509
542 501
553 494
566 488
578 484
592 481
606 483
620 485
632 489
623 499
611 505
598 508
586 513
573 518
561 524
549 529
536 532
521 532
402 541
385 534
365 531
344 530
323 532
303 534
284 539
267 546
249 554
233 564
217 577
237 576
256 571
275 566
294 562
315 560
335 559
356 560
377 559
397 556
