1165 1229
1165 1278
1170 1333
1177 1388
1188 1441
1199 1495
1211 1548
1224 1601
1240 1652
1260 1703
1282 1755
1304 1800
1335 1846
1370 1888
1409 1924
1451 1957
1499 1985
1550 2002
1604 2009
1660 2011
1716 2009
1769 2012
1822 2012
1878 2006
1932 1995
1981 1986
2037 1970
2086 1951
2134 1925
2179 1898
2225 1866
2264 1831
2294 1782
2323 1739
2349 1690
2370 1641
2391 1588
2406 1539
2417 1483
2419 1431
2415 1374
1516 1216
1493 1249
1460 1283
1444 1325
1455 1365
1493 1396
1536 1403
1581 1405
1626 1406
1672 1408
1715 1412
1758 1418
1801 1404
1826 1366
1819 1326
1797 1285
1776 1242
1414 1621
1425 1591
1444 1564
1470 1542
1498 1525
1528 1514
1562 1517
1592 1529
1623 1520
1657 1517
1687 1528
1715 1545
1742 1564
1767 1589
1790 1614
1804 1643
1777 1662
1748 1677
1718 1688
1687 1696
1655 1702
1621 1706
1586 1704
1553 1700
1520 1695
1490 1684
1463 1666
1436 1647
1445 1621
1469 1609
1492 1598
1517 1592
1544 1589
1571 1593
1597 1597
1624 1601
1651 1602
1679 1603
1706 1607
1731 1612
1755 1621
1779 1630
1803 1639
1780 1631
1756 1621
1732 1614
1706 1608
1680 1604
1652 1603
1624 1603
1598 1599
1571 1594
1545 1591
1517 1593
1492 1600
1469 1610
1854 1078
1871 1064
1889 1054
1909 1046
1929 1040
1950 1036
1973 1036
1994 1040
2014 1048
2032 1061
2048 1076
2046 1098
2026 1104
2003 1104
1980 1104
1958 1101
1938 1095
1917 1090
1897 1084
1876 1081
1503 1047
1503 1030
1486 1018
1468 1008
1450 999
1433 989
1414 982
1394 979
1372 978
1353 984
1337 998
1331 1017
1340 1035
1356 1049
1376 1054
1397 1055
1419 1053
1439 1050
1460 1047
1481 1047
1777 902
1801 864
1848 859
1895 863
1941 869
1987 875
2032 885
2075 898
2117 913
2157 932
2194 961
2178 988
2135 976
2090 967
2044 961
1998 954
1952 948
1906 941
1861 932
1818 920
1526 886
1528 854
1503 835
1474 826
1443 820
1410 819
1377 820
1346 825
1316 832
1289 846
1265 869
1250 896
1278 905
1306 894
1334 882
1365 876
1397 874
1430 876
1462 879
1493 884
