433 478
433 495
433 515
436 534
440 552
444 571
450 589
456 606
464 623
474 639
486 654
498 668
512 681
526 692
540 704
558 714
575 720
593 723
612 725
631 727
650 728
669 728
686 727
704 723
722 716
740 707
757 699
773 689
788 678
801 666
813 652
825 637
835 621
844 604
850 587
855 569
858 550
862 532
865 513
866 495
867 474
608 458
599 472
590 485
583 499
581 514
594 522
611 525
627 528
643 527
658 526
674 524
690 522
705 515
708 499
701 484
691 472
680 459
558 580
569 569
581 561
593 555
607 551
622 550
637 550
651 548
666 547
681 549
694 553
707 559
719 568
729 579
725 592
716 604
705 615
693 621
680 626
666 629
652 632
637 634
622 633
609 628
596 622
584 613
573 604
564 592
566 584
578 586
590 585
601 583
612 581
623 580
635 578
646 578
658 578
670 579
682 580
693 582
704 584
716 585
725 586
714 589
703 590
691 591
679 592
668 594
656 595
645 596
633 597
621 596
609 595
598 594
587 592
576 589
703 400
707 393
712 387
718 383
724 380
731 377
739 376
746 377
754 378
760 381
766 386
770 392
764 396
757 398
749 399
741 399
733 400
726 400
718 401
710 401
580 395
578 389
574 384
568 380
563 377
556 375
550 375
543 376
537 379
532 383
527 388
524 393
529 396
535 398
542 399
549 400
555 400
562 400
569 400
576 400
676 329
687 324
698 318
711 315
724 314
738 313
751 312
765 312
778 315
788 323
796 333
783 337
770 336
757 334
743 334
730 336
717 338
704 340
692 343
679 341
603 334
593 323
580 318
566 314
551 312
537 310
521 310
507 314
495 321
483 331
474 342
489 343
501 337
514 332
529 331
544 332
558 336
571 341
584 347
599 348
