789 1625
784 1668
780 1717
784 1765
795 1813
811 1859
827 1905
842 1951
859 1994
882 2036
909 2076
939 2113
973 2144
1011 2179
1044 2209
1081 2240
1119 2270
1161 2298
1200 2322
1243 2347
1283 2367
1331 2377
1381 2376
1425 2368
1471 2354
1519 2336
1559 2313
1597 2282
1635 2251
1673 2223
1710 2199
1750 2168
1783 2137
1817 2099
1846 2061
1873 2023
1897 1983
1922 1938
1943 1896
1959 1852
1971 1803
1353 1679
1321 1706
1288 1737
1263 1778
1263 1820
1299 1850
1339 1861
1385 1876
1428 1890
1472 1892
1518 1886
1560 1887
1606 1874
1619 1831
1619 1789
1597 1749
1578 1704
1124 1957
1167 1951
1208 1943
1249 1935
1294 1936
1335 1944
1375 1956
1416 1963
1460 1961
1504 1959
1546 1965
1584 1981
1620 2004
1631 2042
1599 2072
1567 2104
1534 2132
1499 2157
1461 2172
1419 2179
1374 2177
1334 2167
1297 2149
1262 2124
1230 2092
1202 2059
1178 2024
1154 1989
1140 1962
1175 1966
1207 1975
1240 1984
1274 1991
1307 1997
1341 2005
1374 2012
1408 2018
1443 2023
1478 2026
1515 2028
1551 2028
1588 2027
1590 2050
1559 2062
1527 2071
1492 2077
1456 2078
1421 2076
1386 2070
1353 2063
1320 2055
1288 2044
1258 2029
1228 2012
1198 1996
1169 1979
1653 1542
1665 1519
1686 1499
1710 1487
1736 1481
1764 1480
1793 1481
1819 1486
1844 1494
1868 1506
1890 1524
1891 1551
1867 1562
1841 1569
1813 1572
1785 1571
1758 1566
1732 1560
1706 1554
1679 1548
1296 1474
1278 1455
1257 1442
1235 1431
1213 1422
1189 1416
1164 1413
1138 1412
1112 1414
1088 1420
1066 1427
1085 1444
1106 1458
1127 1470
1149 1480
1172 1487
1197 1491
1223 1492
1250 1491
1276 1490
1677 1366
1702 1334
1738 1320
1779 1325
1820 1328
1860 1332
1902 1333
1944 1335
1982 1345
2016 1364
2030 1400
2016 1435
1980 1448
1942 1437
1906 1424
1870 1412
1831 1404
1789 1403
1747 1402
1709 1393
1354 1321
1322 1294
1285 1279
1248 1266
1208 1258
1166 1254
1124 1251
1080 1250
1038 1254
1000 1265
964 1283
997 1307
1039 1313
1082 1314
1125 1316
1166 1321
1206 1328
1246 1336
1287 1343
1328 1349
