280 318
283 328
287 339
290 350
293 362
295 373
296 384
300 395
305 405
312 415
319 424
327 432
334 441
340 451
347 461
354 469
362 477
371 484
381 490
392 495
402 499
414 501
425 502
437 501
447 497
456 491
464 482
473 473
481 466
489 458
496 449
504 440
511 431
515 420
520 410
526 400
531 390
536 379
540 369
546 359
553 349
412 330
406 338
399 346
395 356
394 366
400 375
409 381
418 385
428 387
439 387
449 385
460 383
468 378
469 368
467 357
464 348
461 337
370 415
378 416
387 416
395 416
404 416
413 416
421 418
429 419
437 419
446 419
454 421
462 421
471 422
474 429
467 434
461 440
454 445
447 449
440 451
431 452
423 452
414 451
407 449
399 446
393 441
387 435
381 428
376 422
371 416
378 418
385 420
391 423
398 425
405 427
413 429
420 430
428 431
435 431
443 430
451 429
458 428
466 428
473 426
466 428
459 429
451 430
443 431
436 431
428 431
420 430
413 429
405 427
398 425
391 423
384 421
377 419
477 278
482 275
487 271
493 268
499 265
505 265
512 265
519 266
525 268
531 271
535 276
532 282
527 284
520 286
514 286
507 286
500 286
493 285
486 285
480 284
394 264
390 259
386 254
380 251
375 249
368 248
362 248
356 249
350 251
345 254
341 259
346 263
351 266
356 269
362 271
368 272
374 272
381 272
387 272
393 270
492 258
496 251
503 247
510 245
518 243
526 242
535 242
543 242
552 243
559 245
565 252
564 259
556 260
548 258
540 257
532 257
523 256
515 257
507 259
499 261
418 248
409 239
398 233
388 228
376 224
365 222
353 220
340 219
328 220
317 224
308 232
319 235
331 238
343 240
355 242
367 243
379 245
390 248
401 253
412 257
