796 1124
798 1156
804 1186
813 1215
825 1245
840 1273
857 1300
876 1326
897 1350
920 1372
943 1393
967 1415
991 1434
1016 1454
1039 1476
1064 1498
1092 1513
1120 1524
1151 1532
1183 1533
1214 1529
1245 1527
1277 1526
1308 1520
1339 1509
1368 1497
1394 1479
1419 1458
1443 1438
1467 1419
1493 1401
1521 1381
1541 1356
1561 1332
1580 1308
1600 1281
1616 1254
1629 1227
1644 1198
1653 1166
1660 1135
1155 1169
1134 1188
1115 1207
1102 1234
1113 1261
1133 1279
1157 1295
1184 1307
1212 1316
1239 1311
1266 1303
1296 1294
1317 1277
1329 1252
1325 1223
1305 1200
1283 1180
1066 1351
1088 1349
1107 1355
1128 1360
1148 1365
1168 1371
1186 1379
1208 1382
1229 1378
1252 1378
1273 1381
1295 1379
1317 1380
1336 1387
1320 1398
1304 1413
1287 1427
1268 1434
1246 1436
1224 1438
1202 1436
1181 1433
1160 1429
1141 1422
1122 1413
1104 1403
1088 1387
1077 1369
1081 1359
1097 1367
1113 1375
1130 1381
1147 1386
1164 1392
1181 1398
1199 1401
1218 1400
1237 1398
1255 1395
1274 1392
1292 1390
1311 1388
1329 1384
1311 1386
1292 1388
1274 1391
1256 1395
1238 1397
1219 1400
1199 1400
1181 1397
1164 1392
1147 1386
1131 1378
1114 1371
1097 1366
1362 1045
1376 1035
1393 1034
1409 1037
1425 1041
1441 1044
1458 1046
1475 1046
1492 1046
1510 1046
1516 1055
1501 1062
1487 1068
1471 1072
1454 1074
1437 1074
1421 1070
1406 1065
1391 1059
1377 1052
1101 1015
1091 1009
1080 1007
1067 1007
1055 1007
1042 1008
1030 1007
1019 1004
1007 1003
995 1005
1000 1015
1009 1024
1018 1031
1029 1036
1040 1038
1053 1038
1065 1037
1075 1033
1086 1028
1097 1025
1326 1007
1346 989
1369 980
1394 976
1420 972
1446 970
1473 968
1499 966
1525 963
1552 962
1574 976
1560 997
1536 1003
1509 1004
1482 1006
1456 1007
1428 1008
1402 1009
1376 1013
1349 1015
1134 977
1112 957
1087 944
1061 935
1035 926
1009 917
983 907
957 898
930 892
901 894
876 908
902 918
927 929
952 941
978 951
1004 960
1032 966
1059 972
1086 979
1113 987
