254 548
256 563
257 578
260 594
263 609
270 624
274 639
280 651
290 664
300 675
312 687
323 697
336 707
348 715
361 724
374 733
387 742
399 749
414 755
429 758
445 759
461 757
476 753
490 747
502 738
514 727
524 715
532 702
541 689
550 677
560 664
568 651
576 639
583 624
588 609
590 594
591 579
591 563
592 548
592 532
587 517
395 519
386 529
376 539
376 553
381 565
393 573
407 576
421 577
435 577
449 573
462 569
475 565
484 553
484 540
479 527
467 521
454 513
358 621
369 615
382 611
395 609
407 606
421 603
434 601
447 600
461 600
476 600
490 600
503 601
509 613
506 626
501 638
495 649
486 660
476 669
465 676
453 681
440 683
425 683
413 679
402 671
392 662
382 653
371 643
363 632
368 621
377 617
388 617
399 617
409 618
420 618
431 618
442 618
452 616
462 614
472 612
482 611
492 609
493 619
488 628
482 637
474 644
466 650
457 655
447 657
437 659
426 658
416 657
407 653
398 648
390 642
381 637
373 629
466 457
468 451
473 446
479 443
485 440
491 439
498 439
505 439
511 440
517 443
523 445
523 452
518 455
512 457
505 459
499 460
492 461
485 461
478 461
472 459
367 465
362 461
356 458
350 456
343 455
336 456
330 458
325 461
319 464
314 469
309 474
316 476
322 477
329 478
335 479
342 479
348 477
354 476
360 474
366 471
458 416
467 406
477 399
488 394
499 390
511 387
524 385
537 385
549 387
560 394
567 404
556 407
543 406
530 405
518 406
506 409
494 413
483 419
473 425
461 428
382 422
369 415
355 412
340 409
325 408
309 409
294 411
281 417
269 425
258 437
252 450
266 453
279 446
292 439
307 436
322 435
338 434
353 435
368 437
383 437
