1283 1514
1284 1560
1283 1611
1283 1663
1289 1714
1299 1765
1312 1810
1325 1860
1341 1909
1363 1955
1390 1998
1419 2034
1461 2071
1498 2097
1545 2127
1587 2155
1626 2180
1672 2206
1719 2228
1766 2234
1819 2230
1866 2218
1912 2199
1957 2172
1997 2144
2041 2115
2079 2087
2117 2052
2155 2017
2193 1981
2225 1947
2254 1904
2273 1858
2286 1806
2292 1758
2296 1709
2301 1659
2306 1606
2311 1556
2316 1508
2320 1454
1656 1416
1638 1453
1622 1490
1617 1531
1636 1565
1671 1589
1711 1598
1751 1597
1792 1593
1832 1584
1874 1573
1913 1564
1948 1542
1956 1504
1943 1464
1918 1431
1889 1401
1500 1756
1538 1726
1579 1705
1624 1694
1672 1689
1721 1691
1768 1698
1818 1700
1864 1691
1912 1685
1962 1686
2008 1694
2051 1710
2053 1759
2036 1802
2010 1841
1977 1877
1937 1902
1894 1916
1847 1924
1800 1930
1752 1935
1702 1934
1656 1926
1616 1904
1578 1874
1543 1838
1516 1799
1529 1759
1563 1739
1600 1729
1640 1723
1681 1720
1722 1723
1762 1729
1802 1734
1844 1735
1883 1728
1921 1718
1961 1712
2004 1712
2045 1715
2021 1746
1994 1778
1962 1803
1929 1824
1893 1839
1855 1849
1816 1855
1776 1861
1734 1863
1694 1857
1657 1847
1621 1833
1587 1813
1554 1792
1902 1246
1912 1229
1927 1215
1943 1205
1961 1196
1978 1189
1997 1183
2017 1183
2037 1187
2055 1193
2072 1201
2078 1218
2061 1227
2042 1232
2024 1237
2005 1242
1985 1244
1964 1244
1943 1244
1922 1244
1580 1246
1567 1232
1552 1224
1536 1220
1518 1218
1500 1220
1484 1224
1468 1230
1452 1236
1437 1244
1423 1254
1437 1267
1453 1271
1471 1273
1489 1274
1507 1274
1525 1272
1542 1270
1560 1268
1576 1262
1852 1124
1856 1091
1881 1068
1911 1056
1942 1047
1974 1041
2007 1037
2041 1038
2075 1040
2105 1050
2133 1068
2125 1086
2094 1076
2061 1074
2028 1079
1999 1090
1970 1105
1942 1121
1913 1134
1880 1138
1622 1123
1599 1097
1572 1080
1541 1070
1507 1067
1472 1068
1439 1073
1407 1080
1378 1093
1351 1114
1326 1138
1353 1157
1386 1152
1416 1141
1448 1135
1483 1133
1517 1136
1549 1143
1581 1149
1615 1153
