173 705
178 727
185 751
191 773
196 797
201 820
211 843
220 865
230 888
241 909
252 930
265 951
278 970
296 989
314 1001
338 1011
360 1019
384 1021
407 1015
431 1007
451 998
472 987
493 973
513 959
531 943
549 927
568 912
585 896
599 877
613 856
624 833
633 813
642 789
649 766
657 744
661 721
662 695
662 673
662 647
661 624
658 599
281 677
275 692
267 707
261 724
264 741
276 751
293 755
309 750
326 749
344 749
361 750
377 755
387 742
385 724
379 709
372 693
362 678
262 844
267 834
275 824
285 818
298 816
310 818
322 819
334 820
346 823
357 826
368 829
379 833
390 838
400 844
410 850
403 858
392 862
381 866
370 870
359 874
347 876
335 877
323 879
310 879
299 877
288 871
279 863
270 854
268 841
277 840
286 842
295 843
305 842
314 842
324 842
334 842
343 841
352 840
361 841
370 843
379 845
388 846
398 846
389 846
380 845
371 843
362 841
353 840
343 840
334 840
324 841
315 841
305 841
296 841
286 841
277 840
393 598
401 589
409 580
418 572
428 566
439 563
452 564
464 566
475 569
486 573
495 582
496 594
486 600
475 605
464 608
452 609
439 609
427 608
415 607
404 604
290 601
288 590
281 582
272 575
262 571
252 568
241 567
230 569
220 572
211 578
204 587
201 597
208 606
217 612
228 614
239 616
250 615
262 615
273 613
283 609
357 549
363 531
381 527
401 524
420 520
440 518
460 516
481 516
500 519
518 524
535 533
531 543
511 540
491 539
470 541
451 543
431 546
412 550
393 554
374 557
291 557
281 545
268 536
254 530
239 527
223 525
207 525
191 527
176 531
163 538
151 549
164 555
179 551
193 546
209 547
225 549
240 552
256 555
270 560
284 566
