1437 827
1450 881
1465 935
1483 994
1501 1045
1525 1098
1552 1149
1581 1199
1617 1242
1662 1284
1702 1324
1748 1360
1795 1396
1842 1423
1892 1456
1937 1495
1981 1527
2037 1547
2092 1556
2150 1547
2206 1530
2259 1504
2304 1475
2352 1443
2399 1407
2444 1369
2485 1331
2519 1281
2549 1233
2578 1183
2601 1131
2625 1079
2649 1027
2668 974
2684 914
2693 858
2698 803
2690 744
2676 686
2667 628
2656 571
1836 695
1827 743
1815 796
1800 848
1810 894
1862 908
1910 930
1951 957
2004 963
2050 939
2083 900
2123 868
2161 829
2177 782
2163 732
2135 685
2099 645
1756 1074
1811 1062
1865 1048
1920 1035
1979 1030
2036 1022
2088 1004
2138 982
2188 958
2240 939
2296 929
2353 921
2401 944
2385 997
2366 1049
2341 1098
2307 1145
2267 1189
2222 1225
2172 1249
2119 1265
2064 1278
2008 1287
1953 1276
1903 1252
1858 1213
1821 1168
1787 1122
1776 1073
1825 1068
1877 1068
1928 1069
1980 1069
2030 1066
2077 1057
2120 1039
2162 1018
2205 998
2248 979
2291 962
2335 948
2373 958
2340 996
2310 1035
2280 1074
2249 1112
2211 1144
2168 1163
2123 1176
2076 1185
2028 1192
1978 1195
1932 1183
1893 1154
1861 1116
1824 1082
2115 452
2133 436
2149 419
2165 401
2182 383
2200 370
2220 360
2241 352
2265 352
2285 361
2303 377
2310 397
2293 415
2272 423
2251 428
2229 433
2206 436
2182 438
2160 442
2140 452
1752 522
1729 512
1706 504
1682 496
1657 491
1630 492
1605 496
1581 504
1560 518
1540 536
1525 557
1547 567
1572 573
1598 576
1625 574
1650 570
1673 562
1696 552
1721 547
1747 543
2054 335
2070 305
2097 282
2125 263
2154 247
2185 233
2215 221
2246 210
2279 202
2314 204
2345 216
2340 241
2304 243
2273 252
2242 267
2212 280
2182 296
2153 311
2122 324
2090 334
1724 413
1700 381
1665 365
1629 351
1592 340
1552 334
1511 336
1473 347
1439 364
1409 395
1392 430
1384 469
1415 442
1448 420
1486 410
1528 408
1569 410
1608 417
1648 424
1688 428
