803 1104
806 1136
808 1171
810 1207
814 1242
819 1274
826 1309
837 1343
847 1373
860 1406
877 1437
895 1467
916 1494
942 1517
969 1536
1001 1554
1032 1566
1069 1571
1101 1570
1136 1567
1170 1564
1204 1561
1241 1557
1274 1549
1304 1536
1336 1518
1366 1503
1397 1486
1427 1468
1454 1445
1474 1420
1492 1391
1507 1360
1517 1327
1525 1291
1529 1256
1530 1222
1531 1188
1535 1154
1544 1120
1556 1086
1033 1055
1016 1072
1004 1094
1000 1119
1008 1142
1025 1157
1047 1171
1070 1175
1095 1173
1121 1168
1142 1163
1166 1154
1187 1139
1192 1117
1181 1094
1166 1074
1147 1057
957 1298
980 1283
1003 1271
1028 1261
1053 1253
1080 1250
1109 1249
1136 1245
1164 1243
1192 1245
1220 1248
1247 1252
1272 1261
1295 1273
1293 1301
1272 1320
1249 1334
1224 1343
1198 1349
1171 1354
1144 1358
1117 1362
1090 1366
1062 1368
1034 1365
1009 1357
985 1344
967 1323
988 1300
1009 1296
1030 1292
1051 1289
1073 1287
1096 1285
1118 1284
1139 1280
1161 1277
1183 1275
1205 1274
1228 1273
1251 1274
1273 1276
1271 1292
1251 1299
1231 1304
1210 1310
1190 1314
1169 1318
1147 1322
1126 1326
1104 1329
1083 1331
1061 1333
1038 1333
1017 1329
998 1319
1213 944
1225 934
1238 925
1251 918
1265 913
1281 911
1297 912
1312 915
1326 921
1339 928
1352 936
1348 949
1333 953
1319 957
1304 960
1288 961
1271 961
1256 959
1241 956
1225 954
1015 946
1002 939
988 933
973 929
958 926
943 923
927 922
911 924
897 930
886 942
877 955
890 964
903 972
918 975
934 974
950 972
965 969
980 967
995 963
1010 959
1158 846
1167 816
1195 803
1226 796
1258 793
1292 793
1324 797
1355 804
1383 816
1409 834
1433 858
1431 882
1403 868
1375 854
1345 847
1311 847
1279 851
1246 854
1215 860
1184 865
1038 846
1031 823
1012 808
991 797
968 792
942 792
917 793
893 798
871 807
852 823
841 843
835 867
855 853
875 842
897 834
923 832
947 835
970 842
992 849
1016 854
