748 979
752 1006
756 1034
760 1064
769 1091
777 1118
785 1144
799 1171
814 1194
831 1219
848 1240
868 1261
890 1281
914 1296
940 1308
967 1317
995 1323
1023 1325
1051 1325
1081 1320
1108 1311
1132 1300
1158 1287
1184 1273
1209 1258
1233 1243
1255 1227
1276 1207
1296 1186
1314 1163
1328 1139
1343 1112
1354 1086
1364 1062
1369 1033
1368 1004
1367 976
1366 946
1365 919
1367 889
1366 859
905 887
889 900
873 919
868 939
879 960
898 967
923 969
944 969
969 970
991 966
1014 964
1036 956
1057 946
1075 934
1085 915
1082 893
1069 872
901 1092
917 1076
934 1064
952 1055
971 1049
991 1044
1012 1042
1032 1037
1052 1033
1074 1032
1095 1036
1114 1042
1132 1049
1138 1068
1128 1086
1114 1102
1098 1117
1082 1131
1065 1142
1047 1152
1029 1160
1009 1165
988 1168
967 1164
949 1157
932 1145
919 1128
909 1110
914 1093
927 1083
941 1076
958 1074
974 1073
991 1071
1007 1069
1023 1065
1038 1062
1054 1058
1069 1055
1086 1053
1103 1054
1120 1054
1124 1066
1110 1073
1096 1080
1082 1086
1067 1093
1053 1101
1039 1107
1024 1111
1007 1113
991 1114
974 1112
958 1110
943 1105
928 1099
1056 790
1066 781
1075 773
1085 766
1096 760
1107 754
1118 751
1131 750
1144 750
1156 753
1167 758
1163 769
1153 777
1142 782
1131 786
1119 789
1107 792
1095 793
1082 793
1069 791
883 817
874 811
864 807
854 805
843 804
833 806
823 809
814 814
805 819
796 824
787 832
798 833
808 836
818 838
829 839
840 838
851 837
861 834
870 830
879 826
1013 708
1013 689
1027 680
1042 674
1058 670
1074 666
1091 663
1109 662
1127 662
1144 664
1159 671
1163 686
1146 688
1128 689
1111 692
1095 695
1079 699
1062 703
1046 706
1030 710
867 737
858 721
839 718
820 720
801 724
784 729
767 737
751 746
735 758
721 772
711 788
716 806
734 802
749 789
764 776
780 767
797 760
815 754
833 751
852 747
