539 694
539 716
539 737
539 759
540 780
541 800
543 821
548 842
556 864
566 883
577 900
592 917
608 931
625 944
643 955
661 966
680 977
698 988
716 1000
735 1011
756 1020
776 1025
798 1025
819 1020
839 1012
857 999
870 984
882 966
893 947
904 930
917 910
928 893
939 874
949 855
958 836
968 817
978 798
989 779
999 760
1006 740
1009 718
801 683
789 696
780 711
773 728
773 746
783 760
797 769
814 776
832 781
850 783
867 783
885 777
897 765
901 748
898 730
889 713
884 696
700 813
717 809
735 810
753 812
771 812
789 813
807 814
824 816
842 815
860 813
878 814
894 820
901 835
896 851
888 866
878 881
867 895
853 904
836 907
818 906
801 903
786 897
771 889
756 880
743 869
729 856
718 842
708 828
700 813
716 813
732 814
747 816
762 817
777 819
793 821
808 822
823 824
839 824
855 824
870 823
886 823
889 837
881 850
869 860
857 870
844 876
829 878
813 877
799 874
785 869
772 864
759 857
746 850
733 843
720 835
708 826
883 611
890 606
897 599
905 595
914 593
923 591
933 590
943 590
952 592
960 597
964 605
962 613
954 619
946 622
936 623
927 622
917 621
908 620
898 619
888 619
770 600
766 591
758 584
750 580
740 578
729 578
719 578
709 580
700 583
691 588
683 594
692 599
700 603
709 607
718 611
728 613
738 615
748 615
759 614
767 610
894 560
898 548
909 541
920 536
931 532
943 529
956 529
968 532
979 537
988 547
993 558
994 571
985 565
975 557
964 553
951 551
938 552
927 556
916 561
905 565
804 541
788 529
769 522
749 519
728 518
706 519
687 523
668 529
650 537
632 547
615 556
634 562
655 560
674 554
693 549
714 547
735 548
755 550
775 554
796 556
