965 1284
969 1323
973 1363
978 1407
986 1445
997 1483
1013 1525
1031 1562
1055 1594
1083 1627
1111 1657
1139 1683
1170 1709
1204 1735
1237 1758
1275 1781
1308 1804
1340 1826
1377 1849
1415 1867
1452 1881
1490 1891
1534 1898
1573 1899
1615 1896
1654 1879
1687 1854
1706 1820
1720 1780
1734 1740
1752 1707
1775 1669
1797 1636
1810 1595
1817 1557
1829 1518
1845 1477
1856 1436
1865 1396
1874 1359
1873 1315
1610 1326
1598 1351
1583 1376
1570 1403
1559 1429
1567 1456
1591 1474
1617 1482
1645 1484
1676 1481
1702 1475
1729 1465
1752 1447
1767 1423
1772 1394
1761 1367
1751 1339
1501 1645
1517 1628
1537 1617
1558 1608
1578 1597
1598 1587
1619 1579
1639 1568
1664 1568
1687 1566
1711 1563
1731 1573
1747 1591
1752 1613
1752 1638
1748 1661
1740 1681
1726 1700
1707 1715
1686 1722
1663 1725
1639 1722
1617 1718
1595 1711
1574 1702
1555 1691
1536 1678
1517 1663
1543 1640
1554 1635
1564 1630
1575 1624
1585 1618
1597 1615
1608 1612
1620 1610
1633 1609
1645 1611
1658 1611
1670 1608
1682 1607
1694 1608
1703 1616
1699 1627
1689 1635
1679 1640
1667 1643
1655 1646
1643 1647
1630 1647
1618 1645
1606 1644
1593 1644
1580 1643
1569 1640
1556 1640
1697 1170
1700 1152
1709 1137
1723 1123
1739 1115
1756 1110
1774 1107
1793 1106
1811 1109
1826 1119
1834 1135
1835 1154
1830 1171
1816 1184
1800 1192
1783 1196
1763 1195
1745 1193
1727 1189
1711 1183
1506 1170
1495 1156
1483 1142
1467 1133
1451 1128
1432 1128
1415 1132
1398 1136
1382 1142
1366 1151
1353 1164
1367 1177
1381 1190
1396 1199
1412 1205
1430 1207
1448 1205
1465 1201
1481 1195
1497 1186
1757 1067
1756 1047
1771 1033
1787 1022
1803 1012
1820 1003
1837 995
1855 989
1875 990
1892 996
1906 1011
1911 1029
1896 1028
1878 1021
1859 1020
1842 1027
1825 1036
1808 1045
1792 1056
1776 1065
1580 1015
1553 995
1522 986
1489 981
1453 981
1420 986
1388 994
1358 1004
1328 1017
1301 1036
1278 1062
1309 1052
1340 1043
1372 1036
1405 1032
1440 1030
1475 1032
1507 1038
1539 1046
1574 1046
