589 789
594 815
596 839
596 866
598 893
603 916
609 943
618 967
630 989
637 1013
647 1038
662 1061
678 1079
697 1099
714 1116
734 1134
756 1149
779 1161
802 1169
829 1177
854 1183
879 1188
905 1192
930 1190
956 1188
982 1182
1007 1176
1032 1168
1053 1154
1072 1139
1091 1119
1106 1099
1120 1075
1131 1053
1141 1029
1150 1003
1158 980
1165 954
1169 930
1173 903
1176 876
899 804
888 818
878 833
870 850
869 868
876 884
892 892
911 893
929 894
948 896
966 899
984 897
999 888
1005 870
1007 851
1004 834
997 816
807 988
820 976
835 969
851 965
869 963
887 963
904 965
921 968
937 972
956 973
974 973
989 978
1003 989
1015 1003
1014 1020
1003 1034
988 1042
972 1047
955 1050
937 1049
920 1046
903 1044
886 1042
869 1039
853 1034
838 1027
824 1017
814 1003
831 991
843 990
856 991
868 992
881 992
893 993
906 994
918 996
929 999
941 1001
953 1004
965 1004
978 1006
989 1008
1001 1011
990 1009
978 1007
966 1005
954 1004
942 1002
930 1000
918 997
907 995
894 994
881 994
869 992
856 991
844 991
1007 742
1010 730
1021 724
1031 719
1042 715
1054 713
1067 712
1079 714
1090 719
1100 726
1108 736
1112 747
1102 755
1090 758
1077 758
1065 756
1053 754
1041 751
1030 747
1019 744
853 708
847 700
838 694
828 690
818 687
807 686
796 687
786 690
776 694
767 699
758 704
766 710
775 716
785 720
795 723
806 724
817 723
829 722
839 721
849 718
1003 676
1012 659
1028 649
1048 646
1069 647
1089 649
1109 651
1129 654
1147 661
1162 675
1172 691
1168 702
1156 686
1140 673
1122 667
1101 667
1082 671
1062 674
1042 677
1022 680
897 670
898 649
879 632
858 622
837 613
815 607
791 603
766 604
743 608
722 617
704 634
697 657
718 648
739 638
762 633
787 633
811 638
832 646
853 655
874 665
