832 1072
836 1105
840 1135
845 1171
852 1203
861 1235
866 1267
878 1299
897 1326
918 1352
939 1378
961 1403
983 1427
1007 1451
1034 1471
1059 1492
1084 1514
1114 1530
1144 1546
1176 1558
1207 1565
1240 1568
1275 1561
1307 1552
1337 1537
1363 1517
1386 1495
1407 1468
1428 1443
1449 1416
1468 1387
1485 1360
1502 1329
1517 1300
1529 1269
1536 1237
1543 1203
1547 1171
1548 1136
1548 1105
1547 1069
1166 1022
1158 1045
1145 1069
1139 1092
1141 1117
1158 1138
1183 1145
1208 1145
1234 1142
1261 1139
1286 1137
1312 1135
1327 1115
1327 1089
1318 1065
1307 1043
1293 1019
1113 1291
1130 1285
1146 1277
1163 1270
1179 1264
1196 1258
1215 1259
1233 1263
1252 1261
1269 1256
1288 1258
1305 1264
1321 1271
1337 1279
1345 1295
1332 1309
1317 1320
1301 1328
1284 1334
1266 1339
1248 1341
1228 1342
1210 1340
1193 1334
1177 1326
1161 1318
1145 1309
1129 1300
1123 1293
1137 1291
1153 1290
1168 1288
1183 1289
1198 1287
1213 1285
1227 1289
1241 1293
1256 1293
1272 1292
1287 1292
1303 1293
1319 1293
1335 1292
1324 1293
1308 1294
1292 1293
1276 1294
1261 1294
1245 1295
1230 1296
1214 1294
1199 1292
1184 1291
1169 1290
1153 1290
1137 1291
1322 926
1329 916
1339 907
1349 900
1360 896
1372 892
1384 891
1398 891
1410 894
1421 898
1432 903
1434 915
1423 922
1412 927
1400 929
1387 930
1374 929
1361 928
1348 927
1335 927
1116 915
1108 906
1098 901
1088 897
1077 895
1066 895
1054 896
1044 899
1034 904
1025 911
1016 918
1025 925
1035 930
1046 932
1057 933
1069 933
1081 932
1092 930
1103 929
1113 926
1279 855
1285 826
1308 806
1335 796
1365 794
1395 799
1422 807
1450 816
1475 830
1498 850
1516 874
1522 903
1497 896
1473 876
1449 860
1422 850
1393 845
1362 847
1335 855
1307 863
1206 852
1189 822
1158 806
1123 799
1086 797
1049 800
1015 807
983 822
956 847
939 878
930 911
924 947
952 926
977 898
1005 874
1036 859
1070 851
1108 851
1143 856
1176 867
