387 547
390 561
393 577
395 593
399 607
405 622
412 635
420 649
430 662
441 672
452 681
464 691
477 702
489 710
503 718
518 724
532 728
547 730
563 732
578 732
595 730
609 726
623 721
637 715
652 709
667 702
679 693
690 683
701 671
710 660
720 647
729 633
736 620
742 606
747 591
752 577
753 561
751 545
748 530
745 515
742 499
512 500
507 512
503 523
503 536
511 545
524 546
537 546
549 547
563 546
575 544
586 538
599 534
610 529
618 518
616 505
608 496
596 487
490 600
501 594
512 591
523 587
535 585
546 582
559 580
571 578
582 576
595 574
607 573
620 573
633 573
645 575
646 586
637 595
627 603
617 609
606 613
594 616
582 619
570 620
558 622
545 622
533 620
522 616
511 612
501 606
499 600
509 597
520 595
530 593
540 592
551 591
562 590
573 589
583 587
594 585
604 583
614 581
625 580
636 579
644 582
636 589
627 594
617 596
607 599
596 600
586 602
575 604
565 606
554 605
542 605
531 605
520 604
509 603
607 439
610 435
613 432
617 429
622 427
626 425
631 424
636 424
641 425
646 426
650 429
649 434
645 437
641 439
636 440
632 441
627 442
622 441
617 440
612 440
491 454
487 451
482 448
477 446
472 445
466 445
461 446
456 447
451 449
447 453
442 456
447 459
451 462
456 463
462 464
467 464
473 463
478 461
483 459
487 458
577 406
582 394
594 390
609 389
623 388
636 385
650 383
663 381
678 380
691 383
702 391
695 402
680 403
667 399
653 399
640 402
628 407
615 411
602 415
587 414
510 409
498 401
485 398
470 397
456 399
443 402
429 406
417 410
405 417
395 428
390 440
402 447
414 442
427 437
441 435
454 432
468 430
482 429
497 428
509 423
