252 424
251 437
252 451
254 465
258 479
264 490
271 501
280 513
288 524
297 534
307 542
319 551
330 558
343 565
356 570
367 575
380 582
393 586
406 590
420 594
434 597
447 599
460 601
474 601
487 599
501 594
512 588
525 580
535 571
544 561
551 549
557 537
564 525
569 512
573 499
577 486
579 472
581 458
583 445
586 432
589 417
434 407
427 412
424 421
426 429
432 436
441 440
450 442
459 444
468 446
477 448
486 448
495 445
503 440
507 433
508 423
507 415
502 406
398 476
406 472
414 470
423 469
432 468
442 468
451 469
459 471
467 473
477 474
486 474
495 475
502 479
509 485
506 493
500 500
492 505
484 508
476 509
466 509
457 508
448 507
440 505
432 503
424 499
417 494
410 489
402 483
414 479
420 478
426 478
433 478
439 479
445 480
451 481
457 482
463 482
469 483
476 483
482 484
488 484
494 485
498 487
491 487
485 488
479 489
473 490
467 490
460 491
454 490
448 489
443 487
437 485
431 483
426 482
419 481
506 356
510 355
515 355
521 355
526 355
531 355
536 355
541 356
545 357
549 360
553 364
548 365
543 364
538 364
534 363
529 362
524 361
520 360
515 359
510 358
420 348
414 348
409 348
403 348
397 348
391 347
385 347
380 347
374 348
368 348
362 348
368 347
373 347
379 347
385 347
391 347
397 347
403 347
409 348
415 348
503 323
509 319
516 316
523 314
531 313
539 312
547 312
555 313
562 315
569 318
572 325
567 331
559 332
551 331
543 330
536 329
528 330
520 331
512 332
505 331
438 325
434 316
425 312
415 308
406 305
396 303
385 302
374 301
363 302
354 305
346 313
343 322
352 325
363 325
374 324
384 322
395 321
406 322
416 323
427 325
