638 1302
635 1360
642 1419
656 1474
669 1532
698 1590
723 1639
759 1688
793 1739
821 1789
854 1843
885 1895
915 1947
944 2001
969 2054
996 2110
1034 2151
1086 2179
1145 2180
1204 2172
1266 2157
1324 2137
1374 2114
1426 2085
1478 2048
1524 2013
1574 1975
1616 1935
1664 1899
1715 1868
1762 1834
1808 1793
1848 1747
1878 1694
1905 1641
1924 1588
1935 1525
1945 1469
1958 1408
1965 1352
1969 1287
863 1361
849 1409
829 1464
812 1515
799 1569
816 1620
860 1650
910 1662
966 1668
1019 1663
1074 1652
1124 1636
1158 1595
1161 1538
1142 1488
1116 1440
1088 1390
929 1816
953 1795
986 1795
1017 1801
1048 1797
1080 1794
1113 1795
1145 1797
1178 1797
1210 1794
1241 1790
1270 1782
1300 1787
1285 1814
1260 1834
1235 1853
1209 1870
1183 1887
1157 1903
1131 1919
1104 1931
1073 1937
1041 1939
1009 1936
981 1925
957 1902
945 1875
939 1844
931 1815
954 1825
978 1831
1005 1833
1032 1836
1058 1834
1085 1831
1112 1829
1138 1827
1165 1824
1190 1819
1214 1812
1238 1804
1262 1795
1284 1784
1262 1794
1238 1803
1215 1811
1190 1817
1165 1823
1138 1825
1111 1827
1085 1830
1059 1833
1032 1835
1005 1833
978 1831
954 1824
1135 1219
1147 1195
1164 1173
1185 1155
1209 1142
1235 1136
1264 1135
1291 1138
1317 1145
1343 1152
1367 1161
1372 1187
1351 1205
1327 1217
1302 1225
1275 1229
1246 1229
1217 1230
1189 1227
1163 1221
859 1183
848 1164
835 1146
817 1132
798 1121
777 1116
754 1114
731 1116
712 1124
698 1142
694 1164
698 1186
709 1205
728 1215
749 1220
772 1221
795 1218
816 1213
838 1209
859 1205
989 1068
999 1011
1049 983
1103 966
1158 951
1216 941
1277 939
1336 946
1391 960
1445 977
1498 998
1517 1034
1455 1035
1393 1034
1331 1035
1269 1037
1209 1042
1153 1055
1098 1071
1043 1085
849 1065
828 1036
800 1012
770 993
740 975
710 958
677 947
640 945
608 956
581 983
560 1012
591 997
626 991
661 999
692 1013
723 1029
754 1045
785 1062
815 1081
845 1097
