463 630
467 650
472 668
477 690
481 709
484 729
487 749
491 769
496 789
502 808
511 828
523 843
538 857
554 872
571 884
587 893
606 905
623 915
642 924
661 930
682 934
701 937
722 938
741 935
762 929
780 920
797 910
813 897
827 883
842 867
855 852
868 836
881 819
891 803
899 783
906 763
910 745
914 724
918 704
921 683
922 663
681 612
675 625
667 640
663 654
668 669
682 674
698 674
714 673
729 673
745 676
761 678
777 679
790 673
799 659
796 644
787 631
778 617
617 746
632 739
647 734
663 730
678 726
694 723
711 721
727 723
744 725
760 722
776 725
791 732
804 741
811 756
807 771
799 785
787 798
773 806
757 810
740 811
723 810
706 808
690 805
675 800
661 793
647 784
633 774
623 761
627 749
640 747
653 746
666 745
679 742
691 739
704 737
717 736
731 737
744 738
758 738
770 741
781 746
792 754
794 766
784 774
772 780
761 784
748 786
735 786
721 785
708 783
695 782
682 780
670 777
659 772
648 766
637 759
776 566
780 559
786 554
793 551
801 549
809 549
817 550
824 551
832 553
839 556
845 560
848 566
841 568
833 568
824 568
816 568
808 568
800 567
792 567
784 567
653 556
653 549
647 545
641 542
635 540
628 539
621 539
614 540
607 542
601 545
596 549
590 553
596 555
603 557
610 557
617 557
625 558
632 558
639 558
646 558
768 517
774 508
782 502
792 497
802 494
813 493
824 492
835 492
847 492
857 494
867 499
861 506
850 506
840 509
829 511
818 513
808 515
799 520
789 523
777 523
682 510
681 495
666 485
650 479
633 475
615 473
596 475
580 481
565 489
550 500
538 514
529 530
547 526
561 514
576 505
593 499
611 497
629 500
646 504
663 508
