369 501
367 514
366 531
366 547
367 561
368 577
370 592
374 607
382 620
392 631
405 640
418 647
432 653
446 659
460 667
472 675
485 683
498 693
510 701
524 709
538 715
553 719
568 721
583 721
599 721
614 720
629 717
642 709
653 698
662 686
671 673
681 661
690 650
700 637
707 624
712 609
716 595
720 580
724 565
728 551
731 534
570 485
561 492
551 500
549 512
551 523
560 533
571 537
582 540
594 543
607 546
619 545
631 542
641 537
651 528
651 517
647 506
640 495
497 578
508 572
522 570
536 569
549 568
563 569
576 572
589 574
603 574
618 574
632 573
645 574
657 579
663 591
656 602
646 612
635 620
623 627
610 629
596 630
582 630
569 628
556 625
543 622
531 617
520 610
510 600
502 589
505 581
515 577
526 576
537 576
548 578
559 579
570 581
581 583
592 582
604 581
615 581
627 582
637 584
648 586
645 596
636 604
627 609
617 613
606 614
594 614
583 615
572 614
561 612
550 610
540 606
531 601
522 595
513 589
637 447
641 443
646 440
651 437
656 435
661 435
667 435
673 436
678 438
683 441
687 445
688 450
682 452
677 452
671 452
665 451
659 451
654 450
648 449
642 448
547 436
544 432
539 427
534 423
529 420
523 419
516 419
510 419
505 421
499 424
495 428
492 434
497 436
503 437
509 438
516 438
522 439
529 439
535 439
541 438
634 404
640 394
651 390
663 389
676 389
688 390
701 391
711 396
721 404
727 414
730 425
732 438
722 433
712 424
702 417
691 414
679 413
666 414
653 414
641 414
573 396
571 384
559 378
546 373
532 370
518 369
504 370
491 374
479 381
467 388
456 396
448 408
461 411
475 408
488 404
501 401
515 398
529 397
544 398
559 398
