437 652
442 667
447 684
454 699
461 714
470 730
481 744
490 756
502 770
516 781
528 792
543 802
558 809
573 818
588 827
603 834
618 840
634 845
652 848
669 846
685 843
702 839
718 832
733 824
747 815
762 804
773 793
786 779
796 767
806 752
814 738
818 721
822 704
823 687
822 670
821 653
820 636
819 620
817 602
813 585
808 568
569 583
564 595
564 609
566 622
577 629
591 630
604 629
618 628
630 624
643 618
654 611
663 601
667 588
662 576
650 568
639 561
628 552
561 702
572 693
583 685
594 679
605 672
618 669
632 666
644 662
656 658
669 655
682 653
696 651
709 649
722 653
718 665
713 677
705 688
696 699
684 706
672 711
660 715
648 719
635 722
622 725
608 726
595 724
583 718
572 711
568 706
576 697
586 691
595 686
606 684
617 681
628 678
638 675
648 671
658 667
669 664
679 661
690 659
702 657
711 660
703 669
694 676
685 681
675 686
665 691
655 696
645 700
634 702
623 705
612 707
601 709
590 710
578 709
630 501
633 494
637 489
642 484
648 480
654 476
660 475
668 475
675 476
681 477
688 479
689 486
684 490
678 494
672 497
665 499
658 500
651 501
644 502
637 502
546 528
540 525
534 522
527 521
519 521
512 523
506 526
500 530
495 536
490 541
485 547
492 548
500 549
507 549
514 548
521 546
528 544
535 542
541 539
547 535
602 483
598 468
605 455
617 446
630 439
644 434
659 431
674 429
690 429
705 431
718 437
728 449
717 460
702 457
686 456
671 459
657 462
642 466
629 471
616 478
547 488
539 477
526 472
512 472
499 476
486 480
474 486
462 493
452 503
446 515
441 528
442 542
455 544
465 533
473 522
485 513
497 507
509 503
523 499
537 498
