402 468
398 482
392 496
388 512
385 526
382 541
381 557
379 571
379 587
380 602
384 617
391 631
400 644
409 657
419 668
429 679
441 690
452 698
466 706
480 713
494 720
507 725
523 732
536 739
551 740
567 739
581 737
596 732
609 725
623 717
637 709
649 701
661 693
672 680
681 668
690 656
697 643
705 629
716 618
719 603
726 589
566 513
555 517
544 522
535 531
534 543
540 554
549 561
560 569
570 575
581 579
593 579
606 579
617 576
624 566
622 555
619 543
614 531
460 564
476 565
489 569
504 572
518 577
531 583
543 591
556 597
571 601
586 603
600 605
614 610
627 617
636 629
625 640
612 647
598 651
583 653
567 653
552 651
539 646
526 640
513 634
500 625
489 615
478 604
469 592
463 579
472 573
483 577
494 580
505 584
515 589
526 594
536 599
547 604
557 608
568 612
580 615
591 617
603 619
614 622
617 632
607 636
595 638
582 638
570 636
559 634
548 630
537 625
527 621
517 615
507 607
498 599
488 591
479 583
642 489
646 483
653 481
660 479
668 478
676 477
683 478
691 480
697 484
703 489
707 495
705 503
699 506
691 507
683 506
676 504
669 502
662 499
655 496
649 493
546 446
543 441
539 436
535 431
529 427
524 425
517 423
511 423
504 423
499 425
493 427
495 433
499 438
504 443
509 446
515 449
521 450
527 451
534 451
541 451
651 448
660 445
671 445
681 445
691 446
701 448
710 451
719 454
728 458
736 465
740 474
731 477
723 472
714 468
705 465
695 463
686 460
675 460
665 459
655 457
570 426
573 416
564 407
554 401
544 394
534 388
524 383
513 380
501 377
489 376
478 379
472 389
483 393
495 394
507 396
518 399
529 404
539 410
549 416
559 423
