314 464
318 477
323 490
327 504
331 518
335 531
341 545
347 558
355 570
363 581
371 592
381 603
392 612
405 619
417 626
429 632
444 635
457 638
472 641
485 641
500 637
513 634
527 630
540 625
552 619
565 611
576 603
586 593
595 582
604 571
613 559
621 548
629 536
634 522
637 509
638 494
638 480
636 465
634 452
631 437
631 423
430 421
429 431
429 440
432 450
438 458
448 461
457 464
467 466
477 466
488 465
497 462
506 458
515 452
519 443
518 433
513 424
506 416
414 514
422 505
432 498
443 494
454 493
467 493
479 492
490 488
501 485
513 485
525 486
537 487
549 490
554 500
550 511
542 520
534 529
525 537
515 544
505 549
494 552
482 553
470 552
458 550
448 545
438 539
428 533
420 524
417 518
425 514
434 510
444 507
454 506
464 507
474 505
484 502
493 499
503 498
513 496
524 495
534 496
544 499
544 510
537 517
528 522
519 526
510 530
501 534
492 537
482 540
472 540
462 537
452 535
443 532
433 529
425 525
507 371
510 367
515 364
519 362
524 360
528 359
534 358
539 357
544 358
549 358
554 361
552 366
548 368
543 370
538 371
533 371
527 372
522 372
517 372
511 373
416 380
412 377
407 375
402 374
396 374
391 375
386 376
382 378
377 380
373 383
369 387
374 389
379 390
384 391
389 390
395 390
400 389
405 388
410 386
414 384
478 353
486 344
495 337
505 332
516 329
527 327
539 327
551 327
562 330
572 334
581 342
577 350
566 348
554 346
542 346
531 347
519 349
508 352
498 357
488 359
431 349
421 343
409 342
397 342
384 343
373 345
362 348
352 354
344 363
337 372
331 382
342 384
352 380
363 374
373 370
384 367
396 365
408 365
420 365
431 360
