1066 1063
1066 1107
1073 1154
1074 1202
1078 1249
1083 1296
1091 1347
1100 1392
1110 1439
1127 1486
1149 1528
1174 1567
1207 1603
1242 1635
1277 1667
1316 1695
1355 1719
1398 1747
1437 1770
1481 1788
1528 1802
1573 1813
1621 1823
1669 1827
1717 1822
1763 1804
1802 1777
1837 1743
1868 1711
1901 1674
1927 1637
1952 1594
1976 1551
1995 1508
2014 1462
2031 1421
2051 1374
2073 1335
2087 1286
2096 1241
2094 1191
1569 1124
1543 1149
1519 1183
1521 1222
1540 1255
1576 1267
1616 1276
1652 1289
1693 1300
1729 1304
1772 1304
1809 1295
1840 1271
1837 1234
1824 1195
1809 1158
1791 1122
1383 1392
1423 1378
1467 1372
1512 1367
1557 1363
1603 1361
1648 1364
1692 1371
1738 1372
1784 1374
1824 1388
1863 1407
1892 1441
1879 1482
1864 1521
1837 1557
1802 1584
1762 1600
1720 1610
1675 1613
1631 1608
1589 1597
1549 1583
1510 1564
1474 1540
1442 1506
1415 1471
1395 1433
1396 1394
1432 1385
1471 1388
1509 1392
1547 1396
1586 1399
1624 1404
1662 1409
1701 1411
1741 1412
1780 1413
1820 1411
1858 1414
1877 1445
1854 1475
1824 1500
1791 1516
1756 1527
1719 1533
1681 1538
1643 1535
1606 1528
1570 1519
1535 1508
1501 1495
1468 1479
1438 1455
1409 1427
1809 1024
1824 1005
1844 992
1864 980
1886 971
1908 965
1933 963
1956 968
1977 976
1997 990
2010 1009
2015 1033
1994 1043
1972 1050
1948 1052
1923 1053
1899 1048
1876 1043
1853 1039
1830 1032
1554 992
1554 969
1538 950
1519 934
1500 921
1479 911
1455 907
1430 906
1407 911
1386 919
1366 932
1347 948
1367 960
1388 971
1409 980
1431 986
1455 990
1480 991
1505 993
1530 994
1840 868
1855 847
1877 834
1903 829
1929 831
1955 835
1980 841
2005 848
2028 858
2050 872
2067 891
2052 898
2031 883
2008 871
1984 864
1957 863
1932 868
1908 875
1884 885
1859 888
1630 831
1601 800
1566 780
1527 768
1487 761
1443 759
1400 760
1357 764
1317 773
1281 791
1249 819
1291 816
1330 805
1372 799
1415 798
1457 804
1497 811
1535 824
1571 842
1608 859
