326 381
330 403
335 427
340 449
347 472
355 495
361 516
371 539
383 560
396 578
411 597
425 614
439 633
454 652
471 669
489 683
512 693
534 700
557 703
581 701
603 698
627 694
650 688
672 678
691 667
712 654
730 639
748 624
764 608
780 589
794 569
807 550
818 529
825 508
832 486
836 461
840 438
844 415
847 392
848 369
846 343
484 377
475 392
465 408
467 427
481 442
495 453
510 465
528 468
546 465
565 458
580 447
596 438
614 430
623 414
619 395
607 379
599 362
444 510
462 509
480 511
498 512
516 514
533 517
551 519
569 517
586 515
604 513
622 512
640 513
659 512
672 516
658 526
643 535
628 544
614 554
599 563
583 568
566 570
547 570
530 568
514 563
499 555
484 546
471 534
458 520
450 512
465 516
480 521
495 525
510 529
525 533
541 536
558 535
574 533
590 531
606 529
622 526
638 523
652 519
667 513
653 520
638 524
622 527
607 530
591 532
575 535
558 536
541 536
524 536
509 533
494 528
479 524
464 518
612 259
622 250
632 242
642 234
652 228
663 224
675 221
688 220
700 221
712 225
723 230
719 241
709 248
698 253
686 256
674 259
661 260
649 262
637 263
624 261
471 256
463 248
453 243
443 240
431 239
419 239
408 241
397 242
387 245
377 250
368 257
378 262
388 264
399 266
410 268
422 269
434 269
445 268
457 267
468 266
568 179
588 164
608 153
630 145
653 140
677 136
702 134
727 136
750 142
770 154
781 171
759 164
735 160
709 161
684 163
661 168
639 175
618 186
597 196
574 202
466 203
464 187
451 176
438 167
424 160
408 155
392 153
375 152
358 153
343 158
330 167
326 183
343 183
358 179
376 178
391 182
406 187
420 194
435 200
449 206
