412 524
412 541
414 558
416 576
417 595
421 611
426 629
431 646
436 662
444 677
453 693
463 709
473 722
486 736
497 749
509 763
522 775
537 784
552 793
568 800
586 802
604 803
622 803
637 796
655 790
669 781
684 771
697 757
710 747
724 736
736 722
747 709
760 696
771 683
780 667
788 651
797 635
804 619
810 602
815 586
820 568
554 530
551 546
546 565
537 580
537 598
552 603
572 607
587 616
605 619
619 610
637 607
655 608
670 600
667 582
657 566
643 554
626 546
509 648
525 648
540 646
557 646
572 648
588 649
603 648
619 649
634 651
650 651
666 653
680 657
682 672
674 685
667 698
657 710
645 719
632 725
617 728
601 729
586 728
571 724
557 719
545 712
533 702
525 689
519 676
513 662
519 654
531 655
542 657
554 659
566 661
578 663
589 665
601 667
613 666
625 665
637 663
649 661
662 661
674 662
669 670
659 677
648 682
638 686
627 690
615 692
603 693
591 692
579 690
568 687
557 683
548 675
538 667
528 662
655 506
660 501
667 498
674 496
681 495
689 494
696 494
704 494
711 496
717 499
724 502
720 507
713 509
705 511
698 512
691 513
683 512
676 510
669 508
663 506
555 495
550 491
544 488
538 486
532 485
526 484
519 484
512 483
506 484
500 487
495 491
501 493
507 496
512 499
518 501
524 502
531 501
537 501
544 500
550 498
636 462
649 455
663 451
678 449
693 446
708 443
724 442
739 445
752 451
765 459
777 469
763 473
747 472
732 469
717 468
701 469
686 471
671 475
656 478
641 476
577 465
567 454
555 447
542 444
529 440
516 437
503 433
490 429
476 427
463 431
452 438
457 450
469 457
483 455
498 456
511 458
525 461
537 466
550 470
565 470
