713 764
718 816
724 874
734 931
750 987
770 1042
792 1097
814 1151
833 1206
850 1261
870 1310
900 1365
936 1409
977 1447
1023 1479
1077 1511
1127 1534
1179 1555
1234 1572
1294 1583
1350 1587
1408 1588
1464 1580
1520 1560
1568 1536
1620 1509
1676 1486
1731 1465
1772 1426
1815 1387
1844 1338
1873 1291
1904 1241
1932 1191
1954 1139
1970 1083
1980 1023
1983 966
1986 910
1988 854
1982 792
1289 736
1258 765
1235 796
1219 836
1218 880
1235 916
1275 936
1316 939
1355 939
1401 938
1442 934
1483 928
1515 898
1514 860
1501 817
1484 777
1465 739
1153 1180
1175 1155
1202 1139
1230 1122
1257 1107
1286 1094
1317 1086
1350 1084
1381 1077
1415 1079
1446 1086
1475 1098
1502 1114
1529 1131
1556 1149
1582 1170
1554 1182
1523 1188
1489 1190
1455 1190
1421 1190
1386 1189
1352 1188
1320 1184
1286 1182
1252 1182
1219 1186
1185 1186
1175 1172
1199 1158
1223 1148
1249 1140
1276 1136
1305 1135
1334 1135
1363 1135
1392 1136
1421 1138
1449 1139
1477 1143
1505 1146
1531 1152
1556 1160
1531 1154
1504 1149
1477 1145
1449 1143
1420 1141
1391 1141
1363 1139
1334 1136
1305 1136
1277 1139
1250 1144
1224 1151
1200 1161
1504 524
1517 501
1537 481
1559 465
1583 453
1608 446
1636 444
1663 447
1688 455
1711 468
1730 489
1729 517
1710 538
1687 551
1661 557
1632 556
1605 552
1580 545
1555 536
1530 529
1157 499
1155 475
1137 458
1116 447
1094 442
1070 440
1046 442
1024 448
1003 459
984 472
969 491
981 511
996 530
1016 541
1038 548
1061 551
1086 550
1109 546
1130 537
1148 519
1421 392
1420 341
1458 308
1504 295
1555 298
1604 303
1655 306
1705 309
1753 317
1797 335
1832 372
1854 414
1803 416
1757 404
1712 391
1663 385
1612 388
1560 388
1511 394
1466 407
1225 350
1191 325
1152 312
1109 306
1065 305
1020 305
977 310
935 317
897 331
863 358
844 395
880 416
924 412
965 404
1008 399
1051 396
1096 394
1140 397
1184 398
1226 391
