351 1579
368 1668
396 1765
433 1859
465 1944
504 2039
542 2122
585 2213
627 2307
663 2396
709 2480
772 2550
848 2616
918 2676
1009 2725
1096 2762
1189 2794
1285 2817
1385 2835
1482 2839
1577 2817
1664 2775
1746 2726
1827 2668
1909 2626
1995 2578
2078 2531
2168 2485
2251 2435
2327 2374
2386 2295
2435 2214
2478 2126
2508 2031
2550 1941
2599 1854
2639 1774
2674 1678
2689 1581
2691 1481
2678 1383
1076 1460
1025 1535
977 1619
946 1709
930 1797
1011 1835
1105 1860
1194 1881
1292 1891
1380 1876
1475 1842
1569 1822
1661 1796
1721 1735
1704 1643
1655 1559
1594 1482
927 2105
1006 2084
1091 2077
1173 2063
1258 2057
1346 2058
1427 2043
1511 2033
1598 2035
1687 2034
1774 2033
1861 2037
1888 2112
1859 2186
1824 2259
1778 2327
1713 2384
1641 2419
1565 2446
1486 2466
1401 2473
1315 2469
1233 2456
1157 2429
1089 2383
1025 2324
984 2254
956 2179
977 2117
1040 2126
1103 2135
1169 2138
1233 2145
1298 2150
1362 2157
1427 2153
1488 2140
1550 2127
1609 2111
1667 2091
1727 2075
1788 2063
1799 2110
1749 2149
1695 2181
1639 2206
1579 2222
1518 2234
1455 2243
1389 2247
1323 2244
1259 2238
1198 2224
1141 2202
1085 2177
1030 2149
1570 1182
1595 1147
1629 1121
1665 1102
1702 1085
1742 1074
1784 1069
1828 1070
1871 1074
1912 1082
1948 1103
1943 1144
1907 1163
1869 1177
1829 1187
1786 1191
1741 1191
1698 1188
1656 1182
1613 1178
1048 1191
1014 1170
979 1150
943 1134
906 1120
866 1113
823 1113
783 1119
745 1130
710 1149
677 1175
708 1204
744 1223
781 1234
821 1242
864 1244
905 1239
945 1233
986 1228
1026 1221
1434 965
1498 905
1571 871
1649 849
1728 829
1808 811
1888 792
1970 778
2058 779
2136 801
2201 856
2165 927
2081 938
1997 929
1909 928
1823 935
1741 949
1665 973
1588 997
1505 1007
1092 1010
1047 950
976 929
902 914
827 900
755 882
684 860
611 844
532 847
465 878
409 936
444 1001
514 1024
585 1003
659 989
736 996
809 1015
880 1034
954 1050
1032 1055
