551 832
559 855
569 877
581 899
596 920
610 940
622 961
636 982
651 1002
665 1022
679 1042
696 1060
716 1076
736 1090
756 1102
780 1114
802 1123
826 1132
847 1140
871 1147
897 1153
922 1154
946 1153
970 1151
994 1141
1012 1125
1026 1104
1034 1083
1042 1059
1051 1034
1058 1012
1066 989
1077 964
1083 941
1088 918
1098 894
1108 871
1117 849
1122 825
1122 801
1118 774
905 805
895 820
888 837
886 856
893 873
909 883
928 883
946 884
966 884
985 884
1003 880
1017 867
1029 853
1033 834
1026 816
1018 800
1007 783
785 948
805 942
827 944
850 944
872 942
893 939
916 938
938 936
961 935
981 930
1001 924
1023 921
1033 939
1028 960
1026 982
1021 1002
1012 1021
995 1035
974 1040
952 1041
930 1039
909 1034
890 1026
872 1015
854 1002
836 990
819 978
802 963
801 954
819 955
834 961
850 965
867 966
885 967
903 968
920 968
938 967
956 966
973 964
989 959
1004 953
1018 959
1012 974
1002 987
988 997
973 1005
957 1009
939 1009
922 1006
906 1002
890 997
875 990
860 984
845 978
829 972
815 964
984 683
988 676
993 670
1000 664
1007 659
1014 655
1021 651
1028 648
1037 646
1044 648
1050 655
1050 664
1048 671
1042 678
1034 681
1026 683
1018 683
1009 684
1000 685
992 685
855 699
849 691
840 685
830 682
820 682
809 683
799 685
790 689
782 695
773 701
766 709
775 713
785 715
795 717
805 719
816 720
827 719
837 717
846 714
855 710
980 639
984 627
992 617
1002 607
1013 601
1024 595
1036 589
1047 584
1061 582
1073 586
1082 596
1086 607
1073 609
1060 607
1048 609
1036 615
1025 621
1014 628
1004 636
992 642
892 658
890 635
871 625
850 619
827 614
803 615
781 618
759 624
739 632
720 644
703 660
691 679
713 674
733 664
753 657
776 653
799 651
823 651
846 654
868 658
