575 984
576 1009
577 1034
580 1059
586 1085
595 1107
605 1129
618 1153
633 1174
648 1194
664 1212
682 1231
701 1248
723 1261
748 1271
771 1277
796 1281
821 1285
846 1289
871 1290
898 1291
925 1290
948 1287
973 1281
999 1273
1022 1263
1044 1250
1064 1236
1082 1219
1096 1198
1106 1173
1115 1149
1124 1125
1131 1100
1135 1077
1139 1050
1142 1025
1141 1000
1142 976
1141 950
1141 923
806 876
791 895
778 915
774 940
784 960
808 964
834 966
858 965
882 966
906 965
932 961
955 956
979 949
990 928
986 904
968 888
946 875
755 1077
773 1066
791 1058
812 1054
832 1051
854 1048
876 1048
898 1049
918 1044
938 1040
960 1039
981 1042
1001 1047
1020 1056
1016 1077
1004 1094
988 1109
970 1118
951 1125
930 1130
909 1131
886 1131
864 1131
844 1126
825 1120
806 1113
787 1105
770 1093
766 1082
784 1080
801 1076
819 1073
836 1069
854 1070
873 1071
890 1074
909 1074
925 1067
942 1062
959 1059
978 1058
996 1060
1013 1062
998 1070
980 1072
963 1077
947 1082
930 1087
912 1089
893 1089
875 1086
857 1083
839 1082
821 1085
803 1083
785 1082
940 786
948 776
957 767
966 758
976 752
987 748
999 746
1010 748
1022 751
1032 756
1042 762
1041 774
1032 783
1021 786
1010 789
997 790
985 789
974 786
961 786
951 791
762 795
752 788
742 783
732 780
720 778
708 779
698 782
688 788
679 795
670 803
663 813
673 817
685 819
696 821
708 820
720 818
730 815
741 811
752 808
763 806
932 700
944 685
961 678
980 674
999 669
1016 662
1034 655
1054 654
1071 662
1083 677
1089 695
1084 712
1069 698
1054 686
1034 689
1016 695
999 702
981 709
963 715
943 716
826 743
818 719
795 708
769 704
741 703
714 701
686 701
661 706
636 713
614 726
598 747
594 773
616 762
639 751
666 748
694 748
721 746
749 746
776 748
802 752
