1054 1222
1057 1263
1064 1307
1072 1351
1078 1391
1083 1437
1102 1476
1125 1511
1151 1546
1177 1582
1203 1617
1229 1653
1252 1687
1283 1720
1316 1743
1354 1769
1390 1795
1428 1810
1470 1829
1514 1835
1554 1832
1599 1831
1643 1821
1682 1809
1718 1787
1751 1755
1776 1723
1797 1683
1815 1641
1834 1604
1846 1560
1855 1519
1873 1478
1888 1440
1900 1398
1912 1355
1922 1314
1929 1268
1936 1225
1942 1186
1943 1138
1466 1126
1456 1160
1443 1193
1436 1229
1437 1267
1459 1292
1496 1300
1530 1305
1569 1307
1604 1303
1638 1290
1667 1264
1689 1238
1680 1204
1657 1172
1636 1145
1616 1111
1279 1390
1322 1374
1370 1371
1417 1363
1464 1358
1511 1352
1559 1348
1606 1340
1648 1325
1692 1312
1739 1306
1784 1317
1806 1357
1796 1402
1778 1444
1754 1484
1729 1523
1696 1559
1655 1579
1610 1590
1562 1595
1515 1590
1471 1577
1428 1562
1387 1541
1351 1509
1322 1472
1299 1431
1309 1400
1345 1393
1384 1390
1423 1390
1462 1390
1501 1389
1541 1390
1579 1388
1615 1380
1648 1367
1681 1353
1714 1340
1751 1334
1766 1365
1747 1396
1728 1427
1704 1456
1673 1476
1640 1490
1606 1501
1571 1510
1533 1512
1494 1510
1458 1503
1424 1493
1391 1477
1361 1455
1333 1429
1627 967
1641 951
1657 936
1674 925
1691 914
1710 905
1729 900
1750 897
1771 900
1790 906
1807 918
1810 938
1792 948
1774 956
1754 962
1734 966
1713 968
1691 968
1669 969
1648 970
1392 997
1383 982
1365 972
1347 962
1329 954
1310 948
1289 946
1268 948
1249 954
1232 964
1217 980
1208 998
1227 1005
1246 1009
1267 1012
1289 1012
1309 1009
1329 1005
1350 1002
1371 1001
1608 885
1612 853
1640 838
1668 825
1696 813
1725 803
1754 793
1786 790
1818 794
1847 806
1871 829
1876 856
1848 842
1818 832
1786 835
1756 843
1726 852
1697 862
1668 871
1638 881
1444 894
1410 872
1373 858
1334 848
1290 849
1247 850
1206 856
1169 870
1134 891
1104 922
1088 959
1123 940
1159 923
1196 909
1236 902
1279 903
1319 910
1359 919
1399 927
1441 930
