1035 1282
1040 1325
1048 1374
1059 1416
1072 1460
1088 1505
1108 1546
1132 1589
1156 1626
1185 1661
1221 1695
1251 1729
1287 1760
1324 1788
1360 1817
1396 1846
1435 1872
1476 1894
1521 1904
1568 1902
1610 1897
1660 1886
1701 1873
1742 1851
1776 1818
1805 1778
1833 1743
1862 1708
1890 1672
1912 1631
1931 1587
1951 1544
1967 1501
1983 1460
1998 1412
2011 1369
2020 1323
2023 1276
2022 1229
2017 1186
2010 1136
1321 1250
1320 1281
1326 1312
1341 1343
1365 1363
1391 1382
1420 1398
1454 1404
1486 1403
1510 1383
1533 1360
1556 1337
1584 1317
1612 1303
1625 1274
1625 1239
1615 1207
1290 1484
1329 1474
1370 1469
1411 1464
1454 1462
1496 1459
1534 1448
1571 1435
1611 1426
1652 1422
1696 1422
1737 1427
1771 1445
1757 1481
1740 1517
1720 1552
1688 1580
1655 1604
1619 1622
1581 1632
1541 1640
1500 1646
1457 1645
1419 1633
1384 1613
1352 1588
1324 1556
1303 1521
1316 1497
1350 1499
1384 1500
1419 1500
1453 1499
1487 1500
1521 1498
1551 1488
1581 1478
1611 1468
1641 1460
1671 1450
1702 1442
1733 1447
1713 1473
1693 1499
1668 1522
1641 1540
1612 1554
1581 1562
1549 1568
1518 1575
1487 1583
1452 1583
1423 1573
1395 1556
1369 1536
1343 1516
1570 1041
1586 1028
1603 1016
1619 1002
1636 989
1654 979
1673 973
1694 970
1716 970
1736 975
1754 984
1751 1004
1734 1015
1715 1023
1696 1028
1674 1030
1652 1030
1630 1030
1611 1035
1592 1042
1288 1068
1276 1058
1263 1052
1249 1048
1235 1046
1219 1045
1204 1047
1191 1052
1179 1060
1167 1070
1158 1082
1171 1088
1184 1093
1199 1096
1214 1097
1229 1096
1243 1093
1257 1089
1272 1086
1286 1083
1509 935
1536 908
1568 894
1601 883
1635 872
1669 863
1705 857
1742 855
1779 859
1808 881
1825 913
1796 935
1762 926
1725 924
1686 925
1651 931
1618 942
1586 957
1554 973
1517 969
1357 1006
1350 970
1319 952
1285 942
1249 936
1212 932
1174 929
1137 932
1104 945
1075 968
1056 999
1045 1032
1078 1043
1108 1024
1138 1001
1172 992
1211 992
1249 995
1285 1001
1320 1010
