817 1060
820 1094
826 1128
834 1161
842 1191
853 1224
866 1257
877 1289
890 1320
903 1351
916 1383
935 1415
954 1439
979 1467
1002 1489
1029 1514
1056 1535
1085 1554
1114 1569
1146 1578
1180 1583
1213 1588
1247 1590
1282 1589
1315 1582
1346 1565
1375 1544
1400 1522
1424 1499
1449 1473
1470 1449
1490 1423
1510 1392
1528 1364
1545 1333
1556 1301
1567 1269
1578 1236
1586 1204
1593 1171
1599 1134
1253 1057
1231 1075
1208 1093
1191 1119
1196 1147
1219 1167
1247 1179
1277 1185
1304 1191
1334 1196
1366 1195
1393 1193
1422 1183
1432 1156
1427 1127
1413 1099
1396 1072
1035 1262
1065 1247
1099 1244
1134 1241
1170 1241
1205 1246
1240 1248
1273 1254
1306 1260
1342 1258
1378 1258
1409 1269
1436 1290
1439 1325
1423 1354
1402 1381
1375 1405
1347 1422
1314 1430
1279 1429
1244 1425
1212 1417
1181 1405
1152 1390
1124 1369
1098 1344
1073 1318
1052 1291
1068 1260
1097 1258
1127 1259
1154 1263
1180 1272
1208 1276
1235 1282
1262 1288
1289 1294
1317 1298
1347 1298
1376 1297
1405 1295
1433 1300
1411 1319
1391 1341
1367 1356
1342 1366
1314 1369
1284 1369
1256 1365
1230 1356
1205 1346
1180 1336
1155 1326
1130 1316
1106 1302
1084 1283
1398 965
1410 955
1424 947
1438 940
1452 934
1466 929
1482 928
1498 930
1513 934
1527 942
1537 954
1534 970
1520 977
1506 982
1490 984
1474 982
1459 978
1445 973
1428 972
1411 972
1179 924
1170 914
1160 906
1148 900
1136 897
1123 895
1110 894
1096 895
1084 899
1073 905
1066 915
1072 926
1084 932
1096 935
1109 937
1122 938
1136 938
1150 939
1163 939
1176 937
1403 882
1416 864
1437 856
1459 852
1481 848
1505 846
1528 848
1551 851
1572 858
1590 871
1601 890
1598 910
1578 901
1559 891
1538 885
1514 883
1491 886
1469 889
1446 891
1423 893
1232 866
1232 837
1205 819
1176 806
1145 799
1111 796
1077 797
1045 804
1016 816
989 833
963 856
940 881
970 871
1001 864
1034 859
1067 855
1100 852
1135 851
1168 855
1199 862
