824 1157
832 1187
840 1215
850 1248
861 1277
873 1305
887 1336
902 1363
919 1388
941 1413
964 1435
988 1454
1014 1471
1041 1487
1067 1505
1094 1522
1122 1536
1155 1545
1185 1548
1216 1546
1247 1542
1280 1536
1309 1527
1340 1515
1367 1498
1392 1478
1412 1456
1432 1430
1449 1404
1464 1375
1478 1348
1493 1317
1505 1288
1514 1259
1521 1228
1524 1197
1525 1166
1523 1132
1521 1101
1518 1070
1515 1036
1125 1091
1110 1118
1097 1146
1092 1176
1098 1206
1120 1227
1150 1235
1179 1231
1210 1226
1238 1223
1271 1216
1298 1201
1313 1177
1314 1146
1303 1117
1286 1090
1268 1065
1085 1353
1107 1349
1127 1344
1146 1336
1165 1327
1184 1319
1205 1316
1227 1318
1247 1311
1266 1302
1287 1299
1309 1299
1332 1300
1350 1308
1340 1327
1331 1346
1318 1363
1301 1378
1284 1390
1264 1398
1244 1402
1222 1404
1200 1401
1180 1395
1161 1386
1143 1377
1124 1367
1105 1359
1104 1355
1121 1356
1139 1355
1156 1353
1173 1352
1190 1350
1208 1349
1226 1350
1242 1346
1257 1340
1273 1334
1288 1329
1304 1324
1319 1319
1333 1312
1319 1319
1303 1325
1287 1329
1272 1335
1257 1342
1242 1347
1225 1350
1208 1351
1190 1350
1173 1352
1156 1354
1139 1356
1121 1357
1241 935
1249 921
1259 907
1270 894
1284 883
1298 875
1313 868
1328 863
1345 860
1362 860
1376 871
1378 888
1367 901
1354 911
1339 919
1324 925
1309 930
1293 935
1275 936
1258 937
1048 976
1043 962
1031 951
1018 945
1003 941
987 940
972 944
958 949
945 957
932 966
923 979
916 992
930 996
945 1000
961 1001
977 1000
993 998
1008 996
1023 993
1037 988
1168 848
1174 822
1195 803
1219 791
1246 786
1275 785
1303 783
1330 779
1359 779
1386 783
1410 795
1409 822
1385 831
1356 830
1328 831
1300 833
1272 837
1245 841
1220 848
1194 855
1078 878
1060 851
1032 836
1000 829
966 828
933 831
901 838
871 849
846 871
828 899
816 928
817 962
844 948
869 924
897 906
926 894
957 887
991 884
1024 886
1055 895
