324 451
327 464
329 477
331 489
334 504
339 516
345 528
349 540
354 553
362 564
371 575
381 583
393 591
403 598
414 606
424 615
435 623
447 629
460 633
473 635
486 634
500 631
512 625
523 618
534 610
545 603
557 596
569 589
579 581
589 572
598 562
606 550
613 539
618 526
621 513
623 500
625 487
626 472
626 459
625 446
624 432
440 429
434 438
426 447
423 458
427 469
437 475
448 478
459 480
471 481
482 481
494 478
504 474
512 466
514 454
507 445
499 437
491 428
399 509
409 503
420 500
432 499
444 500
455 502
466 505
478 504
490 502
501 500
512 498
524 496
536 497
541 507
534 516
525 524
516 532
506 538
496 544
486 549
475 552
464 553
451 553
440 550
431 544
422 536
413 527
405 518
405 513
414 510
423 511
433 512
442 514
452 515
461 517
471 517
481 515
490 513
499 511
508 508
517 506
527 505
527 513
520 518
511 522
503 525
494 528
485 531
476 533
466 534
457 534
447 532
438 530
429 527
421 523
413 518
508 372
511 367
516 364
521 362
526 360
532 359
537 358
544 358
549 359
554 362
559 365
556 370
551 373
546 375
541 376
535 377
529 378
523 378
517 378
512 376
420 381
415 378
411 376
405 374
400 373
394 373
388 373
383 375
378 377
374 380
369 384
374 386
379 388
384 390
390 390
396 390
401 389
407 388
412 387
417 385
491 338
494 331
501 327
508 324
515 322
522 320
530 320
538 320
546 320
554 322
561 325
556 329
548 330
540 331
533 333
525 334
518 336
511 339
504 342
497 344
420 343
413 338
405 336
397 335
389 336
381 339
373 341
365 344
358 347
351 351
344 356
352 358
360 356
368 354
376 352
385 350
393 349
402 350
410 351
419 351
