309 407
313 418
317 431
320 443
323 456
326 468
329 480
333 492
339 505
346 515
352 525
359 537
367 547
375 557
382 566
392 576
401 584
413 590
425 594
438 595
450 594
464 592
475 588
487 582
498 575
508 567
517 558
527 549
534 540
542 529
551 519
558 510
566 499
571 487
575 475
580 464
584 451
587 439
590 426
592 414
595 401
422 393
414 401
404 411
397 422
399 435
410 440
423 441
436 443
449 443
463 442
475 440
488 436
498 429
496 416
489 406
478 397
466 391
393 493
400 488
407 484
415 480
424 479
433 477
442 478
450 477
459 475
468 475
477 476
485 478
494 480
502 483
502 491
495 496
488 501
480 506
473 510
465 513
456 515
448 516
438 517
430 515
422 513
414 509
406 505
400 498
394 492
402 491
410 490
417 490
425 491
433 492
440 493
448 492
455 490
463 489
470 488
478 487
486 487
494 487
502 486
496 489
488 489
480 490
473 491
465 491
458 493
450 493
442 494
434 494
426 494
418 494
410 494
402 493
488 341
491 337
496 333
500 331
505 328
510 327
516 327
522 328
527 330
532 332
536 336
537 340
532 342
527 343
522 344
516 344
510 344
504 343
499 343
493 342
405 342
401 338
396 336
392 335
387 334
382 334
377 335
372 336
368 339
364 341
360 344
364 347
368 348
373 350
378 350
383 350
388 349
393 348
398 347
403 346
473 312
480 305
489 301
499 300
509 301
519 301
530 302
539 304
548 308
556 314
562 321
557 328
548 325
539 323
529 322
519 320
509 319
499 320
489 321
479 320
411 321
411 312
403 307
394 305
385 303
375 304
366 304
357 307
349 311
341 316
334 323
331 332
339 337
348 335
356 331
365 329
374 327
383 325
392 324
402 323
