1016 1386
1014 1427
1015 1469
1019 1510
1023 1551
1029 1591
1040 1633
1056 1670
1078 1708
1104 1740
1132 1768
1167 1794
1200 1816
1231 1844
1266 1869
1297 1900
1326 1926
1361 1954
1398 1971
1438 1979
1478 1983
1524 1984
1564 1984
1607 1979
1644 1965
1680 1939
1707 1911
1736 1879
1765 1852
1802 1830
1839 1813
1876 1789
1908 1763
1935 1734
1961 1699
1981 1664
1999 1625
2015 1584
2025 1544
2030 1502
2032 1460
1453 1317
1436 1360
1415 1396
1387 1438
1375 1478
1397 1518
1440 1532
1485 1542
1534 1549
1581 1550
1624 1549
1671 1544
1708 1517
1709 1473
1689 1430
1675 1385
1670 1338
1291 1643
1322 1628
1358 1633
1393 1637
1427 1645
1463 1650
1499 1652
1536 1654
1572 1657
1608 1660
1645 1661
1681 1664
1714 1675
1725 1707
1704 1735
1676 1758
1645 1775
1614 1788
1581 1798
1546 1804
1509 1803
1475 1796
1443 1784
1413 1768
1383 1748
1355 1726
1328 1702
1306 1673
1349 1653
1375 1653
1399 1659
1422 1665
1446 1671
1471 1674
1496 1678
1520 1682
1546 1684
1572 1685
1598 1686
1624 1686
1650 1685
1675 1682
1665 1699
1644 1711
1622 1720
1598 1727
1574 1732
1550 1736
1524 1737
1499 1733
1475 1728
1452 1721
1430 1712
1408 1701
1388 1687
1368 1671
1703 1245
1711 1228
1727 1216
1744 1208
1762 1201
1780 1196
1801 1195
1820 1198
1838 1204
1855 1212
1871 1224
1873 1243
1856 1252
1838 1257
1819 1261
1799 1262
1778 1261
1759 1258
1740 1253
1720 1251
1395 1208
1381 1193
1366 1180
1350 1171
1332 1165
1313 1163
1293 1165
1274 1169
1257 1174
1239 1181
1223 1188
1238 1199
1255 1207
1272 1214
1290 1220
1309 1223
1328 1225
1348 1226
1368 1226
1388 1224
1648 1131
1680 1108
1716 1097
1756 1092
1797 1091
1839 1092
1879 1095
1918 1101
1955 1112
1988 1132
2010 1164
1987 1192
1951 1180
1917 1163
1879 1154
1838 1151
1797 1152
1756 1154
1716 1158
1676 1162
1458 1107
1425 1085
1390 1067
1354 1053
1316 1043
1277 1036
1235 1034
1195 1038
1159 1052
1126 1076
1098 1107
1139 1110
1178 1102
1217 1094
1259 1091
1300 1094
1339 1102
1377 1113
1413 1125
1451 1135
