965 1384
961 1429
955 1474
950 1519
945 1565
941 1610
938 1657
938 1705
946 1751
960 1795
977 1836
1000 1877
1028 1911
1060 1947
1096 1978
1133 2006
1170 2029
1213 2050
1255 2063
1303 2075
1347 2084
1392 2089
1441 2086
1485 2075
1525 2059
1567 2035
1600 2006
1630 1966
1657 1929
1681 1890
1708 1853
1736 1820
1768 1784
1794 1745
1816 1704
1838 1662
1859 1625
1883 1583
1905 1541
1923 1498
1935 1453
1409 1401
1395 1435
1383 1473
1373 1513
1370 1552
1390 1588
1420 1607
1460 1615
1501 1619
1542 1620
1578 1616
1616 1602
1644 1574
1661 1535
1660 1497
1652 1457
1642 1418
1243 1746
1272 1733
1307 1732
1341 1731
1375 1727
1408 1724
1442 1720
1475 1716
1509 1714
1543 1712
1575 1706
1609 1707
1639 1718
1667 1735
1661 1768
1638 1793
1610 1811
1581 1822
1550 1830
1517 1835
1482 1836
1448 1834
1416 1827
1387 1816
1358 1803
1329 1789
1299 1777
1270 1765
1259 1746
1286 1747
1311 1750
1337 1753
1363 1756
1389 1758
1415 1760
1442 1761
1468 1760
1495 1759
1521 1757
1548 1756
1574 1754
1601 1754
1605 1773
1582 1782
1558 1788
1533 1792
1507 1794
1480 1795
1454 1794
1428 1791
1402 1788
1378 1782
1353 1777
1329 1771
1305 1765
1280 1759
1661 1228
1670 1209
1681 1191
1698 1177
1717 1168
1736 1162
1758 1160
1780 1161
1801 1166
1819 1176
1834 1192
1841 1212
1833 1231
1813 1239
1792 1241
1769 1241
1748 1238
1726 1235
1704 1233
1682 1233
1362 1206
1356 1188
1346 1172
1332 1157
1316 1144
1300 1134
1282 1128
1262 1126
1243 1127
1225 1134
1209 1144
1196 1160
1210 1175
1227 1184
1245 1191
1263 1196
1281 1200
1302 1202
1321 1204
1342 1205
1703 1132
1715 1111
1735 1095
1756 1084
1778 1077
1802 1071
1825 1066
1849 1061
1874 1058
1899 1056
1921 1063
1915 1083
1892 1090
1868 1095
1845 1100
1820 1104
1798 1111
1775 1117
1752 1125
1729 1130
1425 1092
1414 1065
1391 1043
1366 1027
1340 1014
1312 1006
1282 1000
1253 995
1222 992
1191 995
1164 1005
1189 1022
1216 1034
1245 1041
1273 1048
1301 1056
1328 1067
1354 1081
1379 1097
1405 1112
