464 743
470 761
476 778
484 794
494 811
507 822
522 835
536 845
552 854
568 864
586 872
601 881
619 890
635 899
652 907
668 913
686 920
703 927
722 930
740 935
757 938
776 942
794 944
812 944
831 938
847 929
860 916
873 902
884 889
895 873
903 857
910 839
915 821
919 802
923 785
926 766
927 748
928 730
927 710
924 692
920 674
770 674
765 685
764 696
765 709
775 714
788 711
800 709
812 707
824 708
835 714
846 718
859 718
868 710
872 699
875 687
872 674
868 662
754 773
764 766
775 761
785 753
797 747
808 742
820 739
833 740
846 742
860 742
873 744
883 752
888 763
890 776
888 788
883 800
878 811
871 821
859 827
846 827
833 826
821 823
809 820
797 817
786 812
775 805
766 795
759 784
776 781
780 775
786 771
793 767
799 764
805 760
812 757
819 756
827 756
835 757
842 758
850 759
857 761
863 766
864 774
862 781
861 788
855 793
848 795
840 796
832 796
825 795
818 793
811 791
804 789
796 788
790 785
783 783
826 598
829 591
834 586
840 580
846 577
854 575
861 576
868 579
874 583
878 589
881 596
883 603
880 610
873 612
866 611
859 609
851 607
844 607
836 607
829 604
717 574
711 569
705 565
698 561
691 558
683 556
676 558
668 561
662 564
655 570
652 577
658 582
665 585
672 587
680 588
688 588
697 589
705 588
713 586
719 582
841 495
850 496
859 499
867 503
875 507
883 512
890 518
896 525
902 533
905 541
906 551
901 556
894 549
888 542
881 535
873 529
866 523
859 516
852 510
845 503
758 480
743 475
727 476
711 478
695 482
680 488
666 493
651 499
637 506
623 514
610 523
626 524
643 522
658 517
672 512
688 508
702 502
717 497
734 495
750 494
