522 622
523 645
526 669
531 692
538 718
553 737
570 755
588 771
607 785
628 798
648 812
669 824
693 833
717 840
741 844
763 847
789 849
812 848
837 847
861 846
887 844
910 838
933 831
959 826
982 822
1007 817
1031 811
1053 802
1074 788
1095 775
1116 761
1134 745
1148 728
1160 704
1167 681
1173 657
1177 633
1180 609
1180 584
1183 560
1183 535
768 370
751 389
735 407
723 430
724 454
747 461
773 457
796 451
822 446
846 443
871 447
896 450
922 448
936 428
925 407
908 388
888 371
669 614
685 591
699 567
715 544
736 522
761 509
789 503
819 503
848 500
877 502
903 510
928 522
951 539
973 559
994 580
1013 603
999 626
974 636
946 641
916 642
886 643
856 644
827 647
799 650
769 650
739 648
710 646
683 639
684 622
697 603
711 583
730 567
749 555
771 546
794 541
818 540
843 538
867 536
890 540
911 549
932 559
951 573
970 587
989 604
968 614
946 619
921 620
897 618
872 616
848 618
823 620
799 622
775 625
753 632
729 634
705 631
916 346
927 339
937 332
948 326
959 321
971 317
984 316
996 318
1008 322
1018 328
1029 335
1029 344
1016 343
1004 341
991 339
978 338
965 340
953 342
941 345
929 348
722 359
719 350
709 345
698 343
686 342
674 342
663 344
652 347
642 352
632 358
625 367
620 377
631 375
641 371
652 367
662 362
674 361
686 360
698 360
710 361
910 257
917 236
938 226
959 219
982 216
1006 217
1028 223
1048 234
1066 249
1080 269
1089 289
1091 309
1073 292
1056 276
1037 260
1018 247
996 241
973 243
952 250
932 262
722 277
720 256
698 248
674 246
652 251
630 259
610 272
592 289
577 308
567 329
560 351
556 375
567 355
577 334
590 315
608 298
628 285
650 277
673 273
697 276
