364 502
364 517
365 532
367 548
368 564
371 580
376 595
381 609
388 624
396 636
407 647
421 657
434 665
448 674
461 680
477 684
491 688
507 694
522 697
537 700
552 704
567 705
583 707
600 709
615 708
631 704
644 698
657 687
667 676
675 663
680 647
683 633
686 616
688 601
691 586
693 569
695 554
699 539
700 524
704 509
706 492
572 501
568 511
565 521
570 531
578 537
588 540
599 544
609 545
621 544
632 544
642 542
652 538
660 530
664 521
663 509
661 499
655 490
547 608
552 601
560 598
568 596
577 595
586 594
595 595
604 596
612 597
621 596
630 595
639 597
646 600
654 605
659 612
653 619
646 625
639 629
630 629
621 628
612 628
603 627
595 625
587 623
578 621
570 618
562 616
554 613
551 610
557 608
563 606
569 605
576 603
582 603
589 602
595 602
602 603
608 603
615 604
622 604
628 604
634 606
641 607
636 609
630 610
623 609
617 610
610 610
603 610
597 609
590 608
584 608
577 608
570 608
564 609
558 610
641 421
645 417
649 414
654 412
658 411
663 410
668 409
674 409
679 410
683 412
686 416
683 420
679 424
675 426
670 428
665 428
660 428
655 427
650 426
645 424
563 416
561 414
556 416
550 418
545 420
540 421
534 422
529 423
523 424
517 425
512 426
516 430
522 432
528 432
534 432
539 432
545 430
549 427
554 424
559 420
648 384
651 378
656 372
662 369
669 367
675 365
682 362
689 361
696 363
701 369
703 375
705 382
704 390
696 390
691 386
684 384
676 383
669 384
662 385
655 387
603 382
593 378
581 378
570 379
558 379
547 380
536 382
525 386
516 390
507 398
500 407
512 406
523 405
534 403
545 400
556 399
567 398
578 396
590 395
601 393
