331 256
329 270
333 286
337 300
337 315
339 330
341 346
344 361
347 376
351 390
357 405
365 417
375 430
386 441
396 451
408 462
419 471
434 479
448 485
462 490
477 493
492 495
507 496
523 496
538 494
554 491
568 487
581 481
595 472
607 463
619 454
631 444
641 432
647 418
651 403
656 388
660 373
662 359
665 343
667 328
668 312
479 296
473 303
467 312
468 321
474 331
482 337
492 340
503 342
513 343
522 345
532 349
543 349
552 344
557 336
558 325
556 315
550 306
448 391
455 381
466 377
478 375
490 374
502 376
513 380
524 383
536 386
546 390
557 395
568 399
580 402
589 409
592 421
589 433
580 440
567 439
556 435
545 432
534 428
523 424
512 420
501 417
489 414
478 411
466 407
457 401
459 395
467 395
475 396
483 395
492 396
500 396
508 395
517 395
525 395
533 396
541 398
548 401
555 402
563 403
570 405
563 402
556 400
549 397
541 396
533 395
524 395
516 395
508 394
499 394
491 394
483 393
475 393
466 393
568 226
572 220
578 215
584 210
591 208
598 206
606 206
613 209
619 213
625 219
628 225
628 233
622 237
615 239
607 240
599 240
592 239
585 237
578 234
571 232
472 205
468 201
463 199
459 197
453 197
448 196
442 196
437 197
431 198
426 199
422 201
427 202
432 202
438 203
443 204
448 205
454 206
459 207
464 207
469 208
553 168
564 162
576 158
588 156
601 154
614 153
627 153
640 156
650 163
657 173
662 185
659 195
650 186
639 178
627 175
614 175
600 176
587 177
574 179
561 178
500 178
489 173
477 169
466 165
456 160
444 157
432 154
420 156
409 160
398 166
389 174
401 177
413 178
426 177
439 176
451 177
463 180
474 184
486 187
499 188
