848 836
855 876
862 916
871 953
883 994
896 1032
913 1072
933 1106
955 1140
978 1173
1002 1207
1029 1242
1060 1267
1092 1288
1126 1311
1158 1337
1191 1364
1226 1384
1265 1393
1307 1392
1349 1386
1389 1380
1430 1376
1466 1364
1497 1338
1527 1308
1556 1276
1584 1250
1617 1222
1647 1196
1673 1164
1693 1132
1719 1095
1732 1057
1742 1018
1750 978
1758 939
1766 900
1777 857
1788 817
1800 778
1180 808
1158 832
1136 863
1130 895
1146 930
1174 949
1212 954
1245 957
1282 958
1317 957
1354 950
1388 937
1422 931
1445 903
1444 869
1431 836
1414 801
1092 1088
1114 1073
1138 1064
1163 1058
1190 1053
1218 1053
1245 1056
1273 1056
1301 1055
1329 1056
1356 1058
1384 1060
1411 1062
1439 1064
1439 1085
1415 1095
1391 1104
1367 1115
1343 1124
1319 1133
1293 1139
1266 1142
1239 1141
1213 1136
1187 1130
1160 1125
1136 1118
1114 1103
1109 1087
1131 1082
1156 1081
1179 1078
1203 1076
1227 1076
1252 1077
1276 1076
1299 1074
1323 1071
1347 1069
1371 1068
1395 1066
1419 1065
1442 1069
1423 1075
1399 1077
1375 1078
1350 1077
1326 1077
1302 1077
1277 1078
1253 1078
1228 1078
1204 1079
1181 1081
1158 1085
1133 1086
1437 635
1447 619
1461 606
1476 595
1492 586
1509 579
1527 575
1547 577
1564 583
1579 592
1594 606
1603 622
1586 627
1569 635
1551 638
1531 637
1512 636
1493 632
1474 630
1455 633
1121 637
1120 624
1112 614
1101 607
1088 606
1076 609
1064 613
1053 618
1042 623
1031 629
1021 636
1018 648
1027 657
1039 662
1052 662
1064 659
1077 658
1089 655
1101 651
1112 646
1350 523
1383 511
1422 509
1460 506
1498 509
1535 515
1569 526
1602 541
1633 560
1661 588
1674 617
1642 603
1610 584
1578 567
1543 558
1506 553
1466 554
1427 554
1390 559
1352 561
1141 580
1139 558
1115 549
1090 544
1063 541
1036 540
1009 543
984 549
960 558
938 571
918 591
906 613
931 607
956 601
981 594
1006 588
1032 585
1059 582
1087 582
1114 583
