408 554
409 567
412 582
417 595
424 607
432 619
439 632
447 643
456 655
465 665
474 675
485 686
495 696
504 706
513 718
524 727
536 734
548 742
561 746
574 748
590 745
603 741
616 736
628 730
640 721
649 711
657 699
665 686
672 675
680 663
685 649
690 635
695 622
700 609
703 596
705 582
709 568
713 555
716 540
719 526
720 511
497 506
494 515
490 527
488 538
494 547
506 547
517 547
528 546
540 544
551 542
562 540
573 536
583 530
587 519
584 509
574 502
565 495
486 610
490 596
499 583
512 575
527 571
541 567
556 563
572 564
587 567
601 571
615 576
629 583
631 598
628 613
623 627
617 640
610 654
602 667
590 679
577 686
563 691
547 692
533 687
520 677
510 665
504 651
497 638
491 624
496 615
500 603
510 594
521 588
533 585
546 584
559 582
571 580
584 578
597 577
609 581
620 587
622 600
618 611
612 623
607 634
601 645
593 655
584 664
573 670
561 675
549 678
536 676
525 670
518 659
512 648
507 637
502 626
565 454
568 448
574 443
580 438
586 435
593 433
600 433
608 433
615 434
622 436
628 439
628 445
622 449
616 451
609 453
602 454
594 455
587 455
579 455
572 456
480 463
474 459
468 456
462 454
455 454
449 456
442 458
436 461
431 466
427 471
422 476
429 478
435 480
442 481
449 480
455 479
462 477
468 475
474 472
480 469
549 414
549 400
559 390
570 384
581 380
594 377
607 377
619 381
630 387
642 393
651 402
657 413
646 409
635 403
623 399
610 397
597 398
585 401
573 407
562 413
491 421
488 412
478 408
467 405
456 405
445 405
434 407
425 411
416 418
408 426
403 435
398 445
408 440
417 434
426 429
435 425
446 424
458 423
469 424
481 424
