441 568
441 585
441 603
442 620
441 638
441 656
440 673
440 691
442 708
447 726
452 742
460 759
469 773
482 786
495 797
510 807
526 814
543 820
559 825
577 831
594 835
611 836
630 834
646 829
662 824
680 820
696 815
713 808
728 798
741 786
753 772
763 759
771 743
780 728
787 712
794 695
800 679
805 661
808 644
809 626
810 608
569 560
562 567
557 578
560 590
568 598
578 604
589 608
601 611
612 613
624 613
636 612
648 611
659 609
670 603
675 594
676 582
670 571
506 664
519 655
533 651
548 648
564 646
580 646
595 651
610 652
626 650
640 655
653 661
667 667
680 674
691 686
688 701
675 711
662 719
649 726
635 732
620 734
604 734
588 733
573 729
559 722
547 713
535 701
524 690
513 678
522 666
535 665
547 663
559 662
572 662
585 663
597 666
609 668
621 669
633 671
645 674
656 678
667 682
679 686
680 697
669 701
657 704
645 706
633 707
620 708
607 707
595 705
584 702
572 698
561 694
550 690
540 684
530 676
687 511
693 509
698 506
703 504
709 503
716 502
722 503
728 504
734 505
739 508
744 512
741 517
735 518
729 519
723 519
716 519
710 519
704 518
698 516
693 514
557 492
552 488
547 485
542 483
536 481
530 480
524 480
518 480
512 482
506 484
502 488
507 491
512 495
517 497
523 499
529 499
536 500
542 500
548 499
554 497
672 451
681 440
692 432
706 430
720 433
733 437
745 443
757 450
768 459
778 469
786 481
787 492
776 482
765 472
754 465
742 458
729 453
715 451
700 450
687 453
585 443
584 434
574 428
563 426
552 423
540 422
528 421
517 419
505 421
495 426
487 435
482 445
492 439
502 436
515 436
527 436
539 436
551 436
562 438
574 440
