791 1013
790 1044
789 1080
789 1112
792 1148
792 1181
792 1213
798 1247
805 1282
814 1313
825 1345
839 1378
853 1407
875 1432
896 1461
918 1488
942 1509
970 1527
1003 1538
1036 1543
1072 1545
1104 1549
1139 1550
1173 1545
1203 1536
1235 1525
1267 1508
1297 1494
1321 1472
1341 1446
1364 1418
1385 1390
1404 1365
1421 1334
1433 1301
1443 1269
1450 1238
1458 1204
1465 1169
1468 1137
1472 1102
1056 998
1042 1017
1026 1037
1018 1061
1018 1085
1034 1101
1057 1112
1082 1113
1106 1118
1130 1121
1155 1122
1181 1122
1204 1115
1210 1092
1209 1067
1203 1043
1194 1019
974 1205
993 1200
1012 1193
1030 1187
1050 1183
1071 1184
1089 1193
1110 1194
1130 1196
1148 1204
1165 1216
1182 1226
1199 1236
1210 1253
1194 1266
1177 1277
1159 1285
1141 1293
1123 1300
1103 1303
1081 1303
1061 1301
1041 1296
1023 1289
1006 1278
992 1262
982 1245
975 1227
988 1211
1003 1209
1018 1207
1033 1205
1049 1205
1064 1208
1078 1211
1093 1214
1108 1215
1124 1216
1139 1219
1152 1224
1165 1231
1178 1238
1189 1247
1174 1247
1159 1250
1144 1251
1128 1253
1113 1254
1097 1252
1082 1250
1068 1246
1054 1243
1040 1238
1027 1232
1013 1227
1000 1221
1238 925
1248 919
1260 915
1271 911
1284 910
1297 910
1310 911
1322 913
1333 917
1344 923
1352 933
1343 942
1332 946
1320 948
1307 949
1294 948
1282 945
1270 942
1258 939
1247 934
1042 889
1033 881
1023 875
1013 868
1003 864
992 861
979 860
968 862
957 866
947 871
937 877
947 883
957 890
967 895
977 900
989 902
1001 902
1013 901
1026 900
1038 899
1183 863
1200 841
1224 827
1250 819
1278 815
1307 813
1336 813
1365 816
1390 825
1413 841
1427 865
1421 889
1399 872
1375 858
1349 851
1320 848
1291 847
1263 852
1236 858
1210 867
1096 851
1093 827
1075 807
1054 793
1031 781
1008 769
985 760
961 753
935 749
910 755
889 772
877 795
903 799
928 793
956 793
981 798
1005 806
1028 816
1050 830
1071 844
