477 589
489 608
501 627
513 648
525 668
538 687
552 705
568 722
587 738
607 750
628 760
651 767
672 769
695 770
719 771
742 774
766 775
789 775
811 776
835 777
858 777
883 775
905 772
927 766
945 751
959 731
968 710
975 689
983 667
993 644
1001 622
1008 600
1013 577
1017 554
1018 532
1017 508
1014 485
1008 462
1001 439
994 417
986 395
671 473
665 493
665 514
676 535
694 547
717 548
738 542
760 538
782 535
802 529
822 517
841 505
856 490
858 469
845 450
827 435
809 422
665 650
683 636
702 626
720 614
737 602
756 592
776 585
796 578
817 573
836 565
857 560
878 556
901 555
918 567
912 588
906 608
897 627
884 645
869 662
851 674
832 682
810 685
788 687
765 685
744 681
723 676
703 670
684 661
665 650
682 641
700 636
717 629
734 622
752 616
770 611
788 604
805 596
822 589
839 581
856 575
875 570
893 565
911 562
898 577
883 591
868 606
853 618
837 628
820 637
803 643
784 648
765 651
745 652
725 653
705 654
684 654
780 350
787 342
793 334
799 325
807 319
816 313
825 310
835 308
846 308
856 309
866 312
865 321
856 326
847 329
837 332
828 335
818 338
809 341
800 345
791 348
610 405
601 404
592 404
583 404
575 406
567 409
560 413
553 418
547 425
542 432
537 439
544 436
552 434
560 431
568 429
576 425
583 422
591 419
598 415
606 411
702 242
717 221
738 203
761 194
788 191
815 191
842 193
867 200
889 214
908 233
918 256
900 267
879 252
855 244
827 245
802 251
778 259
754 267
733 281
712 266
630 312
617 289
591 285
564 285
540 294
518 308
497 324
478 344
464 366
454 389
446 413
450 439
474 432
488 410
498 387
516 367
537 350
560 340
586 336
612 332
